********** Fichier qui contient une sauvegarde des coordonnees images + coordonnees images transformees dans le repere BCAM (MOUNT) + coordonnees des prismes dans le repere MOUNT********** 
********************************************************************** Unite en metres (m)************************************************************************************************** 

*******************************************************************coordonnees images dans le repere CCD *********************************************************************************** 
20MABNDL000077_PR002
Spot 1 0.00233466 0.00163348
Spot 2 -1e-06 -1e-06
Spot 1 0.00233445 0.00163349
Spot 2 -1e-06 -1e-06
Spot 1 0.00233445 0.00163342
Spot 2 -1e-06 -1e-06
Spot 1 0.00233449 0.0016335
Spot 2 -1e-06 -1e-06
Spot 1 0.00233434 0.00163351
Spot 2 0.0024 0.00163
Spot 1 0.00233444 0.00163371
Spot 2 0.0024 0.00163
Spot 1 0.00233441 0.00163364
Spot 2 0.0024 0.00163
Spot 1 0.0023345 0.00163361
Spot 2 0.002405 0.001635
20MABNDL000077_PR003
Spot 1 -1e-06 -1e-06
Spot 2 -1e-06 -1e-06
Spot 1 -1e-06 -1e-06
Spot 2 -1e-06 -1e-06
Spot 1 -1e-06 -1e-06
Spot 2 -1e-06 -1e-06
Spot 1 -1e-06 -1e-06
Spot 2 -1e-06 -1e-06
Spot 1 -1e-06 -1e-06
Spot 2 -1e-06 -1e-06
Spot 1 -1e-06 -1e-06
Spot 2 -1e-06 -1e-06
Spot 1 -1e-06 -1e-06
Spot 2 -1e-06 -1e-06
Spot 1 -1e-06 -1e-06
Spot 2 -1e-06 -1e-06
20MABNDL000077_20MABNDM000168
Spot 1 0.00233455 0.00163343
Spot 2 -1e-06 -1e-06
Spot 1 0.00233452 0.00163346
Spot 2 -1e-06 -1e-06
Spot 1 0.00233463 0.00163351
Spot 2 -1e-06 -1e-06
Spot 1 0.00233445 0.00163349
Spot 2 -1e-06 -1e-06
Spot 1 0.00233434 0.00163361
Spot 2 0.0024 0.00163
Spot 1 0.00233451 0.00163364
Spot 2 0.0024 0.00163
Spot 1 0.00233452 0.00163362
Spot 2 0.0024 0.00163
20MABNDM000020_PR013
Spot 1 0.00154914 0.00077229
Spot 2 -1e-06 -1e-06
Spot 1 0.00154899 0.00077208
Spot 2 -1e-06 -1e-06
Spot 1 0.00154897 0.00077233
Spot 2 -1e-06 -1e-06
Spot 1 0.00154892 0.00077207
Spot 2 -1e-06 -1e-06
Spot 1 0.00154891 0.0007723
Spot 2 -1e-06 -1e-06
Spot 1 0.00154882 0.00077205
Spot 2 -1e-06 -1e-06
Spot 1 0.00154908 0.00077244
Spot 2 -1e-06 -1e-06
20MABNDM000020_PR014
Spot 1 -1e-06 -1e-06
Spot 2 -1e-06 -1e-06
Spot 1 -1e-06 -1e-06
Spot 2 -1e-06 -1e-06
Spot 1 -1e-06 -1e-06
Spot 2 -1e-06 -1e-06
Spot 1 -1e-06 -1e-06
Spot 2 -1e-06 -1e-06
Spot 1 -1e-06 -1e-06
Spot 2 -1e-06 -1e-06
Spot 1 -1e-06 -1e-06
Spot 2 -1e-06 -1e-06
Spot 1 -1e-06 -1e-06
Spot 2 -1e-06 -1e-06
20MABNDM000020_20MABNDL000196
Spot 1 0.00154921 0.00077256
Spot 2 -1e-06 -1e-06
Spot 1 0.0015491 0.00077233
Spot 2 -1e-06 -1e-06
Spot 1 0.00154919 0.0007721
Spot 2 -1e-06 -1e-06
Spot 1 0.00154901 0.00077198
Spot 2 -1e-06 -1e-06
Spot 1 0.0015486 0.00077208
Spot 2 -1e-06 -1e-06
Spot 1 0.00154882 0.00077218
Spot 2 -1e-06 -1e-06
Spot 1 0.00154911 0.0007724
Spot 2 -1e-06 -1e-06


****************************************************************coordonnees images transformees dans le repere MOUNT************************************************************************* 
20MABNDL000077_PR002
Spot 1 0.0134062 0.0356941 -0.074632
Spot 2 0.0110549 0.0340822 -0.074632
Spot 1 -0.0131744 0.0356905 -0.006954
Spot 2 -0.0108221 0.03408 -0.006954
Spot 1 0.013406 0.0356941 -0.074632
Spot 2 0.0110549 0.0340822 -0.074632
Spot 1 -0.0131742 0.0356905 -0.006954
Spot 2 -0.0108221 0.03408 -0.006954
Spot 1 0.013406 0.0356941 -0.074632
Spot 2 0.0110549 0.0340822 -0.074632
Spot 1 -0.0131742 0.0356905 -0.006954
Spot 2 -0.0108221 0.03408 -0.006954
Spot 1 0.013406 0.0356941 -0.074632
Spot 2 0.0110549 0.0340822 -0.074632
Spot 1 -0.0131742 0.0356906 -0.006954
Spot 2 -0.0108221 0.03408 -0.006954
Spot 1 0.0134059 0.0356942 -0.074632
Spot 2 0.0134715 0.03569 -0.074632
Spot 1 -0.0131741 0.0356906 -0.006954
Spot 2 -0.0132397 0.0356864 -0.006954
Spot 1 0.013406 0.0356944 -0.074632
Spot 2 0.0134715 0.03569 -0.074632
Spot 1 -0.0131742 0.0356908 -0.006954
Spot 2 -0.0132397 0.0356864 -0.006954
Spot 1 0.0134059 0.0356943 -0.074632
Spot 2 0.0134715 0.03569 -0.074632
Spot 1 -0.0131741 0.0356907 -0.006954
Spot 2 -0.0132397 0.0356864 -0.006954
Spot 1 0.013406 0.0356943 -0.074632
Spot 2 0.0134765 0.035695 -0.074632
Spot 1 -0.0131742 0.0356907 -0.006954
Spot 2 -0.0132447 0.0356913 -0.006954


*****************************************************************coordonnees du prisme dans le repere MOUNT********************************************************************************** 
20MABNDL000077_PR002
0.0354918 0.0551932 3.707
0.0227921 0.0552152 3.66669
-3.57146 0.0897558 -1.03138
-3.58416 0.0897778 -1.07169
3.56492 0.0922443 1.05798
3.55222 0.0922663 1.01766
-0.034118 0.0547958 -3.74713
-0.0468178 0.0548178 -3.78744
0.035497 0.0551929 3.707
0.0227973 0.0552149 3.66669
-3.57146 0.0897552 -1.03138
-3.58416 0.0897772 -1.0717
3.56492 0.0922437 1.05798
3.55222 0.0922657 1.01767
-0.0341233 0.0547955 -3.74713
-0.046823 0.0548175 -3.78744
0.035497 0.0551946 3.707
0.0227973 0.0552166 3.66669
-3.57146 0.0897603 -1.03138
-3.58416 0.0897823 -1.0717
3.56492 0.0922488 1.05798
3.55222 0.0922708 1.01767
-0.0341233 0.0547973 -3.74713
-0.0468231 0.0548193 -3.78744
0.035496 0.0551926 3.707
0.0227963 0.0552146 3.66669
-3.57146 0.0897544 -1.03138
-3.58416 0.0897764 -1.0717
3.56492 0.0922429 1.05798
3.55222 0.0922649 1.01767
-0.0341223 0.0547952 -3.74713
-0.046822 0.0548172 -3.78744
-0.0241909 0.0154784 3.70688
-0.0368906 0.0155004 3.66657
-3.58297 -0.0228243 -0.988604
-3.59567 -0.0228023 -1.02892
3.57816 -0.0207511 1.01238
3.56546 -0.0207291 0.972068
0.0259406 0.0148841 -3.74718
0.0132408 0.0149061 -3.7875
-0.0241934 0.0154735 3.70688
-0.0368931 0.0154955 3.66657
-3.58297 -0.0228377 -0.988602
-3.59567 -0.0228157 -1.02892
3.57816 -0.0207645 1.01238
3.56546 -0.0207425 0.972066
0.0259431 0.0148791 -3.74718
0.0132434 0.0149011 -3.7875
-0.0241926 0.0154752 3.70688
-0.0368924 0.0154972 3.66657
-3.58297 -0.0228332 -0.988603
-3.59567 -0.0228112 -1.02892
3.57816 -0.0207597 1.01238
3.56546 -0.0207377 0.972067
0.0259423 0.0148809 -3.74718
0.0132426 0.0149029 -3.7875
-0.0243195 0.0153537 3.70688
-0.0370193 0.0153757 3.66656
-3.58299 -0.0231649 -0.988514
-3.59569 -0.0231429 -1.02883
3.57819 -0.0210931 1.01229
3.56549 -0.0210711 0.971972
0.02607 0.0147586 -3.74718
0.0133703 0.0147806 -3.7875


*****************************************************************coordonnees du prisme dans le repere ATLAS********************************************************************************** 
20MABNDL000077_PR002 0
2.80184 -3.70901 6.4863
2.80178 -3.72166 6.44597
2.76149 -7.31011 1.74351
2.76142 -7.32276 1.70318
2.76332 -0.17631 3.84166
2.76325 -0.18896 3.80133
2.79491 -3.76943 -0.967911
2.79484 -3.78208 -1.00824
2.80184 -3.70901 6.4863
2.80178 -3.72166 6.44597
2.76149 -7.31011 1.74351
2.76142 -7.32276 1.70318
2.76332 -0.176311 3.84167
2.76325 -0.188961 3.80134
2.79491 -3.76944 -0.967911
2.79484 -3.78209 -1.00824
2.80184 -3.70901 6.4863
2.80178 -3.72166 6.44597
2.76148 -7.31011 1.74351
2.76142 -7.32276 1.70318
2.76331 -0.176311 3.84167
2.76325 -0.188961 3.80134
2.79491 -3.76944 -0.967911
2.79484 -3.78209 -1.00824
2.80184 -3.70901 6.4863
2.80178 -3.72166 6.44597
2.76149 -7.31011 1.74351
2.76142 -7.32276 1.70318
2.76332 -0.176311 3.84167
2.76325 -0.188961 3.80134
2.79491 -3.76943 -0.967911
2.79484 -3.78208 -1.00824
2.84154 -3.76871 6.48606
2.84147 -3.78136 6.44573
2.8741 -7.32171 1.78616
2.87404 -7.33436 1.74583
2.87627 -0.163044 3.79597
2.87621 -0.175694 3.75564
2.83484 -3.70938 -0.967929
2.83477 -3.72203 -1.00826
2.84154 -3.76871 6.48606
2.84148 -3.78136 6.44573
2.87412 -7.32171 1.78616
2.87405 -7.33436 1.74583
2.87628 -0.163044 3.79597
2.87622 -0.175694 3.75564
2.83484 -3.70938 -0.967929
2.83478 -3.72203 -1.00826
2.84154 -3.76871 6.48606
2.84148 -3.78136 6.44573
2.87411 -7.32171 1.78616
2.87405 -7.33436 1.74583
2.87628 -0.163044 3.79597
2.87621 -0.175694 3.75564
2.83484 -3.70938 -0.967929
2.83477 -3.72203 -1.00826
2.84166 -3.76884 6.48606
2.8416 -3.78149 6.44573
2.87444 -7.32173 1.78625
2.87438 -7.33438 1.74592
2.87661 -0.163022 3.79588
2.87655 -0.175672 3.75555
2.83496 -3.70926 -0.967928
2.8349 -3.72191 -1.00826


*****************************************************************Rapport********************************************************************************** 
CAM-LBA-US_EBA-US-HO-H 2014.08.15.13.51.12 2.81854 -3.74729 2.75531 0.0423975 2.52668 2.73381 0 VRAI 
