********** Fichier qui contient une sauvegarde des coordonnees images + coordonnees images transformees dans le repere BCAM (MOUNT) + coordonnees des prismes dans le repere MOUNT********** 
********************************************************************** Unite en metres (m)************************************************************************************************** 

*******************************************************************coordonnees images dans le repere CCD *********************************************************************************** 
20MABNDL000077_PR002
Spot 1 0.00233434 0.00163358
Spot 2 0.00239833 0.00162833
Spot 1 0.00233507 0.00163361
Spot 2 0.00240167 0.00162833
Spot 1 0.00233455 0.00163349
Spot 2 0.002395 0.001625
Spot 1 0.00233455 0.00163336
Spot 2 -1e-06 -1e-06
Spot 1 0.0023345 0.00163337
Spot 2 0.0024 0.00163
Spot 1 0.00233469 0.00163346
Spot 2 0.00239833 0.00162833
Spot 1 0.00233496 0.0016337
Spot 2 0.0024 0.00163
Spot 1 0.00233472 0.00163351
Spot 2 0.00239833 0.00163167
20MABNDL000077_PR003
Spot 1 -1e-06 -1e-06
Spot 2 -1e-06 -1e-06
Spot 1 -1e-06 -1e-06
Spot 2 -1e-06 -1e-06
Spot 1 -1e-06 -1e-06
Spot 2 -1e-06 -1e-06
Spot 1 -1e-06 -1e-06
Spot 2 -1e-06 -1e-06
Spot 1 -1e-06 -1e-06
Spot 2 -1e-06 -1e-06
Spot 1 -1e-06 -1e-06
Spot 2 -1e-06 -1e-06
Spot 1 -1e-06 -1e-06
Spot 2 -1e-06 -1e-06
Spot 1 -1e-06 -1e-06
Spot 2 -1e-06 -1e-06
20MABNDL000077_20MABNDM000168
Spot 1 0.00233448 0.00163365
Spot 2 0.0024 0.00163
Spot 1 0.00233458 0.0016335
Spot 2 0.0024 0.00163
Spot 1 0.00233455 0.00163366
Spot 2 0.0024 0.00163
Spot 1 0.00233465 0.00163353
Spot 2 0.0024 0.001625
Spot 1 0.00233468 0.00163351
Spot 2 0.0024 0.00163
Spot 1 0.00233448 0.00163328
Spot 2 -1e-06 -1e-06
Spot 1 0.00233462 0.0016335
Spot 2 -1e-06 -1e-06
20MABNDM000020_PR013
Spot 1 0.00154895 0.00077255
Spot 2 -1e-06 -1e-06
Spot 1 0.00154895 0.00077251
Spot 2 -1e-06 -1e-06
Spot 1 0.00154889 0.00077249
Spot 2 -1e-06 -1e-06
Spot 1 0.00154889 0.00077262
Spot 2 -1e-06 -1e-06
Spot 1 0.00154881 0.00077262
Spot 2 -1e-06 -1e-06
Spot 1 0.00154889 0.00077262
Spot 2 -1e-06 -1e-06
Spot 1 0.00154909 0.00077277
Spot 2 -1e-06 -1e-06
20MABNDM000020_PR014
Spot 1 -1e-06 -1e-06
Spot 2 -1e-06 -1e-06
Spot 1 -1e-06 -1e-06
Spot 2 -1e-06 -1e-06
Spot 1 -1e-06 -1e-06
Spot 2 -1e-06 -1e-06
Spot 1 -1e-06 -1e-06
Spot 2 -1e-06 -1e-06
Spot 1 -1e-06 -1e-06
Spot 2 -1e-06 -1e-06
Spot 1 -1e-06 -1e-06
Spot 2 -1e-06 -1e-06
Spot 1 -1e-06 -1e-06
Spot 2 -1e-06 -1e-06
20MABNDM000020_20MABNDL000196
Spot 1 0.00154883 0.00077262
Spot 2 -1e-06 -1e-06
Spot 1 0.00154889 0.00077245
Spot 2 -1e-06 -1e-06
Spot 1 0.00154891 0.00077252
Spot 2 -1e-06 -1e-06
Spot 1 0.00154885 0.00077265
Spot 2 -1e-06 -1e-06
Spot 1 0.0015489 0.0007727
Spot 2 -1e-06 -1e-06
Spot 1 0.00154889 0.00077255
Spot 2 -1e-06 -1e-06
Spot 1 0.00154897 0.00077246
Spot 2 -1e-06 -1e-06


****************************************************************coordonnees images transformees dans le repere MOUNT************************************************************************* 
20MABNDL000077_PR002
Spot 1 0.0134059 0.0356942 -0.074632
Spot 2 0.0134698 0.0356884 -0.074632
Spot 1 -0.0131741 0.0356906 -0.006954
Spot 2 -0.013238 0.0356847 -0.006954
Spot 1 0.0134066 0.0356943 -0.074632
Spot 2 0.0134732 0.0356883 -0.074632
Spot 1 -0.0131748 0.0356907 -0.006954
Spot 2 -0.0132413 0.0356847 -0.006954
Spot 1 0.0134061 0.0356941 -0.074632
Spot 2 0.0134665 0.0356851 -0.074632
Spot 1 -0.0131743 0.0356905 -0.006954
Spot 2 -0.0132346 0.0356814 -0.006954
Spot 1 0.0134061 0.035694 -0.074632
Spot 2 0.0110549 0.0340822 -0.074632
Spot 1 -0.0131743 0.0356904 -0.006954
Spot 2 -0.0108221 0.03408 -0.006954
Spot 1 0.013406 0.035694 -0.074632
Spot 2 0.0134715 0.03569 -0.074632
Spot 1 -0.0131742 0.0356904 -0.006954
Spot 2 -0.0132397 0.0356864 -0.006954
Spot 1 0.0134062 0.0356941 -0.074632
Spot 2 0.0134698 0.0356884 -0.074632
Spot 1 -0.0131744 0.0356905 -0.006954
Spot 2 -0.013238 0.0356847 -0.006954
Spot 1 0.0134065 0.0356943 -0.074632
Spot 2 0.0134715 0.03569 -0.074632
Spot 1 -0.0131747 0.0356907 -0.006954
Spot 2 -0.0132397 0.0356864 -0.006954
Spot 1 0.0134063 0.0356942 -0.074632
Spot 2 0.0134698 0.0356917 -0.074632
Spot 1 -0.0131744 0.0356906 -0.006954
Spot 2 -0.013238 0.0356881 -0.006954


*****************************************************************coordonnees du prisme dans le repere MOUNT********************************************************************************** 
20MABNDL000077_PR002
-0.0241493 0.0155175 3.70688
-0.036849 0.0155395 3.66657
-3.58297 -0.0227175 -0.988633
-3.59567 -0.0226955 -1.02895
3.57816 -0.0206438 1.01241
3.56546 -0.0206218 0.972099
0.0258987 0.0149234 -3.74718
0.0131989 0.0149454 -3.7875
-0.0242498 0.0155177 3.70688
-0.0369495 0.0155397 3.66656
-3.58298 -0.0227127 -0.988564
-3.59568 -0.0226907 -1.02888
3.57818 -0.0206389 1.01234
3.56548 -0.0206169 0.972025
0.0259998 0.0149237 -3.74718
0.0133001 0.0149457 -3.7875
-0.0240714 0.0156012 3.70688
-0.0367711 0.0156232 3.66657
-3.58296 -0.0224884 -0.988687
-3.59566 -0.0224664 -1.029
3.57814 -0.020414 1.01247
3.56544 -0.0203919 0.972157
0.0258203 0.0150075 -3.74718
0.0131206 0.0150295 -3.7875
0.0354946 0.0551961 3.707
0.0227948 0.0552181 3.66669
-3.57146 0.0897645 -1.03138
-3.58416 0.0897865 -1.0717
3.56492 0.092253 1.05798
3.55222 0.092275 1.01766
-0.0341208 0.0547987 -3.74713
-0.0468206 0.0548207 -3.78744
-0.0241948 0.0154819 3.70688
-0.0368945 0.0155039 3.66657
-3.58297 -0.0228144 -0.988601
-3.59567 -0.0227924 -1.02892
3.57817 -0.0207412 1.01238
3.56547 -0.0207192 0.972065
0.0259445 0.0148876 -3.74718
0.0132448 0.0149096 -3.7875
-0.0241579 0.0155205 3.70688
-0.0368576 0.0155425 3.66657
-3.58297 -0.0227087 -0.988627
-3.59567 -0.0226867 -1.02894
3.57816 -0.0206347 1.01241
3.56546 -0.0206127 0.972093
0.0259073 0.0149265 -3.74718
0.0132076 0.0149485 -3.7875
-0.0242062 0.0154739 3.70688
-0.036906 0.0154959 3.66657
-3.58298 -0.0228362 -0.988593
-3.59567 -0.0228142 -1.02891
3.57817 -0.020763 1.01237
3.56547 -0.020741 0.972057
0.025956 0.0148795 -3.74718
0.0132563 0.0149015 -3.7875
-0.0241594 0.0154368 3.70688
-0.0368591 0.0154588 3.66657
-3.58297 -0.0229411 -0.988625
-3.59566 -0.0229191 -1.02894
3.57816 -0.0208682 1.01241
3.56546 -0.0208462 0.97209
0.0259089 0.0148422 -3.74718
0.0132092 0.0148642 -3.7875


*****************************************************************coordonnees du prisme dans le repere ATLAS********************************************************************************** 
20MABNDL000077_PR002 0
2.8415 -3.76867 6.48606
2.84143 -3.78132 6.44573
2.874 -7.3217 1.78613
2.87393 -7.33435 1.7458
2.87616 -0.163051 3.79601
2.8761 -0.175701 3.75568
2.8348 -3.70943 -0.96793
2.83473 -3.72208 -1.00826
2.8415 -3.76877 6.48606
2.84143 -3.78142 6.44573
2.87399 -7.32172 1.7862
2.87393 -7.33437 1.74587
2.87616 -0.16303 3.79593
2.87609 -0.17568 3.7556
2.8348 -3.70933 -0.967929
2.83473 -3.72198 -1.00826
2.84142 -3.76859 6.48607
2.84135 -3.78124 6.44573
2.87377 -7.32169 1.78608
2.8737 -7.33434 1.74575
2.87593 -0.163064 3.79606
2.87587 -0.175714 3.75573
2.83471 -3.7095 -0.967931
2.83465 -3.72215 -1.00826
2.80184 -3.70901 6.4863
2.80177 -3.72166 6.44597
2.76148 -7.31011 1.74351
2.76141 -7.32276 1.70318
2.76331 -0.176311 3.84167
2.76324 -0.188961 3.80134
2.7949 -3.76943 -0.967911
2.79484 -3.78208 -1.00824
2.84154 -3.76871 6.48606
2.84147 -3.78136 6.44573
2.87409 -7.32171 1.78616
2.87403 -7.33436 1.74583
2.87626 -0.163043 3.79597
2.8762 -0.175693 3.75564
2.83483 -3.70938 -0.967929
2.83477 -3.72203 -1.00826
2.8415 -3.76867 6.48606
2.84143 -3.78132 6.44573
2.87399 -7.3217 1.78614
2.87392 -7.33435 1.74581
2.87616 -0.163049 3.796
2.87609 -0.175699 3.75567
2.83479 -3.70942 -0.96793
2.83473 -3.72207 -1.00826
2.84154 -3.76872 6.48606
2.84148 -3.78137 6.44573
2.87412 -7.32171 1.78617
2.87405 -7.33436 1.74584
2.87628 -0.163041 3.79596
2.87622 -0.175691 3.75563
2.83484 -3.70937 -0.967929
2.83478 -3.72202 -1.00826
2.84158 -3.76868 6.48606
2.84152 -3.78133 6.44573
2.87422 -7.3217 1.78614
2.87415 -7.33435 1.74581
2.87639 -0.163052 3.796
2.87632 -0.175702 3.75567
2.83488 -3.70942 -0.967929
2.83481 -3.72207 -1.00826


*****************************************************************Rapport********************************************************************************** 
CAM-LBA-US_EBA-US-HO-H 2014.08.15.13.49.24 2.84707 -3.7471 2.75501 0.0313255 2.52997 2.73067 0 VRAI 
