********** Fichier qui contient une sauvegarde des coordonnees images + coordonnees images transformees dans le repere BCAM (MOUNT) + coordonnees des prismes dans le repere MOUNT********** 
********************************************************************** Unite en metres (m)************************************************************************************************** 

*******************************************************************coordonnees images dans le repere CCD *********************************************************************************** 
20MABNDB000135_PR027
Spot 1 0.001855 0.0012472
Spot 2 0.00209332 0.00124927
Spot 1 0.00185472 0.00124731
Spot 2 0.00209329 0.00124924
Spot 1 0.00185489 0.0012474
Spot 2 0.00209327 0.00124935
Spot 1 0.00185482 0.00124727
Spot 2 0.00209344 0.00124934
Spot 1 0.001855 0.00124729
Spot 2 0.00209341 0.0012493
Spot 1 0.00185475 0.00124729
Spot 2 0.0020933 0.00124934
Spot 1 0.00185489 0.0012473
Spot 2 0.00209337 0.00124937
Spot 1 0.00185496 0.00124739
Spot 2 0.0020931 0.00124922
Spot 1 0.00185489 0.00124739
Spot 2 0.00209338 0.00124944
20MABNDB000126_PR028
Spot 1 0.00184809 0.00140801
Spot 2 0.00153235 0.0014069
Spot 1 0.00184811 0.00140807
Spot 2 0.00153245 0.00140678
Spot 1 0.00184815 0.00140802
Spot 2 0.00153234 0.00140684
Spot 1 0.00184809 0.00140799
Spot 2 0.00153235 0.00140686
Spot 1 0.00184803 0.00140814
Spot 2 0.00153243 0.00140687
Spot 1 0.00184808 0.001408
Spot 2 0.00153239 0.00140674
Spot 1 0.00184804 0.00140806
Spot 2 0.00153238 0.00140681
Spot 1 0.00184814 0.00140816
Spot 2 0.00153238 0.00140675
20MABNDA000272_PR038
Spot 1 0.0020333 0.00138645
Spot 2 0.00179071 0.00138432
Spot 1 0.00203331 0.00138637
Spot 2 0.0017908 0.0013847
Spot 1 0.00203347 0.00138657
Spot 2 0.00179101 0.00138441
Spot 1 0.00203327 0.0013866
Spot 2 0.00179095 0.00138445
Spot 1 0.00203333 0.00138628
Spot 2 0.00179085 0.0013845
Spot 1 0.00203351 0.00138653
Spot 2 0.00179102 0.00138445
Spot 1 0.00203327 0.00138628
Spot 2 0.00179096 0.00138455
Spot 1 0.00203337 0.00138637
Spot 2 0.00179104 0.00138444
20MABNDA000003_PR039
Spot 1 0.00211576 0.00112538
Spot 2 0.00180222 0.00112702
Spot 1 0.00211586 0.00112523
Spot 2 0.00180221 0.00112697
Spot 1 0.00211577 0.00112528
Spot 2 0.00180215 0.00112698
Spot 1 0.0021158 0.00112521
Spot 2 0.0018022 0.00112688
Spot 1 0.0021159 0.00112525
Spot 2 0.00180221 0.00112692
Spot 1 0.00211586 0.00112536
Spot 2 0.00180225 0.00112696
Spot 1 0.00211588 0.00112532
Spot 2 0.00180215 0.00112702
Spot 1 0.00211585 0.00112539
Spot 2 0.00180224 0.00112699


****************************************************************coordonnees images transformees dans le repere MOUNT************************************************************************* 
20MABNDB000135_PR027
Spot 1 -0.012546 -0.0128654 -0.074647
Spot 2 -0.0123077 -0.012866 -0.074647
Spot 1 -0.0125463 -0.0128653 -0.074647
Spot 2 -0.0123077 -0.0128661 -0.074647
Spot 1 -0.0125461 -0.0128652 -0.074647
Spot 2 -0.0123077 -0.0128659 -0.074647
Spot 1 -0.0125462 -0.0128654 -0.074647
Spot 2 -0.0123075 -0.012866 -0.074647
Spot 1 -0.012546 -0.0128653 -0.074647
Spot 2 -0.0123076 -0.012866 -0.074647
Spot 1 -0.0125462 -0.0128653 -0.074647
Spot 2 -0.0123077 -0.012866 -0.074647
Spot 1 -0.0125461 -0.0128653 -0.074647
Spot 2 -0.0123076 -0.0128659 -0.074647
Spot 1 -0.012546 -0.0128652 -0.074647
Spot 2 -0.0123079 -0.0128661 -0.074647
Spot 1 -0.0125461 -0.0128652 -0.074647
Spot 2 -0.0123076 -0.0128659 -0.074647
20MABNDB000126_PR028
Spot 1 -0.0123282 -0.0127731 -0.075004
Spot 2 -0.012644 -0.0127759 -0.075004
Spot 1 -0.0123282 -0.012773 -0.075004
Spot 2 -0.0126439 -0.012776 -0.075004
Spot 1 -0.0123282 -0.0127731 -0.075004
Spot 2 -0.012644 -0.0127759 -0.075004
Spot 1 -0.0123282 -0.0127731 -0.075004
Spot 2 -0.012644 -0.0127759 -0.075004
Spot 1 -0.0123283 -0.0127729 -0.075004
Spot 2 -0.0126439 -0.0127759 -0.075004
Spot 1 -0.0123282 -0.0127731 -0.075004
Spot 2 -0.0126439 -0.012776 -0.075004
Spot 1 -0.0123283 -0.012773 -0.075004
Spot 2 -0.0126439 -0.012776 -0.075004
Spot 1 -0.0123282 -0.0127729 -0.075004
Spot 2 -0.0126439 -0.012776 -0.075004
20MABNDA000272_PR038
Spot 1 -0.0128697 0.0127252 -0.074179
Spot 2 -0.0126271 0.0127269 -0.074179
Spot 1 -0.0128697 0.0127253 -0.074179
Spot 2 -0.0126272 0.0127265 -0.074179
Spot 1 -0.0128699 0.0127251 -0.074179
Spot 2 -0.0126274 0.0127268 -0.074179
Spot 1 -0.0128697 0.0127251 -0.074179
Spot 2 -0.0126274 0.0127268 -0.074179
Spot 1 -0.0128698 0.0127254 -0.074179
Spot 2 -0.0126273 0.0127267 -0.074179
Spot 1 -0.0128699 0.0127251 -0.074179
Spot 2 -0.0126274 0.0127268 -0.074179
Spot 1 -0.0128697 0.0127254 -0.074179
Spot 2 -0.0126274 0.0127267 -0.074179
Spot 1 -0.0128698 0.0127253 -0.074179
Spot 2 -0.0126275 0.0127268 -0.074179
20MABNDA000003_PR039
Spot 1 -0.0129148 0.0129272 -0.073734
Spot 2 -0.0126013 0.0129247 -0.073734
Spot 1 -0.0129149 0.0129273 -0.073734
Spot 2 -0.0126013 0.0129248 -0.073734
Spot 1 -0.0129148 0.0129273 -0.073734
Spot 2 -0.0126012 0.0129248 -0.073734
Spot 1 -0.0129149 0.0129273 -0.073734
Spot 2 -0.0126013 0.0129249 -0.073734
Spot 1 -0.012915 0.0129273 -0.073734
Spot 2 -0.0126013 0.0129248 -0.073734
Spot 1 -0.0129149 0.0129272 -0.073734
Spot 2 -0.0126013 0.0129248 -0.073734
Spot 1 -0.0129149 0.0129272 -0.073734
Spot 2 -0.0126012 0.0129247 -0.073734
Spot 1 -0.0129149 0.0129272 -0.073734
Spot 2 -0.0126013 0.0129248 -0.073734


*****************************************************************coordonnees du prisme dans le repere MOUNT********************************************************************************** 
20MABNDB000135_PR027
-0.0201874 -0.0220138 2.74936
-0.0201818 -0.0220153 2.74936
-0.0201846 -0.0220189 2.74936
-0.0201864 -0.0220163 2.74936
-0.0201891 -0.0220159 2.74936
-0.0201825 -0.0220168 2.74936
-0.0201864 -0.0220174 2.74936
-0.0201827 -0.0220164 2.74936
-0.0201866 -0.0220204 2.74936
20MABNDB000126_PR028
-0.0177039 -0.0217735 2.14694
-0.0177056 -0.0217727 2.14694
-0.0177046 -0.0217728 2.14694
-0.0177039 -0.0217727 2.14694
-0.0177042 -0.021775 2.14694
-0.0177043 -0.0217711 2.14694
-0.0177036 -0.021773 2.14694
-0.017705 -0.0217735 2.14694
20MABNDA000272_PR038
-0.00954912 0.0267209 2.74962
-0.00954728 0.0267263 2.74962
-0.00954051 0.0267247 2.74962
-0.00954527 0.026726 2.74962
-0.009546 0.026721 2.74962
-0.0095396 0.0267247 2.74962
-0.0095451 0.0267219 2.74962
-0.00954179 0.0267216 2.74962
20MABNDA000003_PR039
-0.0111614 0.0183771 2.1491
-0.0111601 0.0183743 2.1491
-0.0111622 0.0183751 2.1491
-0.0111611 0.0183727 2.1491
-0.0111595 0.0183738 2.1491
-0.0111595 0.018376 2.1491
-0.0111606 0.0183763 2.1491
-0.0111598 0.0183768 2.1491


*****************************************************************coordonnees du prisme dans le repere ATLAS********************************************************************************** 
20MABNDB000135_PR027
2.60131 -4.19783 -3.81196
2.60132 -4.19783 -3.81195
2.60132 -4.19783 -3.81195
2.60131 -4.19783 -3.81195
2.60131 -4.19783 -3.81195
2.60132 -4.19783 -3.81195
2.60131 -4.19783 -3.81195
2.60132 -4.19783 -3.81195
2.60131 -4.19783 -3.81195
20MABNDB000126_PR028
2.6082 -4.19695 -5.91045
2.6082 -4.19695 -5.91045
2.6082 -4.19695 -5.91045
2.6082 -4.19695 -5.91045
2.6082 -4.19695 -5.91044
2.6082 -4.19695 -5.91045
2.6082 -4.19695 -5.91045
2.6082 -4.19695 -5.91045
20MABNDA000272_PR038
-2.61498 -4.19702 -3.81176
-2.61498 -4.19702 -3.81176
-2.61499 -4.19702 -3.81176
-2.61499 -4.19702 -3.81176
-2.61498 -4.19702 -3.81176
-2.61499 -4.19702 -3.81176
-2.61499 -4.19702 -3.81176
-2.61499 -4.19702 -3.81176
20MABNDA000003_PR039
-2.61056 -4.19693 -5.91439
-2.61056 -4.19693 -5.91439
-2.61056 -4.19693 -5.91439
-2.61056 -4.19693 -5.91439
-2.61056 -4.19693 -5.91439
-2.61056 -4.19693 -5.91439
-2.61056 -4.19693 -5.91439
-2.61056 -4.19693 -5.91439


*****************************************************************Rapport********************************************************************************** 
CAM-EBC-US-IP_EBC-US-IP 2014.08.13.15.34.40 2.60131 -4.19783 -3.81195 2.34351e-06 0 1.79748e-06 VRAI 
CAM-EBC-US-HO_EBC-US-HO 2014.08.13.15.34.40 2.6082 -4.19695 -5.91045 6.6306e-07 1.57699e-07 1.02374e-06 VRAI 
CAM-EBC-USA-IP_EBC-USA-IP 2014.08.13.15.34.40 -2.61499 -4.19702 -3.81176 3.1482e-06 0 2.14225e-06 VRAI 
CAM-EBC-USA-HO_EBC-USA-HO 2014.08.13.15.34.40 -2.61056 -4.19693 -5.91439 9.38182e-07 0 1.48414e-06 VRAI 
