********** Fichier qui contient une sauvegarde des coordonnees images + coordonnees images transformees dans le repere BCAM (MOUNT) + coordonnees des prismes dans le repere MOUNT********** 
********************************************************************** Unite en metres (m)************************************************************************************************** 

*******************************************************************coordonnees images dans le repere CCD *********************************************************************************** 
20MABNDB000069_PR031
Spot 1 0.000215 0.002405
Spot 2 0.000575 0.002055
Spot 1 0.000215 0.002405
Spot 2 0.000575 0.002055
Spot 1 0.000215 0.002405
Spot 2 0.000575 0.002055
Spot 1 0.000215 0.002405
Spot 2 0.000575 0.002055
Spot 1 0.000215 0.002405
Spot 2 0.000575 0.002055
20MABNDB000069_PR033
Spot 1 0.002295 0.002225
Spot 2 0.001015 0.000815
Spot 1 0.002295 0.002225
Spot 2 0.001015 0.000815
Spot 1 0.002295 0.002225
Spot 2 0.001015 0.000815
Spot 1 0.002295 0.002225
Spot 2 0.001015 0.000815
Spot 1 0.002295 0.002225
Spot 2 0.001015 0.000815
20MABNDB000131_PR032
Spot 1 0.00171729 0.00022447
Spot 2 0.001485 0.000315
Spot 1 0.00171735 0.00022441
Spot 2 0.001485 0.000315
Spot 1 0.00171705 0.00022448
Spot 2 0.001485 0.000315
Spot 1 0.00171691 0.00022471
Spot 2 0.001485 0.000315
20MABNDB000131_PR034
Spot 1 0.002045 0.000205
Spot 2 0.001915 0.000125
Spot 1 0.002045 0.000205
Spot 2 0.001915 0.000125
Spot 1 0.002045 0.000205
Spot 2 0.001915 0.000125
Spot 1 0.002045 0.000205
Spot 2 0.001915 0.000125
20MABNDA000208_PR042
Spot 1 0.00043 4.5e-05
Spot 2 0.000945 5.5e-05
Spot 1 0.002295 0.000285
Spot 2 0.002905 0.000295
Spot 1 0.000235 2.5e-05
Spot 2 0.003055 3.5e-05
Spot 1 0.000425 1.5e-05
Spot 2 0.002145 4.5e-05
20MABNDA000208_PR046
Spot 1 0.00227833 6.833e-05
Spot 2 0.001079 4.1e-05
Spot 1 0.002165 0.000155
Spot 2 0.001915 0.000215
Spot 1 0.000575 8.5e-05
Spot 2 0.000435 0.000215
Spot 1 0.001235 5.5e-05
Spot 2 0.001095 6.5e-05
20MABNDA000035_PR044
Spot 1 0.00072828 4.77e-05
Spot 2 0.00198107 2.22e-05
Spot 1 0.00156633 2.681e-05
Spot 2 0.00237593 2.9e-05
Spot 1 0.00272276 3.986e-05
Spot 2 0.003305 1.5e-05
Spot 1 0.00089556 1.5e-05
Spot 2 0.00094664 1.5e-05
20MABNDA000035_PR047
Spot 1 0.00091704 2.973e-05
Spot 2 0.00033695 1.5e-05
Spot 1 0.001035 1.5e-05
Spot 2 0.00181536 2.464e-05
Spot 1 0.0011563 2.537e-05
Spot 2 0.00061418 1.582e-05
Spot 1 0.003165 1.5e-05
Spot 2 0.000355 1.5e-05


****************************************************************coordonnees images transformees dans le repere MOUNT************************************************************************* 
20MABNDB000069_PR031
Spot 1 -0.0136199 -0.0118607 -0.073885
Spot 2 -0.0132747 -0.0122252 -0.073885
Spot 1 -0.0136199 -0.0118607 -0.073885
Spot 2 -0.0132747 -0.0122252 -0.073885
Spot 1 -0.0136199 -0.0118607 -0.073885
Spot 2 -0.0132747 -0.0122252 -0.073885
Spot 1 -0.0136199 -0.0118607 -0.073885
Spot 2 -0.0132747 -0.0122252 -0.073885
Spot 1 -0.0136199 -0.0118607 -0.073885
Spot 2 -0.0132747 -0.0122252 -0.073885
20MABNDB000069_PR033
Spot 1 -0.0115491 -0.0121263 -0.073885
Spot 2 -0.0128862 -0.0134823 -0.073885
Spot 1 -0.0115491 -0.0121263 -0.073885
Spot 2 -0.0128862 -0.0134823 -0.073885
Spot 1 -0.0115491 -0.0121263 -0.073885
Spot 2 -0.0128862 -0.0134823 -0.073885
Spot 1 -0.0115491 -0.0121263 -0.073885
Spot 2 -0.0128862 -0.0134823 -0.073885
Spot 1 -0.0115491 -0.0121263 -0.073885
Spot 2 -0.0128862 -0.0134823 -0.073885
20MABNDB000131_PR032
Spot 1 -0.0124986 -0.0138956 -0.07533
Spot 2 -0.0127313 -0.0138062 -0.07533
Spot 1 -0.0124985 -0.0138957 -0.07533
Spot 2 -0.0127313 -0.0138062 -0.07533
Spot 1 -0.0124988 -0.0138956 -0.07533
Spot 2 -0.0127313 -0.0138062 -0.07533
Spot 1 -0.0124989 -0.0138954 -0.07533
Spot 2 -0.0127313 -0.0138062 -0.07533
20MABNDB000131_PR034
Spot 1 -0.0121707 -0.0139134 -0.07533
Spot 2 -0.0123003 -0.0139941 -0.07533
Spot 1 -0.0121707 -0.0139134 -0.07533
Spot 2 -0.0123003 -0.0139941 -0.07533
Spot 1 -0.0121707 -0.0139134 -0.07533
Spot 2 -0.0123003 -0.0139941 -0.07533
Spot 1 -0.0121707 -0.0139134 -0.07533
Spot 2 -0.0123003 -0.0139941 -0.07533
20MABNDA000208_PR042
Spot 1 -0.0113015 0.0139533 -0.072737
Spot 2 -0.0118165 0.0139429 -0.072737
Spot 1 -0.0131663 0.0137117 -0.072737
Spot 2 -0.0137763 0.0137012 -0.072737
Spot 1 -0.0111065 0.0139735 -0.072737
Spot 2 -0.0139265 0.013961 -0.072737
Spot 1 -0.0112965 0.0139833 -0.072737
Spot 2 -0.0130165 0.0139518 -0.072737
20MABNDA000208_PR046
Spot 1 -0.0131498 0.0139284 -0.072737
Spot 2 -0.0119505 0.0139568 -0.072737
Spot 1 -0.0130364 0.0138418 -0.072737
Spot 2 -0.0127864 0.013782 -0.072737
Spot 1 -0.0114465 0.0139132 -0.072737
Spot 2 -0.0113064 0.0137833 -0.072737
Spot 1 -0.0121065 0.0139426 -0.072737
Spot 2 -0.0119665 0.0139327 -0.072737
20MABNDA000035_PR044
Spot 1 -0.0115543 0.0142094 -0.074832
Spot 2 -0.0128069 0.0142439 -0.074832
Spot 1 -0.0123922 0.0142363 -0.074832
Spot 2 -0.0132018 0.0142399 -0.074832
Spot 1 -0.0135487 0.0142315 -0.074832
Spot 2 -0.0141307 0.0142605 -0.074832
Spot 1 -0.0117214 0.0142433 -0.074832
Spot 2 -0.0117724 0.0142437 -0.074832
20MABNDA000035_PR047
Spot 1 -0.011743 0.0142288 -0.074832
Spot 2 -0.0111628 0.0142394 -0.074832
Spot 1 -0.0118608 0.0142443 -0.074832
Spot 2 -0.0126412 0.0142402 -0.074832
Spot 1 -0.0119822 0.0142348 -0.074832
Spot 2 -0.01144 0.0142405 -0.074832
Spot 1 -0.0139908 0.0142595 -0.074832
Spot 2 -0.0111808 0.0142395 -0.074832


*****************************************************************coordonnees du prisme dans le repere MOUNT********************************************************************************** 
20MABNDB000069_PR031
0.0888291 -0.139422 9.20289
0.0888291 -0.139422 9.20289
0.0888291 -0.139422 9.20289
0.0888291 -0.139422 9.20289
0.0888291 -0.139422 9.20289
20MABNDB000069_PR033
-0.0195217 -0.017679 1.28407
-0.0195217 -0.017679 1.28407
-0.0195217 -0.017679 1.28407
-0.0195217 -0.017679 1.28407
-0.0195217 -0.017679 1.28407
20MABNDB000131_PR032
-0.0123343 0.0907283 11.1475
-0.0123387 0.0907327 11.1475
-0.0123165 0.0907277 11.1475
-0.012306 0.0907107 11.1475
20MABNDB000131_PR034
-0.0298244 0.0235226 3.43337
-0.0298244 0.0235226 3.43337
-0.0298244 0.0235226 3.43337
-0.0298244 0.0235226 3.43337
20MABNDA000208_PR042
-0.154449 -0.0964288 9.20085
0.080286 -0.0667718 9.20178
-0.0369218 -0.0987932 9.20188
-0.081113 -0.0988292 9.20166
20MABNDA000208_PR046
-0.0154787 -0.00207945 1.28222
-0.00930505 0.000153281 1.28224
-0.0355359 -0.000465755 1.28203
-0.0242573 -0.0019954 1.28217
20MABNDA000035_PR044
-0.0878499 -0.154394 11.1479
0.00346477 -0.156091 11.1481
0.15792 -0.15724 11.1468
-0.152093 -0.156883 11.1473
20MABNDA000035_PR047
-0.0690476 -0.038829 3.43424
-0.0326278 -0.0392103 3.43464
-0.057266 -0.0389961 3.43441
-0.0173482 -0.0395397 3.43469


*****************************************************************coordonnees du prisme dans le repere ATLAS********************************************************************************** 
20MABNDB000069_PR031 0
3.67061 3.84856 -7.80096
3.67061 3.84856 -7.80096
3.67061 3.84856 -7.80096
3.67061 3.84856 -7.80096
3.67061 3.84856 -7.80096
20MABNDB000069_PR033 0
3.54078 -4.0704 -7.88799
3.54078 -4.0704 -7.88799
3.54078 -4.0704 -7.88799
3.54078 -4.0704 -7.88799
3.54078 -4.0704 -7.88799
20MABNDB000131_PR032 0
3.69304 3.78851 -12.8199
3.69304 3.78851 -12.8199
3.69302 3.78851 -12.8199
3.69301 3.78851 -12.8199
20MABNDB000131_PR034 0
3.71761 -3.9256 -12.8844
3.71761 -3.9256 -12.8844
3.71761 -3.9256 -12.8844
3.71761 -3.9256 -12.8844
20MABNDA000208_PR042 0
-3.33046 3.84683 -8.00193
-3.56519 3.84951 -7.97234
-3.44798 3.84875 -8.00433
-3.40379 3.84819 -8.00435
20MABNDA000208_PR046 0
-3.52884 -4.07056 -7.90962
-3.53501 -4.07049 -7.90739
-3.50878 -4.07089 -7.908
-3.52006 -4.07067 -7.90954
20MABNDA000035_PR044 0
-3.77701 3.78745 -12.7512
-3.6857 3.78765 -12.7496
-3.53124 3.78631 -12.7484
-3.84125 3.78681 -12.7487
20MABNDA000035_PR047 0
-3.75977 -3.92623 -12.8675
-3.72335 -3.92584 -12.8672
-3.74799 -3.92606 -12.8674
-3.70807 -3.92579 -12.8668


*****************************************************************Rapport********************************************************************************** 
CAM-ECTC-US-IP_ECTC-US-IP-T 2014.08.15.15.45.09 3.67061 3.84856 -7.80096 0 0 0 0 VRAI 
CAM-ECTC-US-IP_ECTC-US-IP 2014.08.15.15.45.09 3.54078 -4.0704 -7.88799 0 0 0 0 VRAI 
CAM-ECTC-US-HO_ECTC-US-HO-T 2014.08.15.15.45.09 3.69303 3.78851 -12.8199 1.32564e-05 0 8.35146e-06 0 VRAI 
CAM-ECTC-US-HO_ECTC-US-HO 2014.08.15.15.45.09 3.71761 -3.9256 -12.8844 0 0 0 0 VRAI 
CAM-ECTC-USA-IP_ECTC-USA-IP-T 2014.08.15.15.45.09 -3.43686 3.84832 -7.99574 0.0851575 0.000979052 0.0135415 0 VRAI 
CAM-ECTC-USA-IP_ECTC-USA-IP 2014.08.15.15.45.09 -3.52317 -4.07066 -7.90864 0.00986172 0.000152576 0.000965872 0 VRAI 
CAM-ECTC-USA-HO_ECTC-USA-HO-T 2014.08.15.15.45.09 -3.7088 3.78706 -12.7495 0.116467 0.000532059 0.00108831 0 VRAI 
CAM-ECTC-USA-HO_ECTC-USA-HO 2014.08.15.15.45.09 -3.73479 -3.92598 -12.8672 0.020267 0.000176482 0.000262162 0 VRAI 
