********** Fichier qui contient une sauvegarde des coordonnees images + coordonnees images transformees dans le repere BCAM (MOUNT) + coordonnees des prismes dans le repere MOUNT********** 
********************************************************************** Unite en metres (m)************************************************************************************************** 

*******************************************************************coordonnees images dans le repere CCD *********************************************************************************** 
20MABNDB000135_PR027
Spot 1 0.001855 0.00124733
Spot 2 0.00209332 0.0012493
Spot 1 0.001855 0.00124736
Spot 2 0.00209338 0.00124929
Spot 1 0.00185493 0.00124732
Spot 2 0.00209321 0.00124934
Spot 1 0.00185482 0.00124719
Spot 2 0.00209324 0.00124931
Spot 1 0.00185496 0.00124721
Spot 2 0.00209329 0.00124924
Spot 1 0.00185489 0.00124729
Spot 2 0.00209339 0.00124941
Spot 1 0.00185496 0.00124726
Spot 2 0.00209325 0.00124939
Spot 1 0.00185472 0.00124731
Spot 2 0.00209325 0.00124917
Spot 1 0.001855 0.00124734
Spot 2 0.00209329 0.00124912
20MABNDB000126_PR028
Spot 1 0.00184863 0.00140773
Spot 2 0.00153296 0.00140659
Spot 1 0.00184871 0.00140782
Spot 2 0.00153319 0.00140667
Spot 1 0.00184879 0.00140789
Spot 2 0.00153307 0.00140672
Spot 1 0.00184875 0.00140793
Spot 2 0.00153317 0.00140658
Spot 1 0.00184874 0.00140792
Spot 2 0.00153306 0.00140671
Spot 1 0.00184873 0.00140786
Spot 2 0.00153298 0.00140656
Spot 1 0.00184881 0.00140792
Spot 2 0.00153317 0.00140663
Spot 1 0.00184869 0.00140778
Spot 2 0.00153313 0.0014067
20MABNDA000272_PR038
Spot 1 0.0020334 0.0013865
Spot 2 0.00179107 0.00138462
Spot 1 0.00203345 0.00138655
Spot 2 0.00179102 0.00138461
Spot 1 0.00203335 0.00138642
Spot 2 0.00179101 0.00138447
Spot 1 0.00203356 0.00138637
Spot 2 0.00179096 0.00138452
Spot 1 0.00203364 0.00138659
Spot 2 0.00179126 0.00138461
Spot 1 0.00203339 0.00138655
Spot 2 0.0017909 0.00138464
Spot 1 0.00203325 0.0013864
Spot 2 0.00179096 0.00138438
Spot 1 0.00203347 0.00138656
Spot 2 0.00179098 0.00138447
20MABNDA000003_PR039
Spot 1 0.00211582 0.00112538
Spot 2 0.00180227 0.00112705
Spot 1 0.00211589 0.00112543
Spot 2 0.0018022 0.00112707
Spot 1 0.00211587 0.00112525
Spot 2 0.00180225 0.00112702
Spot 1 0.00211591 0.00112537
Spot 2 0.0018023 0.00112703
Spot 1 0.00211583 0.00112536
Spot 2 0.00180218 0.00112706
Spot 1 0.00211585 0.00112539
Spot 2 0.00180226 0.00112709
Spot 1 0.00211583 0.00112536
Spot 2 0.00180223 0.00112695
Spot 1 0.00211583 0.00112539
Spot 2 0.00180229 0.00112713


****************************************************************coordonnees images transformees dans le repere MOUNT************************************************************************* 
20MABNDB000135_PR027
Spot 1 -0.012546 -0.0128653 -0.074647
Spot 2 -0.0123077 -0.012866 -0.074647
Spot 1 -0.012546 -0.0128653 -0.074647
Spot 2 -0.0123076 -0.012866 -0.074647
Spot 1 -0.0125461 -0.0128653 -0.074647
Spot 2 -0.0123078 -0.012866 -0.074647
Spot 1 -0.0125462 -0.0128654 -0.074647
Spot 2 -0.0123077 -0.012866 -0.074647
Spot 1 -0.012546 -0.0128654 -0.074647
Spot 2 -0.0123077 -0.0128661 -0.074647
Spot 1 -0.0125461 -0.0128653 -0.074647
Spot 2 -0.0123076 -0.0128659 -0.074647
Spot 1 -0.012546 -0.0128654 -0.074647
Spot 2 -0.0123077 -0.0128659 -0.074647
Spot 1 -0.0125463 -0.0128653 -0.074647
Spot 2 -0.0123077 -0.0128661 -0.074647
Spot 1 -0.012546 -0.0128653 -0.074647
Spot 2 -0.0123077 -0.0128662 -0.074647
20MABNDB000126_PR028
Spot 1 -0.0123277 -0.0127733 -0.075004
Spot 2 -0.0126434 -0.0127762 -0.075004
Spot 1 -0.0123276 -0.0127733 -0.075004
Spot 2 -0.0126431 -0.0127761 -0.075004
Spot 1 -0.0123275 -0.0127732 -0.075004
Spot 2 -0.0126432 -0.012776 -0.075004
Spot 1 -0.0123276 -0.0127731 -0.075004
Spot 2 -0.0126431 -0.0127762 -0.075004
Spot 1 -0.0123276 -0.0127732 -0.075004
Spot 2 -0.0126433 -0.012776 -0.075004
Spot 1 -0.0123276 -0.0127732 -0.075004
Spot 2 -0.0126433 -0.0127762 -0.075004
Spot 1 -0.0123275 -0.0127732 -0.075004
Spot 2 -0.0126431 -0.0127761 -0.075004
Spot 1 -0.0123276 -0.0127733 -0.075004
Spot 2 -0.0126432 -0.0127761 -0.075004
20MABNDA000272_PR038
Spot 1 -0.0128698 0.0127252 -0.074179
Spot 2 -0.0126275 0.0127266 -0.074179
Spot 1 -0.0128699 0.0127251 -0.074179
Spot 2 -0.0126274 0.0127266 -0.074179
Spot 1 -0.0128698 0.0127252 -0.074179
Spot 2 -0.0126274 0.0127268 -0.074179
Spot 1 -0.01287 0.0127253 -0.074179
Spot 2 -0.0126274 0.0127267 -0.074179
Spot 1 -0.0128701 0.0127251 -0.074179
Spot 2 -0.0126277 0.0127266 -0.074179
Spot 1 -0.0128698 0.0127251 -0.074179
Spot 2 -0.0126273 0.0127266 -0.074179
Spot 1 -0.0128697 0.0127253 -0.074179
Spot 2 -0.0126274 0.0127269 -0.074179
Spot 1 -0.0128699 0.0127251 -0.074179
Spot 2 -0.0126274 0.0127268 -0.074179
20MABNDA000003_PR039
Spot 1 -0.0129149 0.0129272 -0.073734
Spot 2 -0.0126013 0.0129247 -0.073734
Spot 1 -0.0129149 0.0129271 -0.073734
Spot 2 -0.0126013 0.0129247 -0.073734
Spot 1 -0.0129149 0.0129273 -0.073734
Spot 2 -0.0126013 0.0129247 -0.073734
Spot 1 -0.012915 0.0129272 -0.073734
Spot 2 -0.0126014 0.0129247 -0.073734
Spot 1 -0.0129149 0.0129272 -0.073734
Spot 2 -0.0126012 0.0129247 -0.073734
Spot 1 -0.0129149 0.0129272 -0.073734
Spot 2 -0.0126013 0.0129247 -0.073734
Spot 1 -0.0129149 0.0129272 -0.073734
Spot 2 -0.0126013 0.0129248 -0.073734
Spot 1 -0.0129149 0.0129272 -0.073734
Spot 2 -0.0126013 0.0129246 -0.073734


*****************************************************************coordonnees du prisme dans le repere MOUNT********************************************************************************** 
20MABNDB000135_PR027
-0.0201875 -0.0220167 2.74936
-0.0201886 -0.022017 2.74936
-0.0201842 -0.0220173 2.74936
-0.0201827 -0.0220144 2.74936
-0.0201862 -0.0220134 2.74936
-0.0201868 -0.022018 2.74936
-0.0201855 -0.0220171 2.74936
-0.020181 -0.022014 2.74936
-0.0201869 -0.0220136 2.74936
20MABNDB000126_PR028
-0.0177203 -0.0217652 2.14694
-0.0177247 -0.0217677 2.14694
-0.0177241 -0.0217694 2.14694
-0.017725 -0.0217679 2.14694
-0.0177233 -0.0217697 2.14694
-0.017722 -0.0217666 2.14694
-0.0177259 -0.0217685 2.14694
-0.0177236 -0.0217675 2.14694
20MABNDA000272_PR038
-0.00954069 0.0267273 2.74962
-0.00954068 0.026728 2.74962
-0.00954271 0.026723 2.74962
-0.00953977 0.026723 2.74962
-0.00953281 0.0267287 2.74962
-0.00954397 0.0267285 2.74962
-0.00954545 0.026721 2.74962
-0.00954105 0.0267256 2.74962
20MABNDA000003_PR039
-0.0111598 0.0183775 2.1491
-0.0111598 0.0183786 2.1491
-0.0111594 0.0183753 2.1491
-0.0111581 0.0183771 2.1491
-0.0111609 0.0183774 2.1491
-0.0111595 0.0183783 2.1491
-0.0111602 0.0183758 2.1491
-0.0111594 0.0183788 2.1491


*****************************************************************coordonnees du prisme dans le repere ATLAS********************************************************************************** 
20MABNDB000135_PR027
2.60131 -4.19783 -3.81195
2.60131 -4.19783 -3.81195
2.60132 -4.19783 -3.81195
2.60132 -4.19783 -3.81195
2.60131 -4.19783 -3.81196
2.60131 -4.19783 -3.81195
2.60131 -4.19783 -3.81195
2.60132 -4.19783 -3.81196
2.60131 -4.19783 -3.81196
20MABNDB000126_PR028
2.60819 -4.19695 -5.91045
2.60818 -4.19695 -5.91045
2.60818 -4.19695 -5.91045
2.60818 -4.19695 -5.91045
2.60819 -4.19695 -5.91045
2.60819 -4.19695 -5.91045
2.60818 -4.19695 -5.91045
2.60818 -4.19695 -5.91045
20MABNDA000272_PR038
-2.61499 -4.19702 -3.81176
-2.61499 -4.19702 -3.81176
-2.61499 -4.19702 -3.81176
-2.61499 -4.19702 -3.81176
-2.615 -4.19702 -3.81176
-2.61499 -4.19702 -3.81176
-2.61499 -4.19702 -3.81176
-2.61499 -4.19702 -3.81176
20MABNDA000003_PR039
-2.61056 -4.19693 -5.91439
-2.61056 -4.19693 -5.91439
-2.61056 -4.19693 -5.91439
-2.61057 -4.19693 -5.91439
-2.61056 -4.19693 -5.91439
-2.61056 -4.19693 -5.91439
-2.61056 -4.19693 -5.91439
-2.61056 -4.19693 -5.91439


*****************************************************************Rapport********************************************************************************** 
CAM-EBC-US-IP_EBC-US-IP 2014.08.13.14.58.25 2.60131 -4.19783 -3.81195 2.29357e-06 0 1.68212e-06 VRAI 
CAM-EBC-US-HO_EBC-US-HO 2014.08.13.14.58.25 2.60818 -4.19695 -5.91045 1.6806e-06 0 1.42554e-06 VRAI 
CAM-EBC-USA-IP_EBC-USA-IP 2014.08.13.14.58.25 -2.61499 -4.19702 -3.81176 3.54522e-06 0 2.72622e-06 VRAI 
CAM-EBC-USA-HO_EBC-USA-HO 2014.08.13.14.58.25 -2.61056 -4.19693 -5.91439 7.67374e-07 0 1.23886e-06 VRAI 
