********** Fichier qui contient une sauvegarde des coordonnees images + coordonnees images transformees dans le repere BCAM (MOUNT) + coordonnees des prismes dans le repere MOUNT********** 
********************************************************************** Unite en metres (m)************************************************************************************************** 

*******************************************************************coordonnees images dans le repere CCD *********************************************************************************** 
20MABNDL000077_PR002
Spot 1 0.00107235 7.321e-05
Spot 2 0.00179578 7.81e-05
Spot 1 0.00107976 7.184e-05
Spot 2 0.00179632 7.74e-05
Spot 1 0.00147672 0.00014841
Spot 2 0.0010805 7.159e-05
Spot 1 0.00171732 7.702e-05
Spot 2 0.00108228 7.102e-05
Spot 1 0.00108194 7.147e-05
Spot 2 0.00208697 9.168e-05
20MABNDL000077_PR003
Spot 1 0.00141259 0.00011727
Spot 2 0.00200857 9.884e-05
Spot 1 0.00141037 0.0001436
Spot 2 0.00159446 5.48e-05
Spot 1 0.00208524 9.189e-05
Spot 2 0.00185926 8.317e-05
Spot 1 0.00141083 0.00014352
Spot 2 0.00201098 8.592e-05
Spot 1 0.00179701 7.802e-05
Spot 2 0.0014138 0.0001159
20MABNDL000077_PR024
Spot 1 0.00234748 0.00182813
Spot 2 0.002235 0.00165
Spot 1 0.00234761 0.00182793
Spot 2 0.00226167 0.00170833
Spot 1 0.00234731 0.00182751
Spot 2 0.00226 0.0017075
Spot 1 0.0023474 0.00182702
Spot 2 0.002235 0.00165
20MABNDL000077_20MABNDM000168
Spot 1 0.00186844 0.00154452
Spot 2 0.00194634 0.00123563
Spot 1 0.00186847 0.00154447
Spot 2 0.00194644 0.00123572
Spot 1 0.00186851 0.0015442
Spot 2 0.00194612 0.00123572
Spot 1 0.0018685 0.00154397
Spot 2 0.00194592 0.00123592
20MABNDM000020_PR013
Spot 1 0.00233538 0.00017277
Spot 2 0.00259995 3.335e-05
Spot 1 0.00232609 0.00017376
Spot 2 0.00259728 3.326e-05
Spot 1 0.00233886 0.00017084
Spot 2 0.00259683 3.435e-05
Spot 1 0.00240484 0.00011684
Spot 2 0.00275341 6.571e-05
20MABNDM000020_PR014
Spot 1 0.00185623 8.114e-05
Spot 2 0.000345 9.649e-05
Spot 1 0.0018625 8.096e-05
Spot 2 0.00284214 3.119e-05
Spot 1 0.00214571 3.833e-05
Spot 2 0.00302987 4.321e-05
Spot 1 0.0022382 3.86e-05
Spot 2 0.00263565 3.5e-05
20MABNDM000020_PR035
Spot 1 0.001125 1.5e-05
Spot 2 0.003155 0.000295
Spot 1 0.001125 1.5e-05
Spot 2 0.003155 0.000295
Spot 1 0.001125 1.5e-05
Spot 2 0.003155 0.000295
Spot 1 0.001125 1.5e-05
Spot 2 0.003155 0.000295
20MABNDM000020_20MABNDL000196
Spot 1 0.00200515 0.00107059
Spot 2 0.00073886 0.00178068
Spot 1 0.00200511 0.00107079
Spot 2 0.00073875 0.00178091
Spot 1 0.00200505 0.00107145
Spot 2 0.000739 0.00178089
Spot 1 0.00200511 0.00107062
Spot 2 0.00073884 0.00178035


****************************************************************coordonnees images transformees dans le repere MOUNT************************************************************************* 
20MABNDL000077_PR002
Spot 1 0.0121289 0.0341461 -0.074632
Spot 2 0.0128524 0.034144 -0.074632
Spot 1 0.0121363 0.0341446 -0.074632
Spot 2 0.0128529 0.0341433 -0.074632
Spot 1 0.012534 0.0342174 -0.074632
Spot 2 0.0121371 0.0341444 -0.074632
Spot 1 0.0127739 0.0341437 -0.074632
Spot 2 0.0121388 0.0341438 -0.074632
Spot 1 0.0121385 0.0341442 -0.074632
Spot 2 0.0131437 0.0341548 -0.074632
20MABNDL000077_PR003
Spot 1 0.0124696 0.0341869 -0.074632
Spot 2 0.0130654 0.0341627 -0.074632
Spot 1 0.0124676 0.0342132 -0.074632
Spot 2 0.0126508 0.0341226 -0.074632
Spot 1 0.013142 0.034155 -0.074632
Spot 2 0.0129159 0.0341485 -0.074632
Spot 1 0.0124681 0.0342131 -0.074632
Spot 2 0.0130676 0.0341498 -0.074632
Spot 1 0.0128536 0.0341439 -0.074632
Spot 2 0.0124708 0.0341855 -0.074632
20MABNDL000077_PR024
Spot 1 -0.0131892 0.035885 -0.006954
Spot 2 -0.0130749 0.0357081 -0.006954
Spot 1 -0.0131893 0.0358848 -0.006954
Spot 2 -0.0131022 0.0357661 -0.006954
Spot 1 -0.013189 0.0358844 -0.006954
Spot 2 -0.0131005 0.0357653 -0.006954
Spot 1 -0.0131891 0.0358839 -0.006954
Spot 2 -0.0130749 0.0357081 -0.006954
20MABNDL000077_20MABNDM000168
Spot 1 -0.0127073 0.0356063 -0.006954
Spot 2 -0.012782 0.0352967 -0.006954
Spot 1 -0.0127073 0.0356063 -0.006954
Spot 2 -0.0127821 0.0352968 -0.006954
Spot 1 -0.0127073 0.035606 -0.006954
Spot 2 -0.0127818 0.0352968 -0.006954
Spot 1 -0.0127073 0.0356058 -0.006954
Spot 2 -0.0127816 0.035297 -0.006954
20MABNDM000020_PR013
Spot 1 -0.0120537 -0.0341161 -0.005235
Spot 2 -0.0117923 -0.0339709 -0.005235
Spot 1 -0.0120629 -0.0341173 -0.005235
Spot 2 -0.0117949 -0.0339709 -0.005235
Spot 1 -0.0120502 -0.0341141 -0.005235
Spot 2 -0.0117954 -0.033972 -0.005235
Spot 1 -0.0119855 -0.0340587 -0.005235
Spot 2 -0.0116381 -0.0339998 -0.005235
20MABNDM000020_PR014
Spot 1 -0.0125347 -0.0340351 -0.005235
Spot 2 -0.0140453 -0.0340839 -0.005235
Spot 1 -0.0125285 -0.0340348 -0.005235
Spot 2 -0.0115502 -0.0339634 -0.005235
Spot 1 -0.0122463 -0.0339859 -0.005235
Spot 2 -0.0113622 -0.0339712 -0.005235
Spot 1 -0.0121538 -0.0339841 -0.005235
Spot 2 -0.0117565 -0.0339717 -0.005235
20MABNDM000020_PR035
Spot 1 0.0135611 -0.0339834 -0.075838
Spot 2 0.0115312 -0.0342637 -0.075838
Spot 1 0.0135611 -0.0339834 -0.075838
Spot 2 0.0115312 -0.0342637 -0.075838
Spot 1 0.0135611 -0.0339834 -0.075838
Spot 2 0.0115312 -0.0342637 -0.075838
Spot 1 0.0135611 -0.0339834 -0.075838
Spot 2 0.0115312 -0.0342637 -0.075838
20MABNDM000020_20MABNDL000196
Spot 1 0.0126811 -0.0350392 -0.075838
Spot 2 0.0139475 -0.0357491 -0.075838
Spot 1 0.0126812 -0.0350394 -0.075838
Spot 2 0.0139476 -0.0357493 -0.075838
Spot 1 0.0126812 -0.03504 -0.075838
Spot 2 0.0139474 -0.0357493 -0.075838
Spot 1 0.0126812 -0.0350392 -0.075838
Spot 2 0.0139475 -0.0357487 -0.075838


*****************************************************************coordonnees du prisme dans le repere MOUNT********************************************************************************** 
20MABNDL000077_PR002
0.0226427 0.0919012 3.70669
0.0224469 0.0919542 3.70669
0.0303048 0.0901307 3.70668
0.0243355 0.0919655 3.70668
0.0152113 0.0916805 3.7067
20MABNDL000077_PR003
0.00877801 0.0932053 3.89563
0.0195893 0.093561 3.89562
-0.00479557 0.0944008 3.89558
0.00875781 0.0928596 3.89564
0.014244 0.0937287 3.89563
20MABNDL000077_PR024
0.022162 -0.0055506 -5.89647
0.0232297 -0.00780579 -5.89645
0.0231524 -0.00775772 -5.89645
0.0221584 -0.00550733 -5.89647
20MABNDL000077_20MABNDM000168
-0.00838458 0.0224324 -5.46874
-0.00837984 0.0224309 -5.46874
-0.00839006 0.0224406 -5.46874
-0.00839763 0.0224417 -5.46874
20MABNDM000020_PR013
-0.0476078 -0.0899299 -3.80193
-0.0473117 -0.0899011 -3.80193
-0.0476162 -0.0899531 -3.80193
-0.0531232 -0.0906359 -3.80187
20MABNDM000020_PR014
0.0218935 -0.0918396 -3.99096
-0.0433159 -0.0949891 -3.99095
-0.0555708 -0.0960564 -3.99082
-0.047703 -0.0960906 -3.99089
20MABNDM000020_PR035
0.0278422 -0.11139 5.80078
0.0278422 -0.11139 5.80078
0.0278422 -0.11139 5.80078
0.0278422 -0.11139 5.80078
20MABNDM000020_20MABNDL000196
-0.0282578 -0.0150673 5.39463
-0.0282632 -0.015052 5.39463
-0.0282564 -0.015029 5.39463
-0.02826 -0.0150781 5.39463


*****************************************************************coordonnees du prisme dans le repere ATLAS********************************************************************************** 
20MABNDL000077_PR002 0
2.76513 -3.72185 6.486
2.76508 -3.72204 6.486
2.7669 -3.71419 6.48601
2.76507 -3.72016 6.486
2.76535 -3.72928 6.48601
20MABNDL000077_PR003 0
2.76401 -3.73595 6.67493
2.76366 -3.72513 6.67494
2.76281 -3.74952 6.67486
2.76435 -3.73597 6.67494
2.76349 -3.73048 6.67493
20MABNDL000077_PR024 0
2.85316 -3.71052 -3.11724
2.85542 -3.70945 -3.11722
2.85537 -3.70953 -3.11722
2.85312 -3.71052 -3.11724
20MABNDL000077_20MABNDM000168 0
2.82559 -3.74158 -2.68952
2.82559 -3.74158 -2.68952
2.82558 -3.74159 -2.68952
2.82558 -3.7416 -2.68952
20MABNDM000020_PR013 0
-2.76236 -3.6919 6.48579
-2.76239 -3.69219 6.4858
-2.76234 -3.69189 6.48579
-2.76165 -3.68638 6.48573
20MABNDM000020_PR014 0
-2.76044 -3.76154 6.67477
-2.75727 -3.69633 6.6748
-2.75619 -3.68408 6.67468
-2.75616 -3.69195 6.67475
20MABNDM000020_PR035 0
-2.74286 -3.76005 -3.11698
-2.74286 -3.76005 -3.11698
-2.74286 -3.76005 -3.11698
-2.74286 -3.76005 -3.11698
20MABNDM000020_20MABNDL000196 0
-2.83908 -3.70423 -2.71077
-2.8391 -3.70423 -2.71077
-2.83912 -3.70423 -2.71077
-2.83907 -3.70423 -2.71077


*****************************************************************Rapport********************************************************************************** 
CAM-LBA-US_EBA-US-HO-H 2014.08.19.14.55.59 2.76551 -3.7215 6.486 0.000706435 0.00482151 3.71076e-06 0 VRAI 
CAM-LBA-US_JDA-US-H 2014.08.19.14.55.59 2.76366 -3.73541 6.67492 0.000521119 0.00811853 2.92882e-05 0 VRAI 
CAM-LBA-US_EBC-US-IP-H 2014.08.19.14.55.59 2.85427 -3.71001 -3.11723 0.00112682 0.000515888 1.08546e-05 0 VRAI 
CAM-LBA-US_CAM-LBC-US 2014.08.19.14.55.59 2.82559 -3.74159 -2.68952 4.75457e-06 6.65119e-06 0 0 VRAI 
CAM-LBA-USA_EBA-USA-HO-H 2014.08.19.14.55.59 -2.76219 -3.69059 6.48578 0.000307862 0.00243274 2.7216e-05 0 VRAI 
CAM-LBA-USA_JDA-USA-H 2014.08.19.14.55.59 -2.75751 -3.70848 6.67475 0.00174357 0.030951 4.44278e-05 0 VRAI 
CAM-LBA-USA_EBC-USA-IP-H 2014.08.19.14.55.59 -2.74286 -3.76005 -3.11698 0 0 0 0 VRAI 
CAM-LBA-USA_CAM-LBC-USA 2014.08.19.14.55.59 -2.83909 -3.70423 -2.71077 1.84455e-05 2.60357e-06 0 0 VRAI 
