********** Fichier qui contient une sauvegarde des coordonnees images + coordonnees images transformees dans le repere BCAM (MOUNT) + coordonnees des prismes dans le repere MOUNT********** 
********************************************************************** Unite en metres (m)************************************************************************************************** 

*******************************************************************coordonnees images dans le repere CCD *********************************************************************************** 
20MABNDM000168_PR025
Spot 1 0.00284167 0.00136759
Spot 2 0.00266761 0.00137111
Spot 1 0.00284175 0.00136755
Spot 2 0.00266766 0.00137081
Spot 1 0.00284155 0.00136767
Spot 2 0.00266739 0.00137102
Spot 1 0.00284187 0.00136781
Spot 2 0.00266763 0.00137106
Spot 1 0.00284168 0.00136768
Spot 2 0.00266767 0.00137107
20MABNDM000168_PR026
Spot 1 0.00217914 0.0012181
Spot 2 0.002265 0.001225
Spot 1 0.002179 0.00121833
Spot 2 -1e-06 -1e-06
Spot 1 0.00217845 0.00121879
Spot 2 -1e-06 -1e-06
Spot 1 0.00217867 0.00121833
Spot 2 -1e-06 -1e-06
Spot 1 0.00217914 0.00121879
Spot 2 -1e-06 -1e-06
20MABNDM000168_PR001
Spot 1 0.002745 1.5e-05
Spot 2 0.000405 5.5e-05
Spot 1 0.000675 8.5e-05
Spot 2 0.00236 4.5e-05
Spot 1 0.001995 5.5e-05
Spot 2 0.002355 7.5e-05
Spot 1 0.00072167 8.5e-05
Spot 2 0.00093833 0.000155
20MABNDM000168_20MABNDL000077
Spot 1 0.0015814 0.00141683
Spot 2 0.00141893 0.00124196
Spot 1 0.00158143 0.00141701
Spot 2 0.00138928 0.00143458
Spot 1 0.00158151 0.00141677
Spot 2 0.00138067 0.00109948
Spot 1 0.0015816 0.00141676
Spot 2 0.00138096 0.0010994
20MABNDL000196_PR036
Spot 1 0.00084868 0.0017927
Spot 2 0.00139997 0.00166159
Spot 1 0.00084874 0.00179258
Spot 2 0.00140005 0.00166156
Spot 1 0.00084868 0.00179232
Spot 2 0.00140003 0.00166093
Spot 1 0.00084872 0.00179281
Spot 2 0.00140005 0.00166168
20MABNDL000196_PR037
Spot 1 0.00161472 0.00079889
Spot 2 0.00213721 0.00103314
Spot 1 0.00161462 0.00079922
Spot 2 0.00213679 0.00103295
Spot 1 0.00161464 0.00079967
Spot 2 0.00213618 0.00103296
Spot 1 0.00161484 0.00079929
Spot 2 0.00213703 0.00103285
20MABNDL000196_PR012
Spot 1 0.00332167 4.5e-05
Spot 2 0.003075 5.833e-05
Spot 1 0.00309167 5.5e-05
Spot 2 0.002355 7.5e-05
Spot 1 0.0029225 8.75e-05
Spot 2 0.001315 5.5e-05
Spot 1 0.00106167 7.167e-05
Spot 2 0.002695 0.000265
20MABNDL000196_20MABNDM000020
Spot 1 0.00182702 0.00143066
Spot 2 0.00188759 0.00082019
Spot 1 0.00183321 0.00129734
Spot 2 0.00225762 0.00067842
Spot 1 0.00183325 0.00129826
Spot 2 0.00225742 0.00067856
Spot 1 0.00183308 0.00129805
Spot 2 0.00225734 0.00067846


****************************************************************coordonnees images transformees dans le repere MOUNT************************************************************************* 
20MABNDM000168_PR025
Spot 1 -0.0115609 -0.0356976 -0.005329
Spot 2 -0.011735 -0.0357019 -0.005329
Spot 1 -0.0115609 -0.0356976 -0.005329
Spot 2 -0.0117349 -0.0357016 -0.005329
Spot 1 -0.0115611 -0.0356977 -0.005329
Spot 2 -0.0117352 -0.0357018 -0.005329
Spot 1 -0.0115607 -0.0356978 -0.005329
Spot 2 -0.011735 -0.0357018 -0.005329
Spot 1 -0.0115609 -0.0356977 -0.005329
Spot 2 -0.0117349 -0.0357018 -0.005329
20MABNDM000168_PR026
Spot 1 -0.0122241 -0.035551 -0.005329
Spot 2 -0.0121382 -0.0355575 -0.005329
Spot 1 -0.0122242 -0.0355512 -0.005329
Spot 2 -0.0144095 -0.0343413 -0.005329
Spot 1 -0.0122248 -0.0355517 -0.005329
Spot 2 -0.0144095 -0.0343413 -0.005329
Spot 1 -0.0122246 -0.0355512 -0.005329
Spot 2 -0.0144095 -0.0343413 -0.005329
Spot 1 -0.0122241 -0.0355517 -0.005329
Spot 2 -0.0144095 -0.0343413 -0.005329
20MABNDM000168_PR001
Spot 1 -0.0116634 -0.0343455 -0.005329
Spot 2 -0.0140032 -0.0343955 -0.005329
Spot 1 -0.0137331 -0.0344243 -0.005329
Spot 2 -0.0120483 -0.0343771 -0.005329
Spot 1 -0.0124132 -0.0343887 -0.005329
Spot 2 -0.0120531 -0.0344071 -0.005329
Spot 1 -0.0136864 -0.0344241 -0.005329
Spot 2 -0.0134695 -0.0344932 -0.005329
20MABNDM000168_20MABNDL000077
Spot 1 -0.012821 -0.0357523 -0.005329
Spot 2 -0.0129842 -0.0355781 -0.005329
Spot 1 -0.0128209 -0.0357525 -0.005329
Spot 2 -0.013013 -0.0357708 -0.005329
Spot 1 -0.0128209 -0.0357522 -0.005329
Spot 2 -0.0130231 -0.0354358 -0.005329
Spot 1 -0.0128208 -0.0357522 -0.005329
Spot 2 -0.0130228 -0.0354357 -0.005329
20MABNDL000196_PR036
Spot 1 0.0118283 0.0359812 -0.074836
Spot 2 0.0123798 0.0358512 -0.074836
Spot 1 0.0118283 0.0359811 -0.074836
Spot 2 0.0123799 0.0358512 -0.074836
Spot 1 0.0118283 0.0359808 -0.074836
Spot 2 0.0123799 0.0358506 -0.074836
Spot 1 0.0118283 0.0359813 -0.074836
Spot 2 0.0123799 0.0358513 -0.074836
20MABNDL000196_PR037
Spot 1 0.0125964 0.034989 -0.074836
Spot 2 0.0131184 0.0352243 -0.074836
Spot 1 0.0125963 0.0349893 -0.074836
Spot 2 0.013118 0.0352241 -0.074836
Spot 1 0.0125963 0.0349898 -0.074836
Spot 2 0.0131174 0.0352241 -0.074836
Spot 1 0.0125965 0.0349894 -0.074836
Spot 2 0.0131182 0.035224 -0.074836
20MABNDL000196_PR012
Spot 1 0.0143049 0.0342387 -0.074836
Spot 2 0.0140582 0.0342515 -0.074836
Spot 1 0.0140749 0.0342482 -0.074836
Spot 2 0.0133382 0.0342666 -0.074836
Spot 1 0.0139057 0.0342803 -0.074836
Spot 2 0.0122982 0.0342445 -0.074836
Spot 1 0.0120449 0.0342606 -0.074836
Spot 2 0.0136778 0.0344573 -0.074836
20MABNDL000196_20MABNDM000020
Spot 1 0.0128074 0.0356212 -0.074836
Spot 2 0.0128692 0.0350109 -0.074836
Spot 1 0.0128138 0.0354879 -0.074836
Spot 2 0.0132395 0.0348699 -0.074836
Spot 1 0.0128139 0.0354888 -0.074836
Spot 2 0.0132393 0.03487 -0.074836
Spot 1 0.0128137 0.0354886 -0.074836
Spot 2 0.0132393 0.0348699 -0.074836


*****************************************************************coordonnees du prisme dans le repere MOUNT********************************************************************************** 
20MABNDM000168_PR025
-0.0638742 -0.0179614 -3.7884
-0.0638774 -0.0179697 -3.7884
-0.0638658 -0.0179615 -3.7884
-0.0638797 -0.0179571 -3.7884
-0.0638759 -0.0179601 -3.7884
20MABNDM000168_PR026
-0.0388216 -0.0245805 -3.98451
0.0203047 -0.0562347 -3.98442
0.020319 -0.0562227 -3.98442
0.0203133 -0.0562346 -3.98442
0.020301 -0.0562227 -3.98442
20MABNDM000168_PR001
-0.00103969 -0.110749 -5.89452
0.00340698 -0.108405 -5.89454
-0.0475686 -0.108622 -5.89446
0.0566876 -0.103907 -5.8942
20MABNDM000168_20MABNDL000077
0.00308331 -0.0122501 -5.46861
0.00411757 -0.00531942 -5.46858
0.00447591 -0.0173651 -5.46863
0.00446229 -0.0173683 -5.46863
20MABNDL000196_PR036
0.0466608 0.00161993 3.68778
0.0466574 0.00162359 3.68778
0.0466593 0.00164544 3.68778
0.0466579 0.00161508 3.68778
20MABNDL000196_PR037
0.00950665 0.0416571 3.884
0.00952008 0.0416536 3.884
0.00953538 0.0416417 3.884
0.00950819 0.0416543 3.884
20MABNDL000196_PR012
-0.0949943 0.111446 5.83388
-0.0581034 0.110495 5.83446
-0.0111378 0.110112 5.83484
0.00755414 0.10261 5.83498
20MABNDL000196_20MABNDM000020
0.00960347 0.0288388 5.39432
-0.00392754 0.0386895 5.3943
-0.00392172 0.0386514 5.3943
-0.00391276 0.0386625 5.3943


*****************************************************************coordonnees du prisme dans le repere ATLAS********************************************************************************** 
20MABNDM000168_PR025 0
2.8353 -3.68146 -6.47905
2.83529 -3.68145 -6.47905
2.8353 -3.68146 -6.47905
2.8353 -3.68145 -6.47905
2.8353 -3.68145 -6.47905
20MABNDM000168_PR026 0
2.82866 -3.70658 -6.67515
2.79699 -3.7657 -6.67504
2.797 -3.76571 -6.67504
2.79699 -3.76571 -6.67504
2.797 -3.76569 -6.67504
20MABNDM000168_PR001 0
2.74237 -3.74505 -8.58514
2.74471 -3.7495 -8.58516
2.74451 -3.69852 -8.58509
2.7492 -3.80278 -8.5848
20MABNDM000168_20MABNDL000077 0
2.84089 -3.74904 -8.15924
2.84782 -3.75008 -8.1592
2.83578 -3.75043 -8.15925
2.83577 -3.75042 -8.15925
20MABNDL000196_PR036 0
-2.85199 -3.69761 -6.4791
-2.85198 -3.69762 -6.4791
-2.85196 -3.69762 -6.4791
-2.85199 -3.69762 -6.4791
20MABNDL000196_PR037 0
-2.81194 -3.73493 -6.67529
-2.81194 -3.73492 -6.67529
-2.81195 -3.7349 -6.67529
-2.81194 -3.73493 -6.67529
20MABNDL000196_PR012 0
-2.74214 -3.84121 -8.62507
-2.74311 -3.80432 -8.62568
-2.74352 -3.75736 -8.62611
-2.75103 -3.73867 -8.62627
20MABNDL000196_20MABNDM000020 0
-2.82479 -3.73625 -8.18561
-2.81493 -3.74977 -8.18558
-2.81497 -3.74977 -8.18558
-2.81496 -3.74976 -8.18558


*****************************************************************Rapport********************************************************************************** 
CAM-LBC-US_EBC-US-HO-H 2014.08.18.21.34.08 2.8353 -3.68146 -6.47905 4.21239e-06 4.71948e-06 1.90735e-07 0 VRAI 
CAM-LBC-US_JDC-US-H 2014.08.18.21.34.08 2.80333 -3.75388 -6.67506 0.0126655 0.023649 4.45847e-05 0 VRAI 
CAM-LBC-US_EBA-US-IP-H 2014.08.18.21.34.08 2.7452 -3.74896 -8.58505 0.00248473 0.0369327 0.000144681 0 VRAI 
CAM-LBC-US_CAM-LBA-US 2014.08.18.21.34.08 2.84007 -3.74999 -8.15924 0.0049414 0.000567305 2.18137e-05 0 VRAI 
CAM-LBC-USA_EBC-USA-HO-H 2014.08.18.21.34.08 -2.85198 -3.69762 -6.4791 1.16586e-05 1.30587e-06 2.06477e-07 0 VRAI 
CAM-LBC-USA_JDC-USA-H 2014.08.18.21.34.08 -2.81194 -3.73492 -6.67529 5.86069e-06 1.15472e-05 0 0 VRAI 
CAM-LBC-USA_EBA-USA-IP-H 2014.08.18.21.34.08 -2.74495 -3.78539 -8.62578 0.00354405 0.0401349 0.000463251 0 VRAI 
CAM-LBC-USA_CAM-LBA-USA 2014.08.18.21.34.08 -2.81741 -3.74639 -8.18558 0.00425884 0.00585413 1.4321e-05 0 VRAI 
