********** Fichier qui contient une sauvegarde des coordonnees images + coordonnees images transformees dans le repere BCAM (MOUNT) + coordonnees des prismes dans le repere MOUNT********** 
********************************************************************** Unite en metres (m)************************************************************************************************** 

*******************************************************************coordonnees images dans le repere CCD *********************************************************************************** 
20MABNDL000077_PR002
Spot 1 0.000895 0.000265
Spot 2 0.002835 0.000845
Spot 1 0.001235 0.000605
Spot 2 0.002835 0.000845
Spot 1 0.001485 8.5e-05
Spot 2 0.003395 0.000105
Spot 1 0.001235 0.000605
Spot 2 0.001915 9.5e-05
20MABNDL000077_PR003
Spot 1 0.000885 6.5e-05
Spot 2 0.002465 0.000225
Spot 1 0.001735 3.5e-05
Spot 2 0.002225 0.000155
Spot 1 0.002055 0.000135
Spot 2 0.002565 0.000235
Spot 1 0.001855 0.000145
Spot 2 0.001455 0.000245
20MABNDL000077_1_PR0
Spot 1 0.002215 0.000275
Spot 2 0.000585 0.000325
Spot 1 0.003425 0.000175
Spot 2 0.002045 0.000215
Spot 1 0.001305 0.000295
Spot 2 0.000405 0.000385
Spot 1 0.002315 0.000365
Spot 2 0.002485 0.000465
20MABNDM000020_PR013
Spot 1 0.00200436 0.00065768
Spot 2 0.001935 0.000555
Spot 1 0.00200437 0.0006577
Spot 2 0.000945 0.001745
Spot 1 0.00200436 0.00065768
Spot 2 -1e-06 -1e-06
Spot 1 0.00200433 0.00065766
Spot 2 -1e-06 -1e-06
20MABNDM000020_PR014
Spot 1 -1e-06 -1e-06
Spot 2 -1e-06 -1e-06
Spot 1 -1e-06 -1e-06
Spot 2 -1e-06 -1e-06
Spot 1 -1e-06 -1e-06
Spot 2 -1e-06 -1e-06
Spot 1 -1e-06 -1e-06
Spot 2 -1e-06 -1e-06
20MABNDM000020_2_PR0
Spot 1 -1e-06 -1e-06
Spot 2 -1e-06 -1e-06
Spot 1 -1e-06 -1e-06
Spot 2 -1e-06 -1e-06
Spot 1 -1e-06 -1e-06
Spot 2 -1e-06 -1e-06
Spot 1 -1e-06 -1e-06
Spot 2 -1e-06 -1e-06
20MABNDA000188_PR008
Spot 1 0.002515 0.000405
Spot 2 0.000445 4.5e-05
Spot 1 0.000445 4.5e-05
Spot 2 0.002455 4.5e-05
Spot 1 0.000445 4.5e-05
Spot 2 0.002455 4.5e-05
Spot 1 0.002515 0.000405
Spot 2 0.000445 4.5e-05
20MABNDA000188_PR010
Spot 1 0.002455 4.5e-05
Spot 2 0.002835 0.000125
Spot 1 0.002835 0.000125
Spot 2 0.003365 0.000145
Spot 1 0.002835 0.000125
Spot 2 0.003365 0.000145
Spot 1 0.002455 4.5e-05
Spot 2 0.002835 0.000125
20MABNDA000039_PR009
Spot 1 0.000275 0.000245
Spot 2 0.000805 0.000265
Spot 1 0.000275 0.000245
Spot 2 0.000805 0.000265
Spot 1 0.000275 0.000245
Spot 2 0.000805 0.000265
20MABNDA000039_PR011
Spot 1 0.000845 0.000225
Spot 2 0.002765 9.5e-05
Spot 1 0.000845 0.000225
Spot 2 0.003115 0.000185
Spot 1 0.000845 0.000225
Spot 2 0.003075 4.5e-05
20MABNDB000155_PR020
Spot 1 0.001095 0.001395
Spot 2 0.001725 0.001475
Spot 1 0.001725 0.000545
Spot 2 0.000255 0.000385
Spot 1 0.001095 0.001395
Spot 2 0.001725 0.001475
20MABNDB000155_PR022
Spot 1 0.001725 0.000545
Spot 2 0.000255 0.000385
Spot 1 0.002405 0.000305
Spot 2 0.001005 2.5e-05
Spot 1 0.001725 0.000545
Spot 2 0.000255 0.000385
20MABNDB000010_PR021
Spot 1 0.0030554 0.00092067
Spot 2 0.00060662 0.00043608
Spot 1 0.00305874 0.00092051
Spot 2 0.00060692 0.00043592
Spot 1 0.00305381 0.0009209
Spot 2 0.00060644 0.00043644
20MABNDB000010_PR023
Spot 1 0.000615 5.5e-05
Spot 2 0.0024775 0.00074
Spot 1 0.00248063 0.00073563
Spot 2 0.000615 5.5e-05
Spot 1 0.000615 5.5e-05
Spot 2 0.00144643 0.00088214
20MABNDA000318_PR004
Spot 1 0.003395 0.000125
Spot 2 0.003315 0.000265
Spot 1 0.003395 0.000125
Spot 2 0.001905 0.000255
Spot 1 0.003395 0.000125
Spot 2 0.000785 0.000175
20MABNDA000334_PR005
Spot 1 0.002375 3.5e-05
Spot 2 0.003115 0.000585
Spot 1 0.002375 3.5e-05
Spot 2 0.003115 0.000585
Spot 1 0.002375 3.5e-05
Spot 2 0.003115 0.000585
20MABNDB000317_PR015
Spot 1 0.002705 0.000115
Spot 2 0.001805 0.000145
Spot 1 0.002705 0.000115
Spot 2 0.001805 0.000145
Spot 1 0.002705 0.000115
Spot 2 0.001805 0.000145
20MABNDB000146_PR016
Spot 1 0.002575 0.000115
Spot 2 0.001575 0.000235
Spot 1 0.002575 0.000115
Spot 2 0.001575 0.000235
Spot 1 0.002575 0.000115
Spot 2 0.001575 0.000235


****************************************************************coordonnees images transformees dans le repere MOUNT************************************************************************* 
20MABNDL000077_PR002
Spot 1 0.0119534 0.0343396 -0.074632
Spot 2 0.0138989 0.0349009 -0.074632
Spot 1 -0.0117208 0.0343369 -0.006954
Spot 2 -0.0136666 0.034897 -0.006954
Spot 1 0.0122967 0.0346763 -0.074632
Spot 2 0.0138989 0.0349009 -0.074632
Spot 1 -0.0120642 0.0346734 -0.006954
Spot 2 -0.0136666 0.034897 -0.006954
Spot 1 0.0125417 0.0341539 -0.074632
Spot 2 0.0144518 0.0341555 -0.074632
Spot 1 -0.0123089 0.0341508 -0.006954
Spot 2 -0.014219 0.0341513 -0.006954
Spot 1 0.0122967 0.0346763 -0.074632
Spot 2 0.0129718 0.0341598 -0.074632
Spot 1 -0.0120642 0.0346734 -0.006954
Spot 2 -0.012739 0.0341564 -0.006954


*****************************************************************coordonnees du prisme dans le repere MOUNT********************************************************************************** 
20MABNDL000077_PR002 0
0.00112797 0.0684309 3.70696
-0.0115718 0.0684529 3.66665
-3.57764 0.125819 -1.00614
-3.59034 0.125841 -1.04645
3.57206 0.128446 1.03107
3.55936 0.128468 0.990758
0.00043921 0.0681332 -3.7472
-0.0122605 0.0681552 -3.78751
-0.00735107 0.0601138 3.70699
-0.0200508 0.0601358 3.66667
-3.57974 0.101898 -1.00027
-3.59244 0.10192 -1.04059
3.5744 0.104437 1.02482
3.5617 0.104459 0.984507
0.00897331 0.0597725 -3.74725
-0.00372644 0.0597945 -3.78756
-0.0270532 0.0914208 3.70649
-0.0397529 0.0914428 3.66618
-3.58094 0.187612 -0.985967
-3.59364 0.187634 -1.02628
3.57607 0.190472 1.00956
3.56337 0.190494 0.969249
0.0287743 0.0912773 -3.74681
0.0160745 0.0912993 -3.78713
0.0155508 0.0784185 3.70688
0.00285106 0.0784405 3.66656
-3.57403 0.155304 -1.01628
-3.58673 0.155326 -1.0566
3.56802 0.158037 1.04189
3.55532 0.158059 1.00157
-0.0140743 0.0781704 -3.74707
-0.0267741 0.0781924 -3.78738


*****************************************************************coordonnees du prisme dans le repere ATLAS********************************************************************************** 
20MABNDL000077_PR002 0
2.78859 -3.74337 6.48623
2.78853 -3.75602 6.4459
2.72545 -7.31631 1.76878
2.72538 -7.32896 1.72845
2.72709 -0.169126 3.8148
2.72703 -0.181776 3.77447
2.78158 -3.73487 -0.967921
2.78151 -3.74752 -1.00825
2.79691 -3.75185 6.48624
2.79684 -3.7645 6.44591
2.74937 -7.31842 1.77462
2.74931 -7.33107 1.73429
2.75109 -0.166779 3.80853
2.75103 -0.179429 3.7682
2.78994 -3.72634 -0.96797
2.78988 -3.73899 -1.0083
2.7656 -3.77154 6.48575
2.76553 -3.78419 6.44542
2.66367 -7.31962 1.78901
2.66361 -7.33227 1.74868
2.66504 -0.16507 3.79336
2.66498 -0.17772 3.75303
2.75845 -3.70653 -0.967478
2.75838 -3.71918 -1.00781
2.77861 -3.72895 6.48617
2.77855 -3.7416 6.44584
2.69595 -7.31267 1.75867
2.69589 -7.32532 1.71834
2.69751 -0.17317 3.82564
2.69744 -0.18582 3.78531
2.77154 -3.74938 -0.967801
2.77147 -3.76203 -1.00813


*****************************************************************Rapport********************************************************************************** 
CAM-LBA-US_EBA-US-HO-H 2014.08.14.11.38.58 2.74412 -3.7472 2.75525 0.0424325 2.52732 2.73219 0VRAI 
