********** Fichier qui contient une sauvegarde des coordonnees images + coordonnees images transformees dans le repere BCAM (MOUNT) + coordonnees des prismes dans le repere MOUNT********** 
********************************************************************** Unite en metres (m)************************************************************************************************** 

*******************************************************************coordonnees images dans le repere CCD *********************************************************************************** 
20MABNDB000135_PR027
Spot 1 0.002835 0.001165
Spot 2 0.003375 2.5e-05
Spot 1 0.002835 0.001165
Spot 2 0.003375 2.5e-05
Spot 1 0.002835 0.001165
Spot 2 0.003375 2.5e-05
Spot 1 0.002835 0.001165
Spot 2 0.003375 2.5e-05
20MABNDB000126_PR028
Spot 1 0.000375 0.001175
Spot 2 0.001615 9.5e-05
Spot 1 0.000375 0.001175
Spot 2 0.002665 0.002195
Spot 1 0.000375 0.001175
Spot 2 0.002665 0.002195
Spot 1 0.000375 0.001175
Spot 2 0.002665 0.002195
20MABNDA000272_PR038
Spot 1 0.000365 9.5e-05
Spot 2 0.003265 5.5e-05
Spot 1 0.000365 9.5e-05
Spot 2 0.003265 5.5e-05
Spot 1 0.000365 9.5e-05
Spot 2 0.003265 5.5e-05
Spot 1 0.000365 9.5e-05
Spot 2 0.003265 5.5e-05
20MABNDA000003_PR039
Spot 1 0.001035 5.5e-05
Spot 2 0.000385 0.000285
Spot 1 0.001035 5.5e-05
Spot 2 0.001635 0.000185
Spot 1 0.001035 5.5e-05
Spot 2 0.001635 0.000185
Spot 1 0.001035 5.5e-05
Spot 2 0.001635 0.000185
20MABNDM000168_PR025
Spot 1 0.00246719 0.00156709
Spot 2 0.00105088 0.00209765
Spot 1 0.0024673 0.0015669
Spot 2 0.00105094 0.00209797
Spot 1 0.00246714 0.00156646
Spot 2 0.00105099 0.00209768
20MABNDM000168_PR026
Spot 1 0.00101398 0.002305
Spot 2 0.001239 0.00224959
Spot 1 0.00101417 0.00230517
Spot 2 0.00123932 0.00224955
Spot 1 0.00101414 0.00230532
Spot 2 0.0012395 0.00224943
20MABNDM000168_PR001
Spot 1 0.003145 3.5e-05
Spot 2 0.001735 7.5e-05
Spot 1 0.000941 7.3e-05
Spot 2 0.002505 3.833e-05
Spot 1 0.00122833 6.5e-05
Spot 2 0.002825 8.5e-05
20MABNDM000168_20MABNDL000077
Spot 1 0.00157643 0.00140593
Spot 2 0.00181089 0.00112431
Spot 1 0.001577 0.00140678
Spot 2 0.00135673 0.00104877
Spot 1 0.00157698 0.00140678
Spot 2 0.00135094 0.00105362
20MABNDL000196_PR036
Spot 1 0.00113777 0.00175867
Spot 2 -1e-06 -1e-06
Spot 1 0.00113786 0.00175962
Spot 2 0.00124868 0.00159289
Spot 1 0.00113771 0.00175902
Spot 2 0.000965 0.001495
20MABNDL000196_PR037
Spot 1 -1e-06 -1e-06
Spot 2 -1e-06 -1e-06
Spot 1 0.00109833 0.00141167
Spot 2 -1e-06 -1e-06
Spot 1 -1e-06 -1e-06
Spot 2 -1e-06 -1e-06
20MABNDL000196_PR012
Spot 1 0.00332929 5.571e-05
Spot 2 0.00319278 4.167e-05
Spot 1 0.00160833 5.167e-05
Spot 2 0.00105625 3e-05
Spot 1 0.00161071 6.143e-05
Spot 2 0.00295 3e-05
20MABNDL000196_20MABNDM000020
Spot 1 0.00183334 0.00130359
Spot 2 0.00225601 0.0006811
Spot 1 0.00184008 0.0014289
Spot 2 0.00188977 0.00082054
Spot 1 0.00183322 0.00130364
Spot 2 0.00225608 0.00068114


****************************************************************coordonnees images transformees dans le repere MOUNT************************************************************************* 
20MABNDB000135_PR027
Spot 1 -0.011567 -0.0129585 -0.074647
Spot 2 -0.0110397 -0.0141045 -0.074647
Spot 1 -0.011567 -0.0129585 -0.074647
Spot 2 -0.0110397 -0.0141045 -0.074647
Spot 1 -0.011567 -0.0129585 -0.074647
Spot 2 -0.0110397 -0.0141045 -0.074647
Spot 1 -0.011567 -0.0129585 -0.074647
Spot 2 -0.0110397 -0.0141045 -0.074647
20MABNDB000126_PR028
Spot 1 -0.0138001 -0.0130139 -0.075004
Spot 2 -0.0125543 -0.0140873 -0.075004
Spot 1 -0.0138001 -0.0130139 -0.075004
Spot 2 -0.0115155 -0.0119817 -0.075004
Spot 1 -0.0138001 -0.0130139 -0.075004
Spot 2 -0.0115155 -0.0119817 -0.075004
Spot 1 -0.0138001 -0.0130139 -0.075004
Spot 2 -0.0115155 -0.0119817 -0.075004
20MABNDA000272_PR038
Spot 1 -0.0111991 0.0140137 -0.074179
Spot 2 -0.0140991 0.0140588 -0.074179
Spot 1 -0.0111991 0.0140137 -0.074179
Spot 2 -0.0140991 0.0140588 -0.074179
Spot 1 -0.0111991 0.0140137 -0.074179
Spot 2 -0.0140991 0.0140588 -0.074179
Spot 1 -0.0111991 0.0140137 -0.074179
Spot 2 -0.0140991 0.0140588 -0.074179
20MABNDA000003_PR039
Spot 1 -0.0118313 0.0139948 -0.073734
Spot 2 -0.0111819 0.0137632 -0.073734
Spot 1 -0.0118313 0.0139948 -0.073734
Spot 2 -0.0124317 0.0138663 -0.073734
Spot 1 -0.0118313 0.0139948 -0.073734
Spot 2 -0.0124317 0.0138663 -0.073734
Spot 1 -0.0118313 0.0139948 -0.073734
Spot 2 -0.0124317 0.0138663 -0.073734
20MABNDM000168_PR025
Spot 1 -0.0119346 -0.0358987 -0.005329
Spot 2 -0.0133486 -0.0364354 -0.005329
Spot 1 -0.0119344 -0.0358985 -0.005329
Spot 2 -0.0133485 -0.0364357 -0.005329
Spot 1 -0.0119346 -0.0358981 -0.005329
Spot 2 -0.0133485 -0.0364354 -0.005329
20MABNDM000168_PR026
Spot 1 -0.0133846 -0.0366429 -0.005329
Spot 2 -0.0131598 -0.0365865 -0.005329
Spot 1 -0.0133844 -0.036643 -0.005329
Spot 2 -0.0131595 -0.0365865 -0.005329
Spot 1 -0.0133844 -0.0366432 -0.005329
Spot 2 -0.0131593 -0.0365863 -0.005329
20MABNDM000168_PR001
Spot 1 0.0112991 -0.0340123 -0.074451
Spot 2 0.0127084 -0.0340729 -0.074451
Spot 1 0.0135023 -0.0340826 -0.074451
Spot 2 0.011939 -0.034025 -0.074451
Spot 1 0.0132152 -0.0340703 -0.074451
Spot 2 0.0116184 -0.034067 -0.074451
20MABNDM000168_20MABNDL000077
Spot 1 0.0128475 -0.035406 -0.074451
Spot 2 0.0126172 -0.035121 -0.074451
Spot 1 0.0128469 -0.0354069 -0.074451
Spot 2 0.0130724 -0.0350521 -0.074451
Spot 1 0.0128469 -0.0354069 -0.074451
Spot 2 0.0130781 -0.0350571 -0.074451
20MABNDL000196_PR036
Spot 1 0.0121174 0.0359478 -0.074836
Spot 2 0.0109823 0.0341857 -0.074836
Spot 1 0.0121175 0.0359487 -0.074836
Spot 2 0.0122287 0.0357822 -0.074836
Spot 1 0.0121174 0.0359481 -0.074836
Spot 2 0.0119452 0.0356837 -0.074836
20MABNDL000196_PR037
Spot 1 0.0109823 0.0341857 -0.074836
Spot 2 0.0109823 0.0341857 -0.074836
Spot 1 0.0120787 0.0356007 -0.074836
Spot 2 0.0109823 0.0341857 -0.074836
Spot 1 0.0109823 0.0341857 -0.074836
Spot 2 0.0109823 0.0341857 -0.074836
20MABNDL000196_PR012
Spot 1 -0.0141332 0.0342989 -0.00611
Spot 2 -0.0139965 0.0342876 -0.00611
Spot 1 -0.0124125 0.0343295 -0.00611
Spot 2 -0.0118601 0.0343189 -0.00611
Spot 1 -0.0124151 0.0343392 -0.00611
Spot 2 -0.0137535 0.0342808 -0.00611
20MABNDL000196_20MABNDM000020
Spot 1 -0.0126627 0.0355766 -0.00611
Spot 2 -0.0130727 0.0349457 -0.00611
Spot 1 -0.0126719 0.0357017 -0.00611
Spot 2 -0.0127094 0.0350925 -0.00611
Spot 1 -0.0126626 0.0355767 -0.00611
Spot 2 -0.0130728 0.0349458 -0.00611


*****************************************************************coordonnees du prisme dans le repere MOUNT********************************************************************************** 
20MABNDB000135_PR027
-0.0613805 0.00239963 2.74891
-0.0613805 0.00239963 2.74891
-0.0613805 0.00239963 2.74891
-0.0613805 0.00239963 2.74891
20MABNDB000126_PR028
0.0019967 0.000352322 2.14687
-0.0128093 -0.0296594 2.1469
-0.0128093 -0.0296594 2.1469
-0.0128093 -0.0296594 2.1469
20MABNDA000272_PR038
-0.0131887 -0.0212914 2.74944
-0.0131887 -0.0212914 2.74944
-0.0131887 -0.0212914 2.74944
-0.0131887 -0.0212914 2.74944
20MABNDA000003_PR039
-0.0469255 -0.00886002 2.14872
-0.0290688 -0.0103365 2.14892
-0.0290688 -0.0103365 2.14892
-0.0290688 -0.0103365 2.14892
20MABNDM000168_PR025
-0.0147442 0.00514638 -3.78857
-0.0147484 0.00514951 -3.78857
-0.0147456 0.00513146 -3.78857
20MABNDM000168_PR026
0.017975 0.0306179 -3.98392
0.0179617 0.0306213 -3.98392
0.0179578 0.0306221 -3.98392
20MABNDM000168_PR001
0.0713023 -0.136557 5.81401
0.0157304 -0.135697 5.81432
0.0392901 -0.134542 5.81428
20MABNDM000168_20MABNDL000077
0.014676 -0.0414873 5.38884
-0.00165623 -0.0439318 5.38882
-0.00186239 -0.0437545 5.38882
20MABNDL000196_PR036
0.0738663 0.0433274 3.68758
0.0432707 0.00411106 3.68783
0.0502331 0.00654384 3.68779
20MABNDL000196_PR037
0.106434 0.0892601 3.88251
0.0781122 0.0526932 3.88342
0.106434 0.0892601 3.88251
20MABNDL000196_PR012
0.0948339 0.117643 -5.91421
-0.0550401 0.115249 -5.91508
0.01864 0.116353 -5.91514
20MABNDL000196_20MABNDM000020
0.000710228 0.0419436 -5.47472
-0.012012 0.0321737 -5.47474
0.000708488 0.0419404 -5.47472


*****************************************************************coordonnees du prisme dans le repere ATLAS********************************************************************************** 
20MABNDB000135_PR027 0.003
2.55998 -4.19452 -3.83613
2.55998 -4.19452 -3.83613
2.55998 -4.19452 -3.83613
2.55998 -4.19452 -3.83613
20MABNDB000126_PR028 0.003
2.62789 -4.19412 -5.93258
2.6131 -4.19396 -5.90256
2.6131 -4.19396 -5.90256
2.6131 -4.19396 -5.90256
20MABNDA000272_PR038 0.003
-2.61135 -4.1942 -3.85978
-2.61135 -4.1942 -3.85978
-2.61135 -4.1942 -3.85978
-2.61135 -4.1942 -3.85978
20MABNDA000003_PR039 0.003
-2.5748 -4.19445 -5.94162
-2.59265 -4.19425 -5.9431
-2.59265 -4.19425 -5.9431
-2.59265 -4.19425 -5.9431
20MABNDM000168_PR025 0
2.85839 -3.73059 -6.4792
2.8584 -3.73059 -6.4792
2.85838 -3.73059 -6.4792
20MABNDM000168_PR026 0
2.88385 -3.76339 -6.67455
2.88385 -3.76338 -6.67455
2.88385 -3.76337 -6.67455
20MABNDM000168_PR001 0
2.71725 -3.81303 3.12342
2.71812 -3.75746 3.1237
2.71927 -3.78102 3.12367
20MABNDM000168_20MABNDL000077 0
2.8123 -3.75659 2.69822
2.80986 -3.74025 2.6982
2.81004 -3.74005 2.6982
20MABNDL000196_PR036 0
-2.81029 -3.67039 -6.47893
-2.84949 -3.701 -6.47915
-2.84706 -3.69404 -6.47911
20MABNDL000196_PR037 0
-2.76438 -3.63798 -6.67389
-2.80093 -3.66632 -6.67477
-2.76438 -3.63798 -6.67389
20MABNDL000196_PR012 0
-2.73577 -3.64046 3.12284
-2.7381 -3.79033 3.12385
-2.73703 -3.71665 3.12384
20MABNDL000196_20MABNDM000020 0
-2.81144 -3.73503 2.68344
-2.8212 -3.74775 2.68347
-2.81144 -3.73503 2.68344


*****************************************************************Rapport********************************************************************************** 
CAM-EBC-US-IP_EBC-US-IP 2014.08.20.15.36.08 2.55998 -4.19452 -3.83613 0 0 0 0.003 VRAI 
CAM-EBC-US-HO_EBC-US-HO 2014.08.20.15.36.08 2.6168 -4.194 -5.91007 0.00640459 7.08215e-05 0.0129985 0.003 VRAI 
CAM-EBC-USA-IP_EBC-USA-IP 2014.08.20.15.36.08 -2.61135 -4.1942 -3.85978 0 0 0 0.003 VRAI 
CAM-EBC-USA-HO_EBC-USA-HO 2014.08.20.15.36.08 -2.58819 -4.1943 -5.94273 0.00773203 8.58942e-05 0.00064049 0.003 VRAI 
CAM-LBC-US_EBC-US-HO-H 2014.08.20.15.36.08 2.85839 -3.73059 -6.4792 7.91304e-06 1.67836e-06 0 0 VRAI 
CAM-LBC-US_JDC-US-H 2014.08.20.15.36.08 2.88385 -3.76338 -6.67455 1.87731e-06 7.32617e-06 0 0 VRAI 
CAM-LBC-US_EBA-US-IP-H 2014.08.20.15.36.08 2.71821 -3.78383 3.1236 0.000828417 0.0227744 0.000129058 0 VRAI 
CAM-LBC-US_CAM-LBA-US 2014.08.20.15.36.08 2.81074 -3.74563 2.69821 0.00111088 0.0077484 1.31498e-05 0 VRAI 
CAM-LBC-USA_EBC-USA-HO-H 2014.08.20.15.36.08 -2.83562 -3.68848 -6.47906 0.0179348 0.0131025 9.651e-05 0 VRAI 
CAM-LBC-USA_JDC-USA-H 2014.08.20.15.36.08 -2.77656 -3.64743 -6.67418 0.0172315 0.0133593 0.000416074 0 VRAI 
CAM-LBC-USA_EBA-USA-IP-H 2014.08.20.15.36.08 -2.73697 -3.71581 3.12351 0.000949614 0.0611888 0.0004727 0 VRAI 
CAM-LBC-USA_CAM-LBA-USA 2014.08.20.15.36.08 -2.8147 -3.73927 2.68345 0.00460199 0.00599901 1.41613e-05 0 VRAI 
