********** Fichier qui contient une sauvegarde des coordonnees images + coordonnees images transformees dans le repere BCAM (MOUNT) + coordonnees des prismes dans le repere MOUNT********** 
********************************************************************** Unite en metres (m)************************************************************************************************** 

*******************************************************************coordonnees images dans le repere CCD *********************************************************************************** 
20MABNDA000196_PR006
Spot 1   0.00198036   0.00074821
Spot 2   0.00160948   0.00074408
Spot 1   0.00198030   0.00074818
Spot 2   0.00160966   0.00074416
Spot 1   0.00198020   0.00074831
Spot 2   0.00160934   0.00074389
Spot 1   0.00198030   0.00074824
Spot 2   0.00160947   0.00074424
Spot 1   0.00198035   0.00074833
Spot 2   0.00160952   0.00074416
Spot 1   0.00198020   0.00074824
Spot 2   0.00160963   0.00074400
Spot 1   0.00198025   0.00074843
Spot 2   0.00160954   0.00074408
Spot 1   0.00198022   0.00074829
Spot 2   0.00160963   0.00074419
Spot 1   0.00198038   0.00074829
Spot 2   0.00160952   0.00074412
Spot 1   0.00198019   0.00074822
Spot 2   0.00160951   0.00074403
Spot 1   0.00198023   0.00074842
Spot 2   0.00160944   0.00074400
20MABNDA000324_PR007
Spot 1   0.00195451   0.00121221
Spot 2   0.00174698   0.00121806
Spot 1   0.00195451   0.00121222
Spot 2   0.00174721   0.00121814
Spot 1   0.00195470   0.00121208
Spot 2   0.00174708   0.00121827
Spot 1   0.00195458   0.00121220
Spot 2   0.00174717   0.00121826
Spot 1   0.00195459   0.00121230
Spot 2   0.00174689   0.00121825
Spot 1   0.00195439   0.00121241
Spot 2   0.00174720   0.00121823
Spot 1   0.00195447   0.00121222
Spot 2   0.00174713   0.00121811
Spot 1   0.00195445   0.00121202
Spot 2   0.00174699   0.00121816
Spot 1   0.00195466   0.00121238
Spot 2   0.00174686   0.00121819
Spot 1   0.00195462   0.00121229
Spot 2   0.00174713   0.00121817
Spot 1   0.00195459   0.00121249
Spot 2   0.00174717   0.00121812
20MABNDB000001_PR017
Spot 1   0.00187220   0.00046643
Spot 2   0.00224255   0.00047542
Spot 1   0.00187233   0.00046626
Spot 2   0.00224264   0.00047509
Spot 1   0.00187232   0.00046639
Spot 2   0.00224258   0.00047536
Spot 1   0.00187236   0.00046630
Spot 2   0.00224262   0.00047528
Spot 1   0.00187217   0.00046632
Spot 2   0.00224264   0.00047540
Spot 1   0.00187221   0.00046629
Spot 2   0.00224248   0.00047542
Spot 1   0.00187225   0.00046637
Spot 2   0.00224269   0.00047528
Spot 1   0.00187223   0.00046640
Spot 2   0.00224268   0.00047509
Spot 1   0.00187232   0.00046631
Spot 2   0.00224277   0.00047519
Spot 1   0.00187229   0.00046636
Spot 2   0.00224278   0.00047527
Spot 1   0.00187242   0.00046641
Spot 2   0.00224265   0.00047514
20MABNDB000260_PR019
Spot 1   0.00192801   0.00149805
Spot 2   0.00213115   0.00149731
Spot 1   0.00192796   0.00149832
Spot 2   0.00213115   0.00149731
Spot 1   0.00192807   0.00149819
Spot 2   0.00213115   0.00149731
Spot 1   0.00192793   0.00149849
Spot 2   0.00213060   0.00149740
Spot 1   0.00192812   0.00149831
Spot 2   0.00213115   0.00149731
Spot 1   0.00192807   0.00149830
Spot 2   0.00213147   0.00149765
Spot 1   0.00192797   0.00149829
Spot 2   0.00213083   0.00149792
Spot 1   0.00192813   0.00149832
Spot 2   0.00213100   0.00149667
Spot 1   0.00192809   0.00149821
Spot 2   0.00213060   0.00149740
Spot 1   0.00192800   0.00149815
Spot 2   0.00213115   0.00149731
Spot 1   0.00192798   0.00149839
Spot 2   0.00213100   0.00149700


****************************************************************coordonnees images transformees dans le repere MOUNT************************************************************************* 
20MABNDA000196_PR006
Spot 1  -0.01293531   0.01322994  -0.07967100
Spot 2  -0.01256441   0.01322930  -0.07967100
Spot 1  -0.01293525   0.01322997  -0.07967100
Spot 2  -0.01256459   0.01322923  -0.07967100
Spot 1  -0.01293515   0.01322984  -0.07967100
Spot 2  -0.01256427   0.01322949  -0.07967100
Spot 1  -0.01293525   0.01322991  -0.07967100
Spot 2  -0.01256440   0.01322914  -0.07967100
Spot 1  -0.01293530   0.01322982  -0.07967100
Spot 2  -0.01256445   0.01322923  -0.07967100
Spot 1  -0.01293515   0.01322991  -0.07967100
Spot 2  -0.01256456   0.01322939  -0.07967100
Spot 1  -0.01293520   0.01322972  -0.07967100
Spot 2  -0.01256447   0.01322931  -0.07967100
Spot 1  -0.01293517   0.01322986  -0.07967100
Spot 2  -0.01256456   0.01322920  -0.07967100
Spot 1  -0.01293533   0.01322986  -0.07967100
Spot 2  -0.01256445   0.01322927  -0.07967100
Spot 1  -0.01293514   0.01322993  -0.07967100
Spot 2  -0.01256444   0.01322936  -0.07967100
Spot 1  -0.01293518   0.01322973  -0.07967100
Spot 2  -0.01256437   0.01322939  -0.07967100
20MABNDA000324_PR007
Spot 1  -0.01256022   0.01280931  -0.07446800
Spot 2  -0.01235265   0.01280508  -0.07446800
Spot 1  -0.01256022   0.01280930  -0.07446800
Spot 2  -0.01235288   0.01280500  -0.07446800
Spot 1  -0.01256041   0.01280944  -0.07446800
Spot 2  -0.01235275   0.01280487  -0.07446800
Spot 1  -0.01256029   0.01280932  -0.07446800
Spot 2  -0.01235284   0.01280488  -0.07446800
Spot 1  -0.01256030   0.01280922  -0.07446800
Spot 2  -0.01235256   0.01280489  -0.07446800
Spot 1  -0.01256010   0.01280911  -0.07446800
Spot 2  -0.01235287   0.01280491  -0.07446800
Spot 1  -0.01256018   0.01280930  -0.07446800
Spot 2  -0.01235280   0.01280503  -0.07446800
Spot 1  -0.01256016   0.01280950  -0.07446800
Spot 2  -0.01235266   0.01280498  -0.07446800
Spot 1  -0.01256037   0.01280914  -0.07446800
Spot 2  -0.01235253   0.01280495  -0.07446800
Spot 1  -0.01256033   0.01280923  -0.07446800
Spot 2  -0.01235280   0.01280497  -0.07446800
Spot 1  -0.01256030   0.01280903  -0.07446800
Spot 2  -0.01235284   0.01280502  -0.07446800
20MABNDB000001_PR017
Spot 1  -0.01231587  -0.01352294  -0.07418400
Spot 2  -0.01194544  -0.01351787  -0.07418400
Spot 1  -0.01231574  -0.01352311  -0.07418400
Spot 2  -0.01194536  -0.01351820  -0.07418400
Spot 1  -0.01231575  -0.01352298  -0.07418400
Spot 2  -0.01194541  -0.01351793  -0.07418400
Spot 1  -0.01231571  -0.01352307  -0.07418400
Spot 2  -0.01194538  -0.01351801  -0.07418400
Spot 1  -0.01231590  -0.01352305  -0.07418400
Spot 2  -0.01194535  -0.01351789  -0.07418400
Spot 1  -0.01231586  -0.01352308  -0.07418400
Spot 2  -0.01194551  -0.01351787  -0.07418400
Spot 1  -0.01231582  -0.01352300  -0.07418400
Spot 2  -0.01194531  -0.01351801  -0.07418400
Spot 1  -0.01231584  -0.01352297  -0.07418400
Spot 2  -0.01194532  -0.01351820  -0.07418400
Spot 1  -0.01231575  -0.01352306  -0.07418400
Spot 2  -0.01194523  -0.01351810  -0.07418400
Spot 1  -0.01231578  -0.01352301  -0.07418400
Spot 2  -0.01194522  -0.01351802  -0.07418400
Spot 1  -0.01231565  -0.01352296  -0.07418400
Spot 2  -0.01194535  -0.01351815  -0.07418400
20MABNDB000260_PR019
Spot 1  -0.01240324  -0.01240438  -0.07492700
Spot 2  -0.01220012  -0.01240095  -0.07492700
Spot 1  -0.01240329  -0.01240411  -0.07492700
Spot 2  -0.01220012  -0.01240095  -0.07492700
Spot 1  -0.01240318  -0.01240424  -0.07492700
Spot 2  -0.01220012  -0.01240095  -0.07492700
Spot 1  -0.01240332  -0.01240394  -0.07492700
Spot 2  -0.01220067  -0.01240088  -0.07492700
Spot 1  -0.01240313  -0.01240412  -0.07492700
Spot 2  -0.01220012  -0.01240095  -0.07492700
Spot 1  -0.01240318  -0.01240413  -0.07492700
Spot 2  -0.01219981  -0.01240061  -0.07492700
Spot 1  -0.01240328  -0.01240414  -0.07492700
Spot 2  -0.01220046  -0.01240035  -0.07492700
Spot 1  -0.01240312  -0.01240411  -0.07492700
Spot 2  -0.01220026  -0.01240160  -0.07492700
Spot 1  -0.01240316  -0.01240422  -0.07492700
Spot 2  -0.01220067  -0.01240088  -0.07492700
Spot 1  -0.01240325  -0.01240428  -0.07492700
Spot 2  -0.01220012  -0.01240095  -0.07492700
Spot 1  -0.01240327  -0.01240404  -0.07492700
Spot 2  -0.01220027  -0.01240127  -0.07492700


*****************************************************************coordonnees du prisme dans le repere MOUNT********************************************************************************** 
20MABNDA000196_PR006
 -0.01057478   0.01032930   1.64206505
 -0.01057346   0.01032982   1.64206505
 -0.01057807   0.01032836   1.64206505
 -0.01057552   0.01033139   1.64206505
 -0.01057442   0.01033148   1.64206505
 -0.01057489   0.01032875   1.64206505
 -0.01057530   0.01033170   1.64206505
 -0.01057464   0.01033137   1.64206505
 -0.01057411   0.01033060   1.64206505
 -0.01057631   0.01032889   1.64206505
 -0.01057661   0.01033074   1.64206505
20MABNDA000324_PR007
 -0.02503131   0.02785964   2.95549297
 -0.02502680   0.02786143   2.95549297
 -0.02502560   0.02786127   2.95549297
 -0.02502623   0.02786341   2.95549297
 -0.02503154   0.02786514   2.95549297
 -0.02502940   0.02786693   2.95549297
 -0.02502914   0.02786083   2.95549297
 -0.02503228   0.02785786   2.95549297
 -0.02503076   0.02786554   2.95549297
 -0.02502623   0.02786341   2.95549297
 -0.02502605   0.02786637   2.95549297
20MABNDB000001_PR017
 -0.02384491  -0.00344635   1.64036560
 -0.02384727  -0.00344087   1.64036560
 -0.02384654  -0.00344523   1.64036560
 -0.02384740  -0.00344337   1.64036560
 -0.02384556  -0.00344492   1.64036560
 -0.02384424  -0.00344483   1.64036560
 -0.02384696  -0.00344414   1.64036560
 -0.02384662  -0.00344239   1.64036560
 -0.02384859  -0.00344249   1.64036560
 -0.02384838  -0.00344390   1.64036560
 -0.02384838  -0.00344304   1.64036560
20MABNDB000260_PR019
 -0.02457573  -0.03816066   2.95627570
 -0.02457463  -0.03816596   2.95627570
 -0.02457685  -0.03816345   2.95627570
 -0.02456313  -0.03817086   2.95627570
 -0.02457778  -0.03816583   2.95627570
 -0.02458299  -0.03817244   2.95627570
 -0.02456832  -0.03817726   2.95627570
 -0.02457531  -0.03815338   2.95627570
 -0.02456637  -0.03816541   2.95627570
 -0.02457549  -0.03816264   2.95627570
 -0.02457217  -0.03816120   2.95627570


*****************************************************************coordonnees du prisme dans le repere ATLAS********************************************************************************** 
20MABNDA000196_PR006 0.00000000
  2.58503485  -4.19496298   6.54828215
  2.58503342  -4.19496298   6.54828262
  2.58503819  -4.19496298   6.54828119
  2.58503556  -4.19496298   6.54828405
  2.58503437  -4.19496298   6.54828405
  2.58503485  -4.19496298   6.54828119
  2.58503532  -4.19496298   6.54828453
  2.58503461  -4.19496298   6.54828405
  2.58503413  -4.19496298   6.54828310
  2.58503628  -4.19496298   6.54828167
  2.58503675  -4.19496298   6.54828358
20MABNDA000324_PR007 0.00000000
  2.59428644  -4.13996506   6.94805336
  2.59429097  -4.13996506   6.94805145
  2.59429216  -4.13996506   6.94805145
  2.59429145  -4.13996506   6.94804955
  2.59428620  -4.13996506   6.94804764
  2.59428835  -4.13996506   6.94804621
  2.59428859  -4.13996506   6.94805193
  2.59428549  -4.13996506   6.94805527
  2.59428692  -4.13996506   6.94804716
  2.59429145  -4.13996506   6.94804955
  2.59429169  -4.13996506   6.94804668
20MABNDB000001_PR017 0.00000000
 -2.59754992  -4.19505072   6.53876829
 -2.59755206  -4.19505072   6.53876257
 -2.59755135  -4.19505072   6.53876686
 -2.59755230  -4.19505072   6.53876495
 -2.59755039  -4.19505072   6.53876686
 -2.59754920  -4.19505072   6.53876638
 -2.59755182  -4.19505072   6.53876591
 -2.59755158  -4.19505072   6.53876400
 -2.59755349  -4.19505072   6.53876400
 -2.59755325  -4.19505072   6.53876543
 -2.59755325  -4.19505072   6.53876495
20MABNDB000260_PR019 0.00000000
 -2.60417938  -4.13995838   6.94248486
 -2.60418034  -4.13995838   6.94247961
 -2.60417819  -4.13995838   6.94248199
 -2.60419202  -4.13995838   6.94247484
 -2.60417724  -4.13995838   6.94247961
 -2.60417199  -4.13995838   6.94247293
 -2.60418677  -4.13995838   6.94246817
 -2.60417986  -4.13995838   6.94249201
 -2.60418868  -4.13995838   6.94248009
 -2.60417962  -4.13995838   6.94248295
 -2.60418296  -4.13995838   6.94248438


*****************************************************************Rapport********************************************************************************** 
CAM-JDA-US-IP_JDA-US-IP     2014.09.05.18.10.58   2.58503530  -4.19496298   6.54828293   0.00000128   0.00000000   0.00000117 0.00000000 VRAI 
CAM-JDA-US-HO_JDA-US-HO     2014.09.05.18.10.58   2.59428906  -4.13996506   6.94805002   0.00000243   0.00000000   0.00000280 0.00000000 VRAI 
CAM-JDA-USA-IP_JDA-USA-IP   2014.09.05.18.10.58  -2.59755169  -4.19505072   6.53876547   0.00000134   0.00000000   0.00000154 0.00000000 VRAI 
CAM-JDA-USA-HO_JDA-USA-HO   2014.09.05.18.10.58  -2.60418155  -4.13995838   6.94248013   0.00000542   0.00000000   0.00000615 0.00000000 VRAI 
