********** Fichier qui contient une sauvegarde des coordonnees images + coordonnees images transformees dans le repere BCAM (MOUNT) + coordonnees des prismes dans le repere MOUNT********** 
********************************************************************** Unite en metres (m)************************************************************************************************** 

*******************************************************************coordonnees images dans le repere CCD *********************************************************************************** 
20MABNDA000318_PR004
Spot 1 0.001903 3.3e-05
Spot 2 0.002517 3.1e-05
Spot 1 0.002517 3.1e-05
Spot 2 0.003375 3e-05
Spot 1 0.001435 2.5e-05
Spot 2 0.001905 3.167e-05
Spot 1 0.002515 2.75e-05
Spot 2 0.00287 5.25e-05
Spot 1 0.001907 3.3e-05
Spot 2 0.003375 3e-05
20MABNDA000334_PR005
Spot 1 0.002375 3.5e-05
Spot 2 0.003115 0.000585
Spot 1 0.00237278 3.5e-05
Spot 2 0.000365 0.000641
Spot 1 0.002375 3.5e-05
Spot 2 0.003115 0.000585
Spot 1 0.002375 3.5e-05
Spot 2 0.001585 0.000175
Spot 1 0.002375 3.5e-05
Spot 2 0.003115 0.000585
20MABNDB000317_PR015
Spot 1 0.002705 0.000115
Spot 2 0.001805 0.000145
Spot 1 0.002705 0.000115
Spot 2 0.001805 0.000145
Spot 1 0.002705 0.000115
Spot 2 0.001805 0.000145
Spot 1 0.002705 0.000115
Spot 2 0.001805 0.000145
Spot 1 0.002705 0.000115
Spot 2 0.001805 0.000145
20MABNDB000146_PR016
Spot 1 0.002575 0.000115
Spot 2 0.000845 0.000335
Spot 1 0.002575 0.000115
Spot 2 0.000845 0.000335
Spot 1 0.002575 0.000115
Spot 2 0.000845 0.000335
Spot 1 0.002575 0.000115
Spot 2 0.001575 0.000235


****************************************************************coordonnees images transformees dans le repere MOUNT************************************************************************* 
20MABNDA000318_PR004
Spot 1 -0.0126275 0.0140629 -0.073106
Spot 2 -0.0132415 0.0140631 -0.073106
Spot 1 -0.0132415 0.0140631 -0.073106
Spot 2 -0.0140995 0.0140616 -0.073106
Spot 1 -0.0121595 0.0140723 -0.073106
Spot 2 -0.0126295 0.0140643 -0.073106
Spot 1 -0.0132395 0.0140666 -0.073106
Spot 2 -0.0135944 0.0140406 -0.073106
Spot 1 -0.0126315 0.0140629 -0.073106
Spot 2 -0.0140995 0.0140616 -0.073106
20MABNDA000334_PR005
Spot 1 -0.0130166 0.0140933 -0.073241
Spot 2 -0.0137572 0.013544 -0.073241
Spot 1 -0.0130144 0.0140933 -0.073241
Spot 2 -0.0110072 0.0134854 -0.073241
Spot 1 -0.0130166 0.0140933 -0.073241
Spot 2 -0.0137572 0.013544 -0.073241
Spot 1 -0.0130166 0.0140933 -0.073241
Spot 2 -0.0122268 0.0139526 -0.073241
Spot 1 -0.0130166 0.0140933 -0.073241
Spot 2 -0.0137572 0.013544 -0.073241
20MABNDB000317_PR015
Spot 1 -0.0114321 -0.0139688 -0.073261
Spot 2 -0.0123324 -0.0139493 -0.073261
Spot 1 -0.0114321 -0.0139688 -0.073261
Spot 2 -0.0123324 -0.0139493 -0.073261
Spot 1 -0.0114321 -0.0139688 -0.073261
Spot 2 -0.0123324 -0.0139493 -0.073261
Spot 1 -0.0114321 -0.0139688 -0.073261
Spot 2 -0.0123324 -0.0139493 -0.073261
Spot 1 -0.0114321 -0.0139688 -0.073261
Spot 2 -0.0123324 -0.0139493 -0.073261
20MABNDB000146_PR016
Spot 1 -0.0116307 -0.0136761 -0.074505
Spot 2 -0.0133612 -0.0134599 -0.074505
Spot 1 -0.0116307 -0.0136761 -0.074505
Spot 2 -0.0133612 -0.0134599 -0.074505
Spot 1 -0.0116307 -0.0136761 -0.074505
Spot 2 -0.0133612 -0.0134599 -0.074505
Spot 1 -0.0116307 -0.0136761 -0.074505
Spot 2 -0.0126309 -0.0135583 -0.074505


*****************************************************************coordonnees du prisme dans le repere MOUNT********************************************************************************** 
20MABNDA000318_PR004 0.003
-0.00193511 -0.0200725 2.75245
0.025064 -0.0200455 2.75221
-0.0217461 -0.0202651 2.75245
0.0157646 -0.0197257 2.75232
0.0138764 -0.0200432 2.75234
20MABNDA000334_PR005 0.003
0.00746864 -0.0047913 2.1527
-0.0318557 -0.00395399 2.15271
0.00746864 -0.0047913 2.1527
-0.0143983 -0.0106293 2.15274
0.00746864 -0.0047913 2.1527
20MABNDB000317_PR015 0.003
-0.0419273 0.0191273 2.75387
-0.0419273 0.0191273 2.75387
-0.0419273 0.0191273 2.75387
-0.0419273 0.0191273 2.75387
-0.0419273 0.0191273 2.75387
20MABNDB000146_PR016 0.003
-0.017177 7.95916e-05 2.15505
-0.017177 7.95916e-05 2.15505
-0.017177 7.95916e-05 2.15505
-0.027676 0.0014938 2.15499


*****************************************************************coordonnees du prisme dans le repere ATLAS********************************************************************************** 
20MABNDA000318_PR004 0.003
2.61977 -4.19417 3.85711
2.64677 -4.1944 3.85708
2.59996 -4.19418 3.8573
2.63747 -4.19429 3.85676
2.63558 -4.19427 3.85708
20MABNDA000334_PR005 0.003
2.62846 -4.19409 5.93405
2.58914 -4.19411 5.93321
2.62846 -4.19409 5.93405
2.60659 -4.19407 5.93989
2.62846 -4.19409 5.93405
20MABNDB000317_PR015 0.003
-2.57506 -4.19358 3.86562
-2.57506 -4.19358 3.86562
-2.57506 -4.19358 3.86562
-2.57506 -4.19358 3.86562
-2.57506 -4.19358 3.86562
20MABNDB000146_PR016 0.003
-2.60912 -4.19398 5.93043
-2.60912 -4.19398 5.93043
-2.60912 -4.19398 5.93043
-2.59862 -4.19403 5.93184


*****************************************************************Rapport********************************************************************************** 
CAM-EBA-US-IP_EBA-US-IP 2014.08.14.11.37.27 2.62791 -4.19426 3.85706 0.0164525 8.16483e-05 0.000173647 0.003VRAI 
CAM-EBA-US-HO_EBA-US-HO 2014.08.14.11.37.27 2.61622 -4.19409 5.93505 0.0159731 1.09336e-05 0.00244036 0.003VRAI 
CAM-EBA-USA-IP_EBA-USA-IP 2014.08.14.11.37.27 -2.57506 -4.19358 3.86562 0 0 0 0.003VRAI 
CAM-EBA-USA-HO_EBA-USA-HO 2014.08.14.11.37.27 -2.60649 -4.19399 5.93078 0.0045461 2.25059e-05 0.000613029 0.003VRAI 
