********** Fichier qui contient une sauvegarde des coordonnees images + coordonnees images transformees dans le repere BCAM (MOUNT) + coordonnees des prismes dans le repere MOUNT********** 
********************************************************************** Unite en metres (m)************************************************************************************************** 

*******************************************************************coordonnees images dans le repere CCD *********************************************************************************** 
20MABNDB000135_PR027
Spot 1 0.00185485 0.0012469
Spot 2 0.00209325 0.00124908
Spot 1 0.00185482 0.00124713
Spot 2 0.00209333 0.0012491
Spot 1 0.00185489 0.00124711
Spot 2 0.0020932 0.00124908
Spot 1 0.00185489 0.00124696
Spot 2 0.00209334 0.00124922
Spot 1 0.00185489 0.00124708
Spot 2 0.00209325 0.00124903
Spot 1 0.00185482 0.00124711
Spot 2 0.0020933 0.00124906
Spot 1 0.00185493 0.00124703
Spot 2 0.00209321 0.00124906
Spot 1 0.00185482 0.0012471
Spot 2 0.00209335 0.00124929
Spot 1 0.00185475 0.00124692
Spot 2 0.00209317 0.00124923
20MABNDB000126_PR028
Spot 1 0.00184796 0.00140835
Spot 2 0.00153224 0.00140712
Spot 1 0.00184791 0.00140836
Spot 2 0.00153231 0.00140707
Spot 1 0.00184796 0.00140837
Spot 2 0.00153229 0.00140711
Spot 1 0.00184793 0.00140831
Spot 2 0.00153223 0.00140714
Spot 1 0.00184791 0.00140836
Spot 2 0.00153215 0.00140708
Spot 1 0.00184808 0.00140837
Spot 2 0.00153232 0.00140725
Spot 1 0.00184792 0.00140839
Spot 2 0.00153217 0.00140707
Spot 1 0.00184788 0.00140829
Spot 2 0.00153223 0.00140705
20MABNDA000272_PR038
Spot 1 0.00203398 0.00138649
Spot 2 0.00179137 0.00138431
Spot 1 0.00203397 0.00138638
Spot 2 0.00179133 0.00138436
Spot 1 0.00203374 0.00138636
Spot 2 0.00179145 0.00138446
Spot 1 0.00203389 0.00138628
Spot 2 0.00179138 0.00138437
Spot 1 0.00203387 0.0013865
Spot 2 0.00179133 0.00138428
Spot 1 0.00203382 0.00138655
Spot 2 0.00179142 0.00138436
Spot 1 0.00203402 0.00138658
Spot 2 0.00179136 0.00138441
Spot 1 0.0020339 0.00138659
Spot 2 0.00179144 0.00138423
20MABNDA000003_PR039
Spot 1 0.00211592 0.00112576
Spot 2 0.0018025 0.00112746
Spot 1 0.00211599 0.0011257
Spot 2 0.00180252 0.0011274
Spot 1 0.0021159 0.00112584
Spot 2 0.00180242 0.00112741
Spot 1 0.00211597 0.0011258
Spot 2 0.00180248 0.00112746
Spot 1 0.00211595 0.00112575
Spot 2 0.00180238 0.00112743
Spot 1 0.002116 0.00112571
Spot 2 0.00180246 0.00112748
Spot 1 0.00211594 0.00112575
Spot 2 0.00180249 0.00112743
Spot 1 0.00211599 0.00112579
Spot 2 0.00180246 0.00112743


****************************************************************coordonnees images transformees dans le repere MOUNT************************************************************************* 
20MABNDB000135_PR027
Spot 1 -0.0125461 -0.0128657 -0.074647
Spot 2 -0.0123077 -0.0128662 -0.074647
Spot 1 -0.0125462 -0.0128655 -0.074647
Spot 2 -0.0123076 -0.0128662 -0.074647
Spot 1 -0.0125461 -0.0128655 -0.074647
Spot 2 -0.0123078 -0.0128662 -0.074647
Spot 1 -0.0125461 -0.0128657 -0.074647
Spot 2 -0.0123076 -0.0128661 -0.074647
Spot 1 -0.0125461 -0.0128656 -0.074647
Spot 2 -0.0123077 -0.0128663 -0.074647
Spot 1 -0.0125462 -0.0128655 -0.074647
Spot 2 -0.0123077 -0.0128662 -0.074647
Spot 1 -0.0125461 -0.0128656 -0.074647
Spot 2 -0.0123078 -0.0128662 -0.074647
Spot 1 -0.0125462 -0.0128655 -0.074647
Spot 2 -0.0123076 -0.012866 -0.074647
Spot 1 -0.0125462 -0.0128657 -0.074647
Spot 2 -0.0123078 -0.0128661 -0.074647
20MABNDB000126_PR028
Spot 1 -0.0123284 -0.0127727 -0.075004
Spot 2 -0.0126441 -0.0127756 -0.075004
Spot 1 -0.0123284 -0.0127727 -0.075004
Spot 2 -0.012644 -0.0127757 -0.075004
Spot 1 -0.0123284 -0.0127727 -0.075004
Spot 2 -0.012644 -0.0127757 -0.075004
Spot 1 -0.0123284 -0.0127728 -0.075004
Spot 2 -0.0126441 -0.0127756 -0.075004
Spot 1 -0.0123284 -0.0127727 -0.075004
Spot 2 -0.0126442 -0.0127757 -0.075004
Spot 1 -0.0123283 -0.0127727 -0.075004
Spot 2 -0.012644 -0.0127755 -0.075004
Spot 1 -0.0123284 -0.0127727 -0.075004
Spot 2 -0.0126441 -0.0127757 -0.075004
Spot 1 -0.0123284 -0.0127728 -0.075004
Spot 2 -0.0126441 -0.0127757 -0.075004
20MABNDA000272_PR038
Spot 1 -0.0128704 0.0127252 -0.074179
Spot 2 -0.0126278 0.0127269 -0.074179
Spot 1 -0.0128704 0.0127253 -0.074179
Spot 2 -0.0126277 0.0127269 -0.074179
Spot 1 -0.0128702 0.0127253 -0.074179
Spot 2 -0.0126279 0.0127268 -0.074179
Spot 1 -0.0128703 0.0127254 -0.074179
Spot 2 -0.0126278 0.0127269 -0.074179
Spot 1 -0.0128703 0.0127252 -0.074179
Spot 2 -0.0126277 0.012727 -0.074179
Spot 1 -0.0128702 0.0127251 -0.074179
Spot 2 -0.0126278 0.0127269 -0.074179
Spot 1 -0.0128704 0.0127251 -0.074179
Spot 2 -0.0126278 0.0127268 -0.074179
Spot 1 -0.0128703 0.0127251 -0.074179
Spot 2 -0.0126279 0.012727 -0.074179
20MABNDA000003_PR039
Spot 1 -0.012915 0.0129268 -0.073734
Spot 2 -0.0126016 0.0129243 -0.073734
Spot 1 -0.012915 0.0129269 -0.073734
Spot 2 -0.0126016 0.0129244 -0.073734
Spot 1 -0.012915 0.0129267 -0.073734
Spot 2 -0.0126015 0.0129243 -0.073734
Spot 1 -0.012915 0.0129268 -0.073734
Spot 2 -0.0126015 0.0129243 -0.073734
Spot 1 -0.012915 0.0129268 -0.073734
Spot 2 -0.0126014 0.0129243 -0.073734
Spot 1 -0.0129151 0.0129268 -0.073734
Spot 2 -0.0126015 0.0129243 -0.073734
Spot 1 -0.012915 0.0129268 -0.073734
Spot 2 -0.0126015 0.0129243 -0.073734
Spot 1 -0.012915 0.0129268 -0.073734
Spot 2 -0.0126015 0.0129243 -0.073734


*****************************************************************coordonnees du prisme dans le repere MOUNT********************************************************************************** 
20MABNDB000135_PR027
-0.0201833 -0.0220048 2.74936
-0.0201843 -0.0220094 2.74936
-0.0201832 -0.0220087 2.74936
-0.0201857 -0.0220085 2.74936
-0.0201841 -0.0220072 2.74936
-0.0201837 -0.0220083 2.74936
-0.0201841 -0.0220068 2.74936
-0.0201847 -0.0220123 2.74936
-0.0201801 -0.022008 2.74936
20MABNDB000126_PR028
-0.0177004 -0.0217815 2.14694
-0.0177007 -0.0217809 2.14694
-0.0177011 -0.0217816 2.14694
-0.0176998 -0.0217812 2.14694
-0.0176984 -0.0217811 2.14694
-0.0177033 -0.0217836 2.14694
-0.0176988 -0.0217814 2.14694
-0.0176991 -0.0217796 2.14694
20MABNDA000272_PR038
-0.00952457 0.0267214 2.74962
-0.00952549 0.0267203 2.74962
-0.0095275 0.0267217 2.74962
-0.00952604 0.0267186 2.74962
-0.00952732 0.026721 2.74962
-0.00952658 0.0267234 2.74962
-0.00952402 0.0267248 2.74962
-0.00952476 0.0267217 2.74962
20MABNDA000003_PR039
-0.011155 0.0183888 2.1491
-0.0111538 0.0183871 2.1491
-0.0111565 0.0183893 2.1491
-0.0111546 0.0183894 2.1491
-0.0111563 0.0183883 2.1491
-0.0111545 0.0183884 2.1491
-0.0111549 0.0183883 2.1491
-0.0111546 0.0183888 2.1491


*****************************************************************coordonnees du prisme dans le repere ATLAS********************************************************************************** 
20MABNDB000135_PR027 0.003
2.60132 -4.19483 -3.81196
2.60132 -4.19483 -3.81196
2.60132 -4.19483 -3.81196
2.60131 -4.19483 -3.81196
2.60132 -4.19483 -3.81196
2.60132 -4.19483 -3.81196
2.60132 -4.19483 -3.81196
2.60132 -4.19483 -3.81196
2.60132 -4.19483 -3.81196
20MABNDB000126_PR028 0.003
2.60821 -4.19395 -5.91044
2.60821 -4.19395 -5.91044
2.60821 -4.19395 -5.91044
2.60821 -4.19395 -5.91044
2.60821 -4.19395 -5.91044
2.60821 -4.19395 -5.91044
2.60821 -4.19395 -5.91044
2.60821 -4.19395 -5.91044
20MABNDA000272_PR038 0.003
-2.61501 -4.19402 -3.81176
-2.61501 -4.19402 -3.81176
-2.615 -4.19402 -3.81176
-2.615 -4.19402 -3.81177
-2.615 -4.19402 -3.81176
-2.615 -4.19402 -3.81176
-2.61501 -4.19402 -3.81176
-2.61501 -4.19402 -3.81176
20MABNDA000003_PR039 0.003
-2.61057 -4.19393 -5.91438
-2.61057 -4.19393 -5.91438
-2.61057 -4.19393 -5.91438
-2.61057 -4.19393 -5.91438
-2.61057 -4.19393 -5.91438
-2.61057 -4.19393 -5.91438
-2.61057 -4.19393 -5.91438
-2.61057 -4.19393 -5.91438


*****************************************************************Rapport********************************************************************************** 
CAM-EBC-US-IP_EBC-US-IP 2014.08.15.09.06.51 2.60132 -4.19483 -3.81196 1.49151e-06 0 1.89554e-06 0.003 VRAI 
CAM-EBC-US-HO_EBC-US-HO 2014.08.15.09.06.51 2.60821 -4.19395 -5.91044 1.43918e-06 0 1.00977e-06 0.003 VRAI 
CAM-EBC-USA-IP_EBC-USA-IP 2014.08.15.09.06.51 -2.615 -4.19402 -3.81176 1.14961e-06 0 1.75176e-06 0.003 VRAI 
CAM-EBC-USA-HO_EBC-USA-HO 2014.08.15.09.06.51 -2.61057 -4.19393 -5.91438 8.99517e-07 0 7.70262e-07 0.003 VRAI 
