********** Fichier qui contient une sauvegarde des coordonnees images + coordonnees images transformees dans le repere BCAM (MOUNT) + coordonnees des prismes dans le repere MOUNT********** 
********************************************************************** Unite en metres (m)************************************************************************************************** 

*******************************************************************coordonnees images dans le repere CCD *********************************************************************************** 
20MABNDA000196_PR006
Spot 1   0.00198246   0.00074733
Spot 2   0.00161256   0.00074392
Spot 1   0.00198242   0.00074706
Spot 2   0.00161222   0.00074364
Spot 1   0.00198259   0.00074651
Spot 2   0.00161239   0.00074330
Spot 1   0.00198340   0.00074712
Spot 2   0.00161300   0.00074374
Spot 1   0.00198347   0.00074731
Spot 2   0.00161311   0.00074397
Spot 1   0.00198373   0.00074750
Spot 2   0.00161358   0.00074435
Spot 1   0.00198297   0.00074724
Spot 2   0.00161280   0.00074379
Spot 1   0.00198287   0.00074709
Spot 2   0.00161234   0.00074367
Spot 1   0.00198259   0.00074702
Spot 2   0.00161234   0.00074344
Spot 1   0.00198382   0.00074702
Spot 2   0.00161341   0.00074394
Spot 1   0.00198407   0.00074780
Spot 2   0.00161404   0.00074440
20MABNDA000324_PR007
Spot 1   0.00195217   0.00121310
Spot 2   0.00174620   0.00121916
Spot 1   0.00195216   0.00121325
Spot 2   0.00174611   0.00121925
Spot 1   0.00195220   0.00121330
Spot 2   0.00174609   0.00121911
Spot 1   0.00195215   0.00121329
Spot 2   0.00174615   0.00121925
Spot 1   0.00195215   0.00121323
Spot 2   0.00174602   0.00121916
Spot 1   0.00195208   0.00121320
Spot 2   0.00174616   0.00121908
Spot 1   0.00195243   0.00121310
Spot 2   0.00174606   0.00121911
Spot 1   0.00195223   0.00121314
Spot 2   0.00174604   0.00121904
Spot 1   0.00195204   0.00121321
Spot 2   0.00174631   0.00121905
Spot 1   0.00195214   0.00121316
Spot 2   0.00174606   0.00121913
20MABNDB000001_PR017
Spot 1   0.00187211   0.00046771
Spot 2   0.00224179   0.00047671
Spot 1   0.00187211   0.00046768
Spot 2   0.00224188   0.00047667
Spot 1   0.00187208   0.00046780
Spot 2   0.00224190   0.00047679
Spot 1   0.00187226   0.00046778
Spot 2   0.00224204   0.00047653
Spot 1   0.00187213   0.00046772
Spot 2   0.00224194   0.00047658
Spot 1   0.00187207   0.00046780
Spot 2   0.00224192   0.00047687
Spot 1   0.00187184   0.00046783
Spot 2   0.00224170   0.00047684
Spot 1   0.00187207   0.00046777
Spot 2   0.00224188   0.00047681
Spot 1   0.00187204   0.00046773
Spot 2   0.00224173   0.00047657
Spot 1   0.00187210   0.00046779
Spot 2   0.00224187   0.00047683
20MABNDB000260_PR019
Spot 1   0.00192885   0.00149904
Spot 2   0.00213323   0.00149905
Spot 1   0.00192856   0.00149897
Spot 2   0.00213292   0.00149942
Spot 1   0.00192857   0.00149929
Spot 2   0.00213333   0.00149936
Spot 1   0.00192868   0.00149879
Spot 2   0.00213292   0.00149929
Spot 1   0.00192862   0.00149913
Spot 2   0.00213319   0.00149934
Spot 1   0.00192863   0.00149927
Spot 2   0.00213316   0.00149947
Spot 1   0.00192842   0.00149916
Spot 2   0.00213321   0.00149949
Spot 1   0.00192861   0.00149920
Spot 2   0.00213265   0.00149907
Spot 1   0.00192853   0.00149925
Spot 2   0.00213253   0.00149932
Spot 1   0.00192855   0.00149928
Spot 2   0.00213310   0.00149918


****************************************************************coordonnees images transformees dans le repere MOUNT************************************************************************* 
20MABNDA000196_PR006
Spot 1  -0.01293740   0.01323085  -0.07967100
Spot 2  -0.01256749   0.01322951  -0.07967100
Spot 1  -0.01293735   0.01323112  -0.07967100
Spot 2  -0.01256714   0.01322978  -0.07967100
Spot 1  -0.01293752   0.01323167  -0.07967100
Spot 2  -0.01256731   0.01323012  -0.07967100
Spot 1  -0.01293834   0.01323107  -0.07967100
Spot 2  -0.01256792   0.01322969  -0.07967100
Spot 1  -0.01293841   0.01323088  -0.07967100
Spot 2  -0.01256804   0.01322946  -0.07967100
Spot 1  -0.01293867   0.01323070  -0.07967100
Spot 2  -0.01256851   0.01322909  -0.07967100
Spot 1  -0.01293791   0.01323095  -0.07967100
Spot 2  -0.01256772   0.01322964  -0.07967100
Spot 1  -0.01293781   0.01323110  -0.07967100
Spot 2  -0.01256726   0.01322975  -0.07967100
Spot 1  -0.01293752   0.01323116  -0.07967100
Spot 2  -0.01256726   0.01322998  -0.07967100
Spot 1  -0.01293875   0.01323118  -0.07967100
Spot 2  -0.01256834   0.01322950  -0.07967100
Spot 1  -0.01293901   0.01323040  -0.07967100
Spot 2  -0.01256897   0.01322904  -0.07967100
20MABNDA000324_PR007
Spot 1  -0.01255788   0.01280844  -0.07446800
Spot 2  -0.01235186   0.01280399  -0.07446800
Spot 1  -0.01255786   0.01280829  -0.07446800
Spot 2  -0.01235177   0.01280390  -0.07446800
Spot 1  -0.01255790   0.01280824  -0.07446800
Spot 2  -0.01235176   0.01280404  -0.07446800
Spot 1  -0.01255785   0.01280825  -0.07446800
Spot 2  -0.01235181   0.01280390  -0.07446800
Spot 1  -0.01255785   0.01280831  -0.07446800
Spot 2  -0.01235168   0.01280399  -0.07446800
Spot 1  -0.01255778   0.01280834  -0.07446800
Spot 2  -0.01235182   0.01280407  -0.07446800
Spot 1  -0.01255814   0.01280844  -0.07446800
Spot 2  -0.01235172   0.01280404  -0.07446800
Spot 1  -0.01255793   0.01280840  -0.07446800
Spot 2  -0.01235171   0.01280411  -0.07446800
Spot 1  -0.01255774   0.01280833  -0.07446800
Spot 2  -0.01235197   0.01280410  -0.07446800
Spot 1  -0.01255784   0.01280838  -0.07446800
Spot 2  -0.01235172   0.01280402  -0.07446800
20MABNDB000001_PR017
Spot 1  -0.01231594  -0.01352166  -0.07418400
Spot 2  -0.01194619  -0.01351657  -0.07418400
Spot 1  -0.01231594  -0.01352169  -0.07418400
Spot 2  -0.01194610  -0.01351661  -0.07418400
Spot 1  -0.01231597  -0.01352157  -0.07418400
Spot 2  -0.01194608  -0.01351649  -0.07418400
Spot 1  -0.01231579  -0.01352159  -0.07418400
Spot 2  -0.01194594  -0.01351675  -0.07418400
Spot 1  -0.01231592  -0.01352165  -0.07418400
Spot 2  -0.01194604  -0.01351670  -0.07418400
Spot 1  -0.01231598  -0.01352157  -0.07418400
Spot 2  -0.01194606  -0.01351641  -0.07418400
Spot 1  -0.01231621  -0.01352154  -0.07418400
Spot 2  -0.01194628  -0.01351644  -0.07418400
Spot 1  -0.01231598  -0.01352160  -0.07418400
Spot 2  -0.01194610  -0.01351647  -0.07418400
Spot 1  -0.01231601  -0.01352164  -0.07418400
Spot 2  -0.01194625  -0.01351671  -0.07418400
Spot 1  -0.01231595  -0.01352158  -0.07418400
Spot 2  -0.01194611  -0.01351645  -0.07418400
20MABNDB000260_PR019
Spot 1  -0.01240242  -0.01240337  -0.07492700
Spot 2  -0.01219808  -0.01239917  -0.07492700
Spot 1  -0.01240270  -0.01240345  -0.07492700
Spot 2  -0.01219840  -0.01239881  -0.07492700
Spot 1  -0.01240270  -0.01240313  -0.07492700
Spot 2  -0.01219799  -0.01239886  -0.07492700
Spot 1  -0.01240258  -0.01240363  -0.07492700
Spot 2  -0.01219839  -0.01239894  -0.07492700
Spot 1  -0.01240265  -0.01240329  -0.07492700
Spot 2  -0.01219813  -0.01239888  -0.07492700
Spot 1  -0.01240264  -0.01240315  -0.07492700
Spot 2  -0.01219816  -0.01239875  -0.07492700
Spot 1  -0.01240285  -0.01240326  -0.07492700
Spot 2  -0.01219811  -0.01239873  -0.07492700
Spot 1  -0.01240266  -0.01240322  -0.07492700
Spot 2  -0.01219866  -0.01239916  -0.07492700
Spot 1  -0.01240274  -0.01240317  -0.07492700
Spot 2  -0.01219878  -0.01239892  -0.07492700
Spot 1  -0.01240272  -0.01240314  -0.07492700
Spot 2  -0.01219821  -0.01239905  -0.07492700


*****************************************************************coordonnees du prisme dans le repere MOUNT********************************************************************************** 
20MABNDA000196_PR006
 -0.01051834   0.01031721   1.64206481
 -0.01052257   0.01031125   1.64206481
 -0.01051898   0.01030149   1.64206481
 -0.01050332   0.01031275   1.64206481
 -0.01050130   0.01031732   1.64206481
 -0.01049324   0.01032344   1.64206481
 -0.01051018   0.01031470   1.64206481
 -0.01051633   0.01031182   1.64206481
 -0.01051944   0.01030859   1.64206481
 -0.01049423   0.01031373   1.64206481
 -0.01048446   0.01032715   1.64206481
20MABNDA000324_PR007
 -0.02509301   0.02789833   2.95549226
 -0.02509501   0.02790302   2.95549226
 -0.02509461   0.02790124   2.95549226
 -0.02509442   0.02790381   2.95549226
 -0.02509697   0.02790084   2.95549226
 -0.02509558   0.02789869   2.95549226
 -0.02509065   0.02789735   2.95549226
 -0.02509496   0.02789673   2.95549226
 -0.02509342   0.02789833   2.95549226
 -0.02509637   0.02789888   2.95549226
20MABNDB000001_PR017
 -0.02383592  -0.00347454   1.64036572
 -0.02383689  -0.00347376   1.64036572
 -0.02383681  -0.00347638   1.64036572
 -0.02384028  -0.00347328   1.64036572
 -0.02383777  -0.00347319   1.64036572
 -0.02383693  -0.00347725   1.64036572
 -0.02383202  -0.00347731   1.64036572
 -0.02383649  -0.00347628   1.64036572
 -0.02383448  -0.00347323   1.64036572
 -0.02383672  -0.00347672   1.64036572
20MABNDB000260_PR019
 -0.02463212  -0.03821561   2.95627499
 -0.02462018  -0.03822125   2.95627499
 -0.02462836  -0.03822655   2.95627475
 -0.02462268  -0.03821522   2.95627499
 -0.02462666  -0.03822296   2.95627499
 -0.02462616  -0.03822828   2.95627475
 -0.02462304  -0.03822644   2.95627475
 -0.02461591  -0.03821880   2.95627499
 -0.02461186  -0.03822463   2.95627499
 -0.02462352  -0.03822270   2.95627499


*****************************************************************coordonnees du prisme dans le repere ATLAS********************************************************************************** 
20MABNDA000196_PR006 0.00000000
  2.58497834  -4.19496346   6.54826975
  2.58498263  -4.19496346   6.54826403
  2.58497906  -4.19496346   6.54825401
  2.58496332  -4.19496346   6.54826546
  2.58496141  -4.19496346   6.54826975
  2.58495331  -4.19496346   6.54827595
  2.58497024  -4.19496346   6.54826736
  2.58497643  -4.19496346   6.54826450
  2.58497953  -4.19496346   6.54826117
  2.58495426  -4.19496346   6.54826641
  2.58494449  -4.19496346   6.54827976
20MABNDA000324_PR007 0.00000000
  2.59422469  -4.13996601   6.94801474
  2.59422255  -4.13996601   6.94800997
  2.59422302  -4.13996601   6.94801188
  2.59422326  -4.13996601   6.94800901
  2.59422064  -4.13996601   6.94801188
  2.59422207  -4.13996601   6.94801426
  2.59422708  -4.13996601   6.94801569
  2.59422278  -4.13996601   6.94801617
  2.59422421  -4.13996601   6.94801474
  2.59422135  -4.13996601   6.94801426
20MABNDB000001_PR017 0.00000000
 -2.59754086  -4.19505072   6.53879642
 -2.59754181  -4.19505072   6.53879547
 -2.59754181  -4.19505024   6.53879833
 -2.59754515  -4.19505072   6.53879499
 -2.59754276  -4.19505072   6.53879499
 -2.59754181  -4.19505024   6.53879881
 -2.59753704  -4.19505024   6.53879881
 -2.59754133  -4.19505024   6.53879786
 -2.59753942  -4.19505072   6.53879499
 -2.59754157  -4.19505024   6.53879833
20MABNDB000260_PR019 0.00000000
 -2.60412288  -4.13995934   6.94243002
 -2.60413480  -4.13995934   6.94242430
 -2.60412669  -4.13995934   6.94241905
 -2.60413241  -4.13995934   6.94243050
 -2.60412836  -4.13995934   6.94242239
 -2.60412884  -4.13995934   6.94241714
 -2.60413194  -4.13995934   6.94241905
 -2.60413909  -4.13995934   6.94242668
 -2.60414314  -4.13995934   6.94242096
 -2.60413146  -4.13995934   6.94242287


*****************************************************************Rapport********************************************************************************** 
CAM-JDA-US-IP_JDA-US-IP     2014.09.12.11.38.25   2.58496755  -4.19496346   6.54826710   0.00001233   0.00000000   0.00000660 0.00000000 VRAI 
CAM-JDA-US-HO_JDA-US-HO     2014.09.12.11.38.25   2.59422317  -4.13996601   6.94801326   0.00000174   0.00000000   0.00000231 0.00000000 VRAI 
CAM-JDA-USA-IP_JDA-USA-IP   2014.09.12.11.38.25  -2.59754136  -4.19505048   6.53879690   0.00000199   0.00000024   0.00000160 0.00000000 VRAI 
CAM-JDA-USA-HO_JDA-USA-HO   2014.09.12.11.38.25  -2.60413196  -4.13995934   6.94242330   0.00000563   0.00000000   0.00000436 0.00000000 VRAI 
