********** Fichier qui contient une sauvegarde des coordonnees images + coordonnees images transformees dans le repere BCAM (MOUNT) + coordonnees des prismes dans le repere MOUNT********** 
********************************************************************** Unite en metres (m)************************************************************************************************** 

*******************************************************************coordonnees images dans le repere CCD *********************************************************************************** 
20MABNDA000318_PR004
Spot 1   0.00339500   0.00012500
Spot 2   0.00078500   0.00002500
Spot 1   0.00035500   0.00009500
Spot 2   0.00339500   0.00012500
Spot 1   0.00241167   0.00009500
Spot 2   0.00339500   0.00012500
Spot 1   0.00339500   0.00012500
Spot 2   0.00321833   0.00011167
Spot 1   0.00339500   0.00012500
Spot 2   0.00090000   0.00032000
20MABNDA000334_PR005
Spot 1   0.00237500   0.00003500
Spot 2   0.00311500   0.00058500
Spot 1   0.00237500   0.00003500
Spot 2   0.00311500   0.00058500
Spot 1   0.00237500   0.00003500
Spot 2   0.00158500   0.00017500
Spot 1   0.00237500   0.00003500
Spot 2   0.00311500   0.00058500
Spot 1   0.00237500   0.00003500
Spot 2   0.00311500   0.00058500
20MABNDB000317_PR015
Spot 1   0.00270500   0.00011500
Spot 2   0.00180500   0.00014500
Spot 1   0.00270500   0.00011500
Spot 2   0.00180500   0.00014500
Spot 1   0.00270500   0.00011500
Spot 2   0.00180500   0.00014500
Spot 1   0.00270500   0.00011500
Spot 2   0.00180500   0.00014500
Spot 1   0.00270500   0.00011500
Spot 2   0.00180500   0.00014500
20MABNDB000146_PR016
Spot 1   0.00257500   0.00011500
Spot 2   0.00157500   0.00023500
Spot 1   0.00257500   0.00011500
Spot 2   0.00157500   0.00023500
Spot 1   0.00257500   0.00011500
Spot 2   0.00157500   0.00023500
Spot 1   0.00257500   0.00011500
Spot 2   0.00157500   0.00023500
Spot 1   0.00257500   0.00011500
Spot 2   0.00157500   0.00023500


****************************************************************coordonnees images transformees dans le repere MOUNT************************************************************************* 
20MABNDA000318_PR004
Spot 1 -0.01411921 0.01396657 -0.07310601
Spot 2 -0.01150952 0.01407422 -0.07310601
Spot 1 -0.01107931 0.01400548 -0.07310601
Spot 2 -0.01411921 0.01396657 -0.07310601
Spot 1 -0.01313598 0.01399945 -0.07310601
Spot 2 -0.01411921 0.01396657 -0.07310601
Spot 1 -0.01411921 0.01396657 -0.07310601
Spot 2 -0.01394258 0.01398042 -0.07310601
Spot 1 -0.01411921 0.01396657 -0.07310601
Spot 2 -0.01162365 0.01377888 -0.07310601
20MABNDA000334_PR005
Spot 1 -0.01301664 0.01409330 -0.07324100
Spot 2 -0.01375716 0.01354400 -0.07324100
Spot 1 -0.01301664 0.01409330 -0.07324100
Spot 2 -0.01375716 0.01354400 -0.07324100
Spot 1 -0.01301664 0.01409330 -0.07324100
Spot 2 -0.01222677 0.01395255 -0.07324100
Spot 1 -0.01301664 0.01409330 -0.07324100
Spot 2 -0.01375716 0.01354400 -0.07324100
Spot 1 -0.01301664 0.01409330 -0.07324100
Spot 2 -0.01375716 0.01354400 -0.07324100
20MABNDB000317_PR015
Spot 1 -0.01143207 -0.01396877 -0.07326100
Spot 2 -0.01233236 -0.01394925 -0.07326100
Spot 1 -0.01143207 -0.01396877 -0.07326100
Spot 2 -0.01233236 -0.01394925 -0.07326100
Spot 1 -0.01143207 -0.01396877 -0.07326100
Spot 2 -0.01233236 -0.01394925 -0.07326100
Spot 1 -0.01143207 -0.01396877 -0.07326100
Spot 2 -0.01233236 -0.01394925 -0.07326100
Spot 1 -0.01143207 -0.01396877 -0.07326100
Spot 2 -0.01233236 -0.01394925 -0.07326100
20MABNDB000146_PR016
Spot 1 -0.01163067 -0.01367611 -0.07450499
Spot 2 -0.01263093 -0.01355832 -0.07450499
Spot 1 -0.01163067 -0.01367611 -0.07450499
Spot 2 -0.01263093 -0.01355832 -0.07450499
Spot 1 -0.01163067 -0.01367611 -0.07450499
Spot 2 -0.01263093 -0.01355832 -0.07450499
Spot 1 -0.01163067 -0.01367611 -0.07450499
Spot 2 -0.01263093 -0.01355832 -0.07450499
Spot 1 -0.01163067 -0.01367611 -0.07450499
Spot 2 -0.01263093 -0.01355832 -0.07450499


*****************************************************************coordonnees du prisme dans le repere MOUNT********************************************************************************** 
20MABNDA000318_PR004
-0.00634240 -0.01850820 2.74947762
-0.01423377 -0.01724745 2.74949861
0.02349099 -0.01713429 2.74926257
0.03828201 -0.01678266 2.74903178
-0.00424853 -0.01309097 2.74952888
20MABNDA000334_PR005
0.00746864 -0.00479131 2.14969850
0.00746864 -0.00479131 2.14969850
-0.01439830 -0.01062927 2.14973521
0.00746864 -0.00479131 2.14969850
0.00746864 -0.00479131 2.14969850
20MABNDB000317_PR015
-0.04192729 0.01912729 2.75086594
-0.04192729 0.01912729 2.75086594
-0.04192729 0.01912729 2.75086594
-0.04192729 0.01912729 2.75086594
-0.04192729 0.01912729 2.75086594
20MABNDB000146_PR016
-0.02767596 0.00149380 2.15199137
-0.02767596 0.00149380 2.15199137
-0.02767596 0.00149380 2.15199137
-0.02767596 0.00149380 2.15199137
-0.02767596 0.00149380 2.15199137


*****************************************************************coordonnees du prisme dans le repere ATLAS********************************************************************************** 
20MABNDA000318_PR004 0.00300000
2.61536622 -4.19414377 3.85554457
2.60747480 -4.19412756 3.85428405
2.64519978 -4.19434357 3.85416961
2.65999079 -4.19456625 3.85381770
2.61746001 -4.19409418 3.85012722
20MABNDA000334_PR005 0.00300000
2.62846446 -4.19409466 5.93405390
2.62846446 -4.19409466 5.93405390
2.60659695 -4.19407320 5.93988943
2.62846446 -4.19409466 5.93405390
2.62846446 -4.19409466 5.93405390
20MABNDB000317_PR015 0.00300000
-2.57501435 -4.19358397 3.86561298
-2.57501435 -4.19358397 3.86561298
-2.57501435 -4.19358397 3.86561298
-2.57501435 -4.19358397 3.86561298
-2.57501435 -4.19358397 3.86561298
20MABNDB000146_PR016 0.00300000
-2.59861779 -4.19403315 5.93184376
-2.59861779 -4.19403315 5.93184376
-2.59861779 -4.19403315 5.93184376
-2.59861779 -4.19403315 5.93184376
-2.59861779 -4.19403315 5.93184376


*****************************************************************Rapport********************************************************************************** 
CAM-EBA-US-IP_EBA-US-IP 2014.08.25.10.54.02 2.62909832 -4.19425507 3.85358863 0.02002598 0.00017844 0.00182651 0.00300000 VRAI 
CAM-EBA-US-HO_EBA-US-HO 2014.08.25.10.54.02 2.62409096 -4.19409037 5.93522100 0.00874701 0.00000858 0.00233421 0.00300000 VRAI 
CAM-EBA-USA-IP_EBA-USA-IP 2014.08.25.10.54.02 -2.57501435 -4.19358397 3.86561298 0.00000000 0.00000000 0.00000000 0.00300000 VRAI 
CAM-EBA-USA-HO_EBA-USA-HO 2014.08.25.10.54.02 -2.59861779 -4.19403315 5.93184376 0.00000000 0.00000000 0.00000000 0.00300000 VRAI 
