********** Fichier qui contient une sauvegarde des coordonnees images + coordonnees images transformees dans le repere BCAM (MOUNT) + coordonnees des prismes dans le repere MOUNT********** 
********************************************************************** Unite en metres (m)************************************************************************************************** 

*******************************************************************coordonnees images dans le repere CCD *********************************************************************************** 
20MABNDB000135_PR027
Spot 1 0.00185486 0.0012472
Spot 2 0.00209336 0.00124916
Spot 1 0.00185482 0.00124724
Spot 2 0.00209332 0.0012493
Spot 1 0.00185486 0.00124717
Spot 2 0.00209328 0.00124933
Spot 1 0.00185493 0.00124719
Spot 2 0.00209329 0.00124924
Spot 1 0.00185489 0.00124727
Spot 2 0.00209341 0.0012493
Spot 1 0.00185475 0.00124725
Spot 2 0.00209321 0.00124931
Spot 1 0.00185489 0.00124736
Spot 2 0.00209327 0.00124925
Spot 1 0.00185496 0.00124731
Spot 2 0.00209319 0.00124923
Spot 1 0.001855 0.00124732
Spot 2 0.00209321 0.00124936
20MABNDB000126_PR028
Spot 1 0.00184798 0.00140805
Spot 2 0.00153236 0.00140668
Spot 1 0.00184805 0.00140807
Spot 2 0.00153233 0.00140675
Spot 1 0.00184796 0.00140812
Spot 2 0.00153231 0.00140672
Spot 1 0.00184802 0.00140806
Spot 2 0.00153238 0.00140667
Spot 1 0.00184798 0.00140808
Spot 2 0.0015324 0.00140665
Spot 1 0.00184802 0.0014081
Spot 2 0.00153238 0.0014068
Spot 1 0.00184806 0.00140798
Spot 2 0.00153238 0.00140653
Spot 1 0.00184808 0.00140802
Spot 2 0.00153235 0.00140673
20MABNDA000272_PR038
Spot 1 0.00203402 0.00138649
Spot 2 0.00179149 0.00138544
Spot 1 0.00203387 0.00138661
Spot 2 0.00179134 0.00138535
Spot 1 0.00203379 0.00138648
Spot 2 0.00179139 0.0013854
Spot 1 0.00203375 0.0013867
Spot 2 0.00179138 0.00138578
Spot 1 0.00203387 0.00138651
Spot 2 0.00179143 0.00138545
Spot 1 0.00203394 0.00138658
Spot 2 0.00179135 0.00138541
Spot 1 0.0020339 0.00138658
Spot 2 0.00179123 0.00138542
Spot 1 0.00203393 0.0013865
Spot 2 0.00179137 0.00138556
20MABNDA000003_PR039
Spot 1 0.00211559 0.00112547
Spot 2 0.00180217 0.0011271
Spot 1 0.00211564 0.00112548
Spot 2 0.00180217 0.00112716
Spot 1 0.0021156 0.00112549
Spot 2 0.00180222 0.00112715
Spot 1 0.0021156 0.00112546
Spot 2 0.00180225 0.00112714
Spot 1 0.00211558 0.00112548
Spot 2 0.00180221 0.00112718
Spot 1 0.00211566 0.00112554
Spot 2 0.00180223 0.00112713
Spot 1 0.00211555 0.00112538
Spot 2 0.00180219 0.00112708
Spot 1 0.00211558 0.00112545
Spot 2 0.0018022 0.00112717


****************************************************************coordonnees images transformees dans le repere MOUNT************************************************************************* 
20MABNDB000135_PR027
Spot 1 -0.0125461 -0.0128654 -0.074647
Spot 2 -0.0123076 -0.0128661 -0.074647
Spot 1 -0.0125462 -0.0128654 -0.074647
Spot 2 -0.0123077 -0.012866 -0.074647
Spot 1 -0.0125461 -0.0128655 -0.074647
Spot 2 -0.0123077 -0.012866 -0.074647
Spot 1 -0.0125461 -0.0128654 -0.074647
Spot 2 -0.0123077 -0.0128661 -0.074647
Spot 1 -0.0125461 -0.0128654 -0.074647
Spot 2 -0.0123076 -0.012866 -0.074647
Spot 1 -0.0125462 -0.0128654 -0.074647
Spot 2 -0.0123078 -0.012866 -0.074647
Spot 1 -0.0125461 -0.0128653 -0.074647
Spot 2 -0.0123077 -0.012866 -0.074647
Spot 1 -0.012546 -0.0128653 -0.074647
Spot 2 -0.0123078 -0.0128661 -0.074647
Spot 1 -0.012546 -0.0128653 -0.074647
Spot 2 -0.0123078 -0.0128659 -0.074647
20MABNDB000126_PR028
Spot 1 -0.0123283 -0.012773 -0.075004
Spot 2 -0.012644 -0.0127761 -0.075004
Spot 1 -0.0123283 -0.012773 -0.075004
Spot 2 -0.012644 -0.012776 -0.075004
Spot 1 -0.0123284 -0.012773 -0.075004
Spot 2 -0.012644 -0.012776 -0.075004
Spot 1 -0.0123283 -0.012773 -0.075004
Spot 2 -0.0126439 -0.0127761 -0.075004
Spot 1 -0.0123283 -0.012773 -0.075004
Spot 2 -0.0126439 -0.0127761 -0.075004
Spot 1 -0.0123283 -0.012773 -0.075004
Spot 2 -0.0126439 -0.012776 -0.075004
Spot 1 -0.0123283 -0.0127731 -0.075004
Spot 2 -0.0126439 -0.0127762 -0.075004
Spot 1 -0.0123282 -0.0127731 -0.075004
Spot 2 -0.012644 -0.012776 -0.075004
20MABNDA000272_PR038
Spot 1 -0.0128704 0.0127252 -0.074179
Spot 2 -0.0126279 0.0127258 -0.074179
Spot 1 -0.0128703 0.0127251 -0.074179
Spot 2 -0.0126278 0.0127259 -0.074179
Spot 1 -0.0128702 0.0127252 -0.074179
Spot 2 -0.0126278 0.0127258 -0.074179
Spot 1 -0.0128702 0.012725 -0.074179
Spot 2 -0.0126278 0.0127255 -0.074179
Spot 1 -0.0128703 0.0127252 -0.074179
Spot 2 -0.0126279 0.0127258 -0.074179
Spot 1 -0.0128704 0.0127251 -0.074179
Spot 2 -0.0126278 0.0127258 -0.074179
Spot 1 -0.0128703 0.0127251 -0.074179
Spot 2 -0.0126277 0.0127258 -0.074179
Spot 1 -0.0128704 0.0127252 -0.074179
Spot 2 -0.0126278 0.0127257 -0.074179
20MABNDA000003_PR039
Spot 1 -0.0129146 0.0129271 -0.073734
Spot 2 -0.0126012 0.0129247 -0.073734
Spot 1 -0.0129147 0.0129271 -0.073734
Spot 2 -0.0126012 0.0129246 -0.073734
Spot 1 -0.0129147 0.0129271 -0.073734
Spot 2 -0.0126013 0.0129246 -0.073734
Spot 1 -0.0129147 0.0129271 -0.073734
Spot 2 -0.0126013 0.0129246 -0.073734
Spot 1 -0.0129146 0.0129271 -0.073734
Spot 2 -0.0126013 0.0129246 -0.073734
Spot 1 -0.0129147 0.012927 -0.073734
Spot 2 -0.0126013 0.0129246 -0.073734
Spot 1 -0.0129146 0.0129272 -0.073734
Spot 2 -0.0126012 0.0129247 -0.073734
Spot 1 -0.0129146 0.0129271 -0.073734
Spot 2 -0.0126013 0.0129246 -0.073734


*****************************************************************coordonnees du prisme dans le repere MOUNT********************************************************************************** 
20MABNDB000135_PR027 0
-0.0201856 -0.0220118 2.74936
-0.0201842 -0.0220151 2.74936
-0.0201842 -0.0220143 2.74936
-0.0201856 -0.022013 2.74936
-0.0201871 -0.0220156 2.74936
-0.0201809 -0.0220155 2.74936
-0.0201845 -0.0220163 2.74936
-0.0201843 -0.0220151 2.74936
-0.0201855 -0.0220176 2.74936
20MABNDB000126_PR028 0
-0.0177025 -0.021771 2.14694
-0.017703 -0.0217723 2.14694
-0.0177015 -0.0217725 2.14694
-0.0177033 -0.021771 2.14694
-0.017703 -0.021771 2.14694
-0.0177033 -0.0217734 2.14694
-0.0177039 -0.0217678 2.14694
-0.0177037 -0.0217713 2.14694
20MABNDA000272_PR038 0
-0.0095216 0.0267421 2.74962
-0.00952709 0.0267426 2.74962
-0.00952766 0.0267412 2.74962
-0.00952856 0.0267521 2.74962
-0.00952546 0.0267426 2.74962
-0.00952564 0.0267432 2.74962
-0.00952856 0.0267434 2.74962
-0.00952546 0.0267445 2.74962
20MABNDA000003_PR039 0
-0.0111645 0.0183796 2.1491
-0.0111638 0.0183806 2.1491
-0.0111636 0.0183806 2.1491
-0.0111632 0.01838 2.1491
-0.0111641 0.0183808 2.1491
-0.0111626 0.018381 2.1491
-0.0111648 0.018378 2.1491
-0.0111642 0.0183803 2.1491


*****************************************************************coordonnees du prisme dans le repere ATLAS********************************************************************************** 
20MABNDB000135_PR027 0
-0.0201856 -0.0220118 2.74936
-0.0201842 -0.0220151 2.74936
-0.0201842 -0.0220143 2.74936
-0.0201856 -0.022013 2.74936
-0.0201871 -0.0220156 2.74936
-0.0201809 -0.0220155 2.74936
-0.0201845 -0.0220163 2.74936
-0.0201843 -0.0220151 2.74936
-0.0201855 -0.0220176 2.74936
20MABNDB000126_PR028 0
-0.0177025 -0.021771 2.14694
-0.017703 -0.0217723 2.14694
-0.0177015 -0.0217725 2.14694
-0.0177033 -0.021771 2.14694
-0.017703 -0.021771 2.14694
-0.0177033 -0.0217734 2.14694
-0.0177039 -0.0217678 2.14694
-0.0177037 -0.0217713 2.14694
20MABNDA000272_PR038 0
-0.0095216 0.0267421 2.74962
-0.00952709 0.0267426 2.74962
-0.00952766 0.0267412 2.74962
-0.00952856 0.0267521 2.74962
-0.00952546 0.0267426 2.74962
-0.00952564 0.0267432 2.74962
-0.00952856 0.0267434 2.74962
-0.00952546 0.0267445 2.74962
20MABNDA000003_PR039 0
-0.0111645 0.0183796 2.1491
-0.0111638 0.0183806 2.1491
-0.0111636 0.0183806 2.1491
-0.0111632 0.01838 2.1491
-0.0111641 0.0183808 2.1491
-0.0111626 0.018381 2.1491
-0.0111648 0.018378 2.1491
-0.0111642 0.0183803 2.1491


*****************************************************************Rapport********************************************************************************** 
CAM-EBC-US-IP_EBC-US-IP 2014.08.14.16.57.20 2.60132 -4.19783 -3.81195 1.62526e-06 0 1.65944e-06 0 VRAI 
CAM-EBC-US-HO_EBC-US-HO 2014.08.14.16.57.20 2.60821 -4.19695 -5.91045 7.53946e-07 0 1.59936e-06 0 VRAI 
CAM-EBC-USA-IP_EBC-USA-IP 2014.08.14.16.57.20 -2.615 -4.19702 -3.81174 2.18514e-06 0 3.23832e-06 0 VRAI 
CAM-EBC-USA-HO_EBC-USA-HO 2014.08.14.16.57.20 -2.61056 -4.19693 -5.91439 6.39189e-07 0 8.8408e-07 0 VRAI 
