********** Fichier qui contient une sauvegarde des coordonnees images + coordonnees images transformees dans le repere BCAM (MOUNT) + coordonnees des prismes dans le repere MOUNT********** 
********************************************************************** Unite en metres (m)************************************************************************************************** 

*******************************************************************coordonnees images dans le repere CCD *********************************************************************************** 
20MABNDM000168_PR025
Spot 1 0.00284206 0.00136823
Spot 2 0.00266733 0.00137141
Spot 1 0.00284193 0.00136814
Spot 2 0.0026674 0.0013714
Spot 1 0.00284191 0.00136842
Spot 2 0.00266722 0.00137171
Spot 1 0.00284202 0.00136836
Spot 2 0.00266736 0.00137155
Spot 1 0.002842 0.0013683
Spot 2 0.00266738 0.0013715
20MABNDM000168_PR026
Spot 1 0.00217882 0.00121853
Spot 2 -1e-06 -1e-06
Spot 1 0.00217844 0.00121906
Spot 2 -1e-06 -1e-06
Spot 1 0.002179 0.00121871
Spot 2 -1e-06 -1e-06
Spot 1 0.00217875 0.00121875
Spot 2 -1e-06 -1e-06
Spot 1 0.00217882 0.00121853
Spot 2 -1e-06 -1e-06
20MABNDM000168_PR001
Spot 1 0.002545 0.000145
Spot 2 0.002495 4e-05
Spot 1 0.000985 2.5e-05
Spot 2 0.002515 6.5e-05
Spot 1 0.0007375 8.5e-05
Spot 2 0.001115 8.167e-05
Spot 1 0.00072167 8.5e-05
Spot 2 0.002325 0.000115
Spot 1 0.00074167 8.5e-05
Spot 2 0.002785 8.833e-05
20MABNDM000168_20MABNDL000077
Spot 1 0.00157246 0.00139856
Spot 2 0.00166452 0.00089141
Spot 1 0.00157226 0.00139803
Spot 2 0.00166495 0.00089285
Spot 1 0.00157233 0.00139794
Spot 2 0.00166526 0.0008932
Spot 1 0.0015723 0.00139777
Spot 2 0.00134851 0.00100348
20MABNDL000196_PR036
Spot 1 0.00084713 0.00179086
Spot 2 0.00139825 0.0016654
Spot 1 0.00084709 0.00179121
Spot 2 0.00139829 0.00166544
Spot 1 0.00084709 0.00179097
Spot 2 0.00139819 0.00166422
Spot 1 0.00084712 0.00179114
Spot 2 0.00139834 0.00166568
20MABNDL000196_PR037
Spot 1 0.00161549 0.00080713
Spot 2 0.002155 0.00104438
Spot 1 0.00161427 0.00080555
Spot 2 0.00215577 0.00104288
Spot 1 0.00161414 0.00080414
Spot 2 0.00215574 0.00104241
Spot 1 0.00161416 0.0008056
Spot 2 0.00215618 0.00104245
20MABNDL000196_PR012
Spot 1 0.00310619 6.452e-05
Spot 2 0.003185 4.038e-05
Spot 1 0.00322167 2.167e-05
Spot 2 0.0029575 2.5e-05
Spot 1 0.00325278 3.333e-05
Spot 2 0.00107357 3.929e-05
Spot 1 0.00308379 6.379e-05
Spot 2 0.00319577 4.038e-05
20MABNDL000196_20MABNDM000020
Spot 1 0.00183626 0.00130165
Spot 2 0.00225511 0.00067688
Spot 1 0.00183675 0.00130217
Spot 2 0.00225537 0.00067678
Spot 1 0.00183702 0.0013025
Spot 2 0.00225512 0.00067682
Spot 1 0.00183716 0.00130254
Spot 2 0.00225481 0.0006767


****************************************************************coordonnees images transformees dans le repere MOUNT************************************************************************* 
20MABNDM000168_PR025
Spot 1 -0.0115605 -0.0356983 -0.005329
Spot 2 -0.0117353 -0.0357022 -0.005329
Spot 1 -0.0115607 -0.0356982 -0.005329
Spot 2 -0.0117352 -0.0357022 -0.005329
Spot 1 -0.0115607 -0.0356985 -0.005329
Spot 2 -0.0117354 -0.0357025 -0.005329
Spot 1 -0.0115606 -0.0356984 -0.005329
Spot 2 -0.0117352 -0.0357023 -0.005329
Spot 1 -0.0115606 -0.0356983 -0.005329
Spot 2 -0.0117352 -0.0357023 -0.005329
20MABNDM000168_PR026
Spot 1 -0.0122244 -0.0355514 -0.005329
Spot 2 -0.0144095 -0.0343413 -0.005329
Spot 1 -0.0122248 -0.0355519 -0.005329
Spot 2 -0.0144095 -0.0343413 -0.005329
Spot 1 -0.0122242 -0.0355516 -0.005329
Spot 2 -0.0144095 -0.0343413 -0.005329
Spot 1 -0.0122245 -0.0355516 -0.005329
Spot 2 -0.0144095 -0.0343413 -0.005329
Spot 1 -0.0122244 -0.0355514 -0.005329
Spot 2 -0.0144095 -0.0343413 -0.005329
20MABNDM000168_PR001
Spot 1 -0.0118628 -0.0344763 -0.005329
Spot 2 -0.0119133 -0.0343715 -0.005329
Spot 1 -0.0134234 -0.034363 -0.005329
Spot 2 -0.0118932 -0.0343964 -0.005329
Spot 1 -0.0136706 -0.0344241 -0.005329
Spot 2 -0.0132931 -0.0344191 -0.005329
Spot 1 -0.0136864 -0.0344241 -0.005329
Spot 2 -0.012083 -0.0344473 -0.005329
Spot 1 -0.0136664 -0.0344241 -0.005329
Spot 2 -0.0116231 -0.0344186 -0.005329
20MABNDM000168_20MABNDL000077
Spot 1 -0.01283 -0.035734 -0.005329
Spot 2 -0.0127401 -0.0352265 -0.005329
Spot 1 -0.0128302 -0.0357335 -0.005329
Spot 2 -0.0127397 -0.0352279 -0.005329
Spot 1 -0.0128301 -0.0357334 -0.005329
Spot 2 -0.0127394 -0.0352283 -0.005329
Spot 1 -0.0128302 -0.0357333 -0.005329
Spot 2 -0.0130556 -0.0353399 -0.005329
20MABNDL000196_PR036
Spot 1 0.0118267 0.0359793 -0.074836
Spot 2 0.0123781 0.035855 -0.074836
Spot 1 0.0118267 0.0359797 -0.074836
Spot 2 0.0123782 0.0358551 -0.074836
Spot 1 0.0118267 0.0359795 -0.074836
Spot 2 0.0123781 0.0358539 -0.074836
Spot 1 0.0118267 0.0359796 -0.074836
Spot 2 0.0123782 0.0358553 -0.074836
20MABNDL000196_PR037
Spot 1 0.0125971 0.0349972 -0.074836
Spot 2 0.0131362 0.0352356 -0.074836
Spot 1 0.0125959 0.0349956 -0.074836
Spot 2 0.0131369 0.0352341 -0.074836
Spot 1 0.0125958 0.0349942 -0.074836
Spot 2 0.0131369 0.0352336 -0.074836
Spot 1 0.0125958 0.0349957 -0.074836
Spot 2 0.0131373 0.0352337 -0.074836
20MABNDL000196_PR012
Spot 1 0.0140894 0.0342577 -0.074836
Spot 2 0.0141683 0.0342337 -0.074836
Spot 1 0.014205 0.0342151 -0.074836
Spot 2 0.0139408 0.0342179 -0.074836
Spot 1 0.014236 0.0342268 -0.074836
Spot 2 0.0120568 0.0342283 -0.074836
Spot 1 0.014067 0.034257 -0.074836
Spot 2 0.014179 0.0342338 -0.074836
20MABNDL000196_20MABNDM000020
Spot 1 0.0128169 0.0354922 -0.074836
Spot 2 0.013237 0.0348683 -0.074836
Spot 1 0.0128174 0.0354927 -0.074836
Spot 2 0.0132373 0.0348682 -0.074836
Spot 1 0.0128176 0.0354931 -0.074836
Spot 2 0.013237 0.0348682 -0.074836
Spot 1 0.0128178 0.0354931 -0.074836
Spot 2 0.0132367 0.0348681 -0.074836


*****************************************************************coordonnees du prisme dans le repere MOUNT********************************************************************************** 
20MABNDM000168_PR025
-0.063877 -0.0179381 -3.7884
-0.0638755 -0.0179406 -3.7884
-0.0638706 -0.017926 -3.7884
-0.0638768 -0.0179314 -3.7884
-0.0638768 -0.0179341 -3.7884
20MABNDM000168_PR026
0.0203094 -0.0562294 -3.98442
0.0203192 -0.0562156 -3.98442
0.0203047 -0.0562248 -3.98442
0.0203112 -0.0562237 -3.98442
0.0203094 -0.0562294 -3.98442
20MABNDM000168_PR001
-0.0743232 -0.106603 -5.89426
-0.0146122 -0.110032 -5.89454
0.0492384 -0.106783 -5.89425
0.00294306 -0.105693 -5.89458
-0.0156602 -0.106807 -5.89458
20MABNDM000168_20MABNDL000077
-0.00536146 -0.0255367 -5.46867
-0.00536989 -0.025504 -5.46867
-0.00538357 -0.0254946 -5.46867
0.00597994 -0.0214901 -5.46864
20MABNDL000196_PR036
0.0467412 0.00157175 3.68778
0.0467412 0.00156215 3.68778
0.0467436 0.00159799 3.68778
0.0467392 0.00155803 3.68778
20MABNDL000196_PR037
0.0090278 0.0411525 3.884
0.00903926 0.0412322 3.884
0.00904331 0.0412807 3.884
0.00903149 0.041242 3.884
20MABNDL000196_PR012
-0.0908991 0.111395 5.83396
-0.0865538 0.113666 5.834
-0.0145943 0.112819 5.83479
-0.0904476 0.111424 5.83396
20MABNDL000196_20MABNDM000020
-0.0039467 0.03859 5.3943
-0.00397363 0.0385747 5.3943
-0.0039743 0.0385615 5.3943
-0.00396824 0.0385644 5.3943


*****************************************************************coordonnees du prisme dans le repere ATLAS********************************************************************************** 
20MABNDM000168_PR025 0
2.83532 -3.68145 -6.47905
2.83532 -3.68146 -6.47905
2.83534 -3.68146 -6.47905
2.83533 -3.68145 -6.47905
2.83533 -3.68145 -6.47905
20MABNDM000168_PR026 0
2.797 -3.7657 -6.67504
2.79701 -3.76571 -6.67504
2.797 -3.7657 -6.67504
2.797 -3.7657 -6.67504
2.797 -3.7657 -6.67504
20MABNDM000168_PR001 0
2.74653 -3.67177 -8.58491
2.74309 -3.73148 -8.58517
2.74632 -3.79533 -8.58486
2.74742 -3.74903 -8.5852
2.74631 -3.73043 -8.58521
20MABNDM000168_20MABNDL000077 0
2.82761 -3.74059 -8.1593
2.82764 -3.74058 -8.1593
2.82765 -3.74057 -8.1593
2.83165 -3.75194 -8.15926
20MABNDL000196_PR036 0
-2.85204 -3.69753 -6.4791
-2.85205 -3.69753 -6.4791
-2.85201 -3.69753 -6.4791
-2.85205 -3.69754 -6.4791
20MABNDL000196_PR037 0
-2.81244 -3.73541 -6.67528
-2.81236 -3.7354 -6.67528
-2.81231 -3.7354 -6.67528
-2.81235 -3.73541 -6.67528
20MABNDL000196_PR012 0
-2.7422 -3.83712 -8.62515
-2.73993 -3.83277 -8.6252
-2.74081 -3.76081 -8.62606
-2.74217 -3.83667 -8.62516
20MABNDL000196_20MABNDM000020 0
-2.81503 -3.74979 -8.18558
-2.81505 -3.74982 -8.18558
-2.81506 -3.74982 -8.18558
-2.81506 -3.74981 -8.18558


*****************************************************************Rapport********************************************************************************** 
CAM-LBC-US_EBC-US-HO-H 2014.08.18.15.32.43 2.83533 -3.68146 -6.47905 5.10773e-06 2.43327e-06 0 0 VRAI 
CAM-LBC-US_JDC-US-H 2014.08.18.15.32.43 2.797 -3.7657 -6.67504 5.15249e-06 4.73632e-06 1.90735e-07 0 VRAI 
CAM-LBC-US_EBA-US-IP-H 2014.08.18.15.32.43 2.74594 -3.73561 -8.58507 0.0014811 0.0396645 0.000152947 0 VRAI 
CAM-LBC-US_CAM-LBA-US 2014.08.18.15.32.43 2.82864 -3.74342 -8.15929 0.00174022 0.00491587 1.7344e-05 0 VRAI 
CAM-LBC-USA_EBC-USA-HO-H 2014.08.18.15.32.43 -2.85203 -3.69753 -6.4791 1.55003e-05 1.52196e-06 2.38419e-07 0 VRAI 
CAM-LBC-USA_JDC-USA-H 2014.08.18.15.32.43 -2.81237 -3.7354 -6.67528 4.65407e-05 6.10737e-06 0 0 VRAI 
CAM-LBC-USA_EBA-USA-IP-H 2014.08.18.15.32.43 -2.74127 -3.81684 -8.62539 0.00095916 0.0323925 0.00038616 0 VRAI 
CAM-LBC-USA_CAM-LBA-USA 2014.08.18.15.32.43 -2.81505 -3.74981 -8.18558 1.1107e-05 1.125e-05 0 0 VRAI 
