********** Fichier qui contient une sauvegarde des coordonnees images + coordonnees images transformees dans le repere BCAM (MOUNT) + coordonnees des prismes dans le repere MOUNT********** 
********************************************************************** Unite en metres (m)************************************************************************************************** 

*******************************************************************coordonnees images dans le repere CCD *********************************************************************************** 
20MABNDA000196_PR006
Spot 1   0.00198850   0.00080675
Spot 2   0.00161753   0.00080283
Spot 1   0.00198845   0.00080673
Spot 2   0.00161755   0.00080276
Spot 1   0.00198868   0.00080693
Spot 2   0.00161750   0.00080280
Spot 1   0.00198841   0.00080692
Spot 2   0.00161752   0.00080285
Spot 1   0.00198857   0.00080670
Spot 2   0.00161747   0.00080283
Spot 1   0.00198852   0.00080687
Spot 2   0.00161753   0.00080283
Spot 1   0.00198845   0.00080690
Spot 2   0.00161730   0.00080288
Spot 1   0.00198838   0.00080696
Spot 2   0.00161758   0.00080291
Spot 1   0.00198842   0.00080697
Spot 2   0.00161744   0.00080293
Spot 1   0.00198838   0.00080706
Spot 2   0.00161761   0.00080312
Spot 1   0.00198852   0.00080691
Spot 2   0.00161761   0.00080294
Spot 1   0.00198828   0.00080705
Spot 2   0.00161744   0.00080305
20MABNDA000324_PR007
Spot 1   0.00194927   0.00117933
Spot 2   0.00174150   0.00118467
Spot 1   0.00194915   0.00117930
Spot 2   0.00174162   0.00118458
Spot 1   0.00194935   0.00117944
Spot 2   0.00174152   0.00118471
Spot 1   0.00194932   0.00117944
Spot 2   0.00174152   0.00118451
Spot 1   0.00194923   0.00117945
Spot 2   0.00174165   0.00118471
Spot 1   0.00194937   0.00117963
Spot 2   0.00174155   0.00118473
Spot 1   0.00194925   0.00117946
Spot 2   0.00174153   0.00118447
Spot 1   0.00194938   0.00117947
Spot 2   0.00174148   0.00118459
Spot 1   0.00194935   0.00117952
Spot 2   0.00174152   0.00118458
Spot 1   0.00194932   0.00117941
Spot 2   0.00174144   0.00118451
Spot 1   0.00194928   0.00117943
Spot 2   0.00174144   0.00118469
20MABNDB000001_PR017
Spot 1   0.00187945   0.00049336
Spot 2   0.00224965   0.00050169
Spot 1   0.00187946   0.00049344
Spot 2   0.00224979   0.00050178
Spot 1   0.00187947   0.00049342
Spot 2   0.00224978   0.00050168
Spot 1   0.00187957   0.00049349
Spot 2   0.00224973   0.00050189
Spot 1   0.00187947   0.00049342
Spot 2   0.00224964   0.00050175
Spot 1   0.00187949   0.00049355
Spot 2   0.00224958   0.00050191
Spot 1   0.00187959   0.00049347
Spot 2   0.00224965   0.00050178
Spot 1   0.00187958   0.00049348
Spot 2   0.00224965   0.00050179
Spot 1   0.00187955   0.00049352
Spot 2   0.00224965   0.00050189
Spot 1   0.00187949   0.00049345
Spot 2   0.00224971   0.00050195
Spot 1   0.00187963   0.00049359
Spot 2   0.00224978   0.00050190
20MABNDB000260_PR019
Spot 1   0.00192195   0.00148188
Spot 2   0.00212550   0.00148200
Spot 1   0.00192190   0.00148204
Spot 2   0.00212557   0.00148186
Spot 1   0.00192177   0.00148205
Spot 2   0.00212603   0.00148218
Spot 1   0.00192173   0.00148201
Spot 2   0.00212632   0.00148211
Spot 1   0.00192188   0.00148206
Spot 2   0.00212577   0.00148218
Spot 1   0.00192191   0.00148201
Spot 2   0.00212581   0.00148176
Spot 1   0.00192184   0.00148205
Spot 2   0.00212554   0.00148176
Spot 1   0.00192183   0.00148201
Spot 2   0.00212581   0.00148203
Spot 1   0.00192194   0.00148222
Spot 2   0.00212608   0.00148230
Spot 1   0.00192197   0.00148208
Spot 2   0.00212605   0.00148184
Spot 1   0.00192173   0.00148202
Spot 2   0.00212579   0.00148184


****************************************************************coordonnees images transformees dans le repere MOUNT************************************************************************* 
20MABNDA000196_PR006
Spot 1  -0.01294420   0.01317151  -0.07967100
Spot 2  -0.01257321   0.01317066  -0.07967100
Spot 1  -0.01294415   0.01317153  -0.07967100
Spot 2  -0.01257323   0.01317073  -0.07967100
Spot 1  -0.01294438   0.01317133  -0.07967100
Spot 2  -0.01257318   0.01317069  -0.07967100
Spot 1  -0.01294411   0.01317134  -0.07967100
Spot 2  -0.01257320   0.01317064  -0.07967100
Spot 1  -0.01294427   0.01317156  -0.07967100
Spot 2  -0.01257315   0.01317066  -0.07967100
Spot 1  -0.01294422   0.01317139  -0.07967100
Spot 2  -0.01257321   0.01317066  -0.07967100
Spot 1  -0.01294415   0.01317136  -0.07967100
Spot 2  -0.01257298   0.01317061  -0.07967100
Spot 1  -0.01294408   0.01317130  -0.07967100
Spot 2  -0.01257326   0.01317058  -0.07967100
Spot 1  -0.01294412   0.01317129  -0.07967100
Spot 2  -0.01257312   0.01317056  -0.07967100
Spot 1  -0.01294409   0.01317120  -0.07967100
Spot 2  -0.01257330   0.01317037  -0.07967100
Spot 1  -0.01294422   0.01317135  -0.07967100
Spot 2  -0.01257329   0.01317055  -0.07967100
Spot 1  -0.01294399   0.01317121  -0.07967100
Spot 2  -0.01257312   0.01317044  -0.07967100
20MABNDA000324_PR007
Spot 1  -0.01255524   0.01284223  -0.07446800
Spot 2  -0.01234743   0.01283851  -0.07446800
Spot 1  -0.01255512   0.01284226  -0.07446800
Spot 2  -0.01234755   0.01283860  -0.07446800
Spot 1  -0.01255532   0.01284212  -0.07446800
Spot 2  -0.01234745   0.01283847  -0.07446800
Spot 1  -0.01255529   0.01284212  -0.07446800
Spot 2  -0.01234746   0.01283867  -0.07446800
Spot 1  -0.01255520   0.01284211  -0.07446800
Spot 2  -0.01234758   0.01283847  -0.07446800
Spot 1  -0.01255534   0.01284193  -0.07446800
Spot 2  -0.01234748   0.01283845  -0.07446800
Spot 1  -0.01255522   0.01284210  -0.07446800
Spot 2  -0.01234747   0.01283871  -0.07446800
Spot 1  -0.01255535   0.01284209  -0.07446800
Spot 2  -0.01234741   0.01283859  -0.07446800
Spot 1  -0.01255532   0.01284204  -0.07446800
Spot 2  -0.01234745   0.01283860  -0.07446800
Spot 1  -0.01255529   0.01284215  -0.07446800
Spot 2  -0.01234738   0.01283867  -0.07446800
Spot 1  -0.01255525   0.01284213  -0.07446800
Spot 2  -0.01234737   0.01283849  -0.07446800
20MABNDB000001_PR017
Spot 1  -0.01230833  -0.01349609  -0.07418400
Spot 2  -0.01193807  -0.01349168  -0.07418400
Spot 1  -0.01230832  -0.01349601  -0.07418400
Spot 2  -0.01193792  -0.01349159  -0.07418400
Spot 1  -0.01230831  -0.01349603  -0.07418400
Spot 2  -0.01193794  -0.01349169  -0.07418400
Spot 1  -0.01230821  -0.01349596  -0.07418400
Spot 2  -0.01193798  -0.01349148  -0.07418400
Spot 1  -0.01230831  -0.01349603  -0.07418400
Spot 2  -0.01193808  -0.01349162  -0.07418400
Spot 1  -0.01230829  -0.01349590  -0.07418400
Spot 2  -0.01193813  -0.01349146  -0.07418400
Spot 1  -0.01230819  -0.01349598  -0.07418400
Spot 2  -0.01193807  -0.01349159  -0.07418400
Spot 1  -0.01230820  -0.01349597  -0.07418400
Spot 2  -0.01193806  -0.01349158  -0.07418400
Spot 1  -0.01230823  -0.01349593  -0.07418400
Spot 2  -0.01193806  -0.01349148  -0.07418400
Spot 1  -0.01230829  -0.01349600  -0.07418400
Spot 2  -0.01193800  -0.01349142  -0.07418400
Spot 1  -0.01230815  -0.01349586  -0.07418400
Spot 2  -0.01193793  -0.01349147  -0.07418400
20MABNDB000260_PR019
Spot 1  -0.01240896  -0.01242067  -0.07492700
Spot 2  -0.01220546  -0.01241638  -0.07492700
Spot 1  -0.01240902  -0.01242051  -0.07492700
Spot 2  -0.01220539  -0.01241652  -0.07492700
Spot 1  -0.01240915  -0.01242050  -0.07492700
Spot 2  -0.01220493  -0.01241619  -0.07492700
Spot 1  -0.01240919  -0.01242055  -0.07492700
Spot 2  -0.01220464  -0.01241625  -0.07492700
Spot 1  -0.01240904  -0.01242049  -0.07492700
Spot 2  -0.01220519  -0.01241619  -0.07492700
Spot 1  -0.01240901  -0.01242054  -0.07492700
Spot 2  -0.01220514  -0.01241661  -0.07492700
Spot 1  -0.01240908  -0.01242050  -0.07492700
Spot 2  -0.01220541  -0.01241662  -0.07492700
Spot 1  -0.01240909  -0.01242054  -0.07492700
Spot 2  -0.01220515  -0.01241634  -0.07492700
Spot 1  -0.01240898  -0.01242033  -0.07492700
Spot 2  -0.01220488  -0.01241607  -0.07492700
Spot 1  -0.01240895  -0.01242047  -0.07492700
Spot 2  -0.01220491  -0.01241653  -0.07492700
Spot 1  -0.01240919  -0.01242054  -0.07492700
Spot 2  -0.01220516  -0.01241653  -0.07492700


*****************************************************************coordonnees du prisme dans le repere MOUNT********************************************************************************** 
20MABNDA000196_PR006
 -0.01038146   0.01160820   1.64206636
 -0.01038180   0.01160722   1.64206636
 -0.01037980   0.01160982   1.64206636
 -0.01038252   0.01161029   1.64206636
 -0.01038137   0.01160765   1.64206636
 -0.01038122   0.01160951   1.64206636
 -0.01038449   0.01161043   1.64206636
 -0.01038218   0.01161138   1.64206636
 -0.01038327   0.01161171   1.64206636
 -0.01038181   0.01161476   1.64206636
 -0.01038033   0.01161113   1.64206636
 -0.01038477   0.01161392   1.64206636
20MABNDA000324_PR007
 -0.02523211   0.02655390   2.95549822
 -0.02523207   0.02655155   2.95549822
 -0.02523017   0.02655687   2.95549822
 -0.02523072   0.02655295   2.95549822
 -0.02522996   0.02655707   2.95549822
 -0.02522921   0.02656101   2.95549822
 -0.02523189   0.02655252   2.95549822
 -0.02523035   0.02655509   2.95549822
 -0.02523015   0.02655590   2.95549822
 -0.02523229   0.02655232   2.95549822
 -0.02523312   0.02655625   2.95549822
20MABNDB000001_PR017
 -0.02400791  -0.00402607   1.64036775
 -0.02400957  -0.00402792   1.64036775
 -0.02400956  -0.00402661   1.64036775
 -0.02401014  -0.00402967   1.64036775
 -0.02400803  -0.00402739   1.64036775
 -0.02400763  -0.00403056   1.64036775
 -0.02400945  -0.00402825   1.64036775
 -0.02400936  -0.00402846   1.64036775
 -0.02400905  -0.00403000   1.64036775
 -0.02400905  -0.00402989   1.64036775
 -0.02401135  -0.00403085   1.64036775
20MABNDB000260_PR019
 -0.02435793  -0.03753621   2.95628190
 -0.02435830  -0.03753661   2.95628190
 -0.02436468  -0.03754325   2.95628190
 -0.02436965  -0.03754118   2.95628190
 -0.02436171  -0.03754338   2.95628190
 -0.02436329  -0.03753415   2.95628190
 -0.02435658  -0.03753480   2.95628190
 -0.02436160  -0.03753944   2.95628190
 -0.02436888  -0.03754904   2.95628142
 -0.02436914  -0.03753722   2.95628190
 -0.02435931  -0.03753586   2.95628190


*****************************************************************coordonnees du prisme dans le repere ATLAS********************************************************************************** 
20MABNDA000196_PR006 0.00000000
  2.58484125  -4.19496012   6.54956102
  2.58484173  -4.19496012   6.54955959
  2.58483982  -4.19496012   6.54956245
  2.58484244  -4.19496012   6.54956293
  2.58484125  -4.19496012   6.54956007
  2.58484101  -4.19496012   6.54956198
  2.58484435  -4.19496012   6.54956293
  2.58484221  -4.19496012   6.54956388
  2.58484316  -4.19496012   6.54956436
  2.58484173  -4.19496012   6.54956722
  2.58484030  -4.19496012   6.54956388
  2.58484459  -4.19496012   6.54956675
20MABNDA000324_PR007 0.00000000
  2.59408545  -4.13995886   6.94935894
  2.59408545  -4.13995886   6.94936132
  2.59408736  -4.13995886   6.94935608
  2.59408689  -4.13995886   6.94935989
  2.59408760  -4.13995886   6.94935560
  2.59408832  -4.13995886   6.94935179
  2.59408569  -4.13995886   6.94936037
  2.59408712  -4.13995886   6.94935799
  2.59408736  -4.13995886   6.94935703
  2.59408522  -4.13995886   6.94936037
  2.59408450  -4.13995886   6.94935656
20MABNDB000001_PR017 0.00000000
 -2.59771299  -4.19504642   6.53934765
 -2.59771466  -4.19504642   6.53934956
 -2.59771466  -4.19504642   6.53934813
 -2.59771514  -4.19504642   6.53935146
 -2.59771323  -4.19504642   6.53934908
 -2.59771276  -4.19504642   6.53935242
 -2.59771466  -4.19504642   6.53935003
 -2.59771442  -4.19504642   6.53935003
 -2.59771419  -4.19504642   6.53935146
 -2.59771419  -4.19504642   6.53935146
 -2.59771633  -4.19504642   6.53935242
20MABNDB000260_PR019 0.00000000
 -2.60439730  -4.13995314   6.94310904
 -2.60439706  -4.13995314   6.94310856
 -2.60439062  -4.13995314   6.94310236
 -2.60438561  -4.13995314   6.94310427
 -2.60439348  -4.13995314   6.94310188
 -2.60439205  -4.13995314   6.94311142
 -2.60439873  -4.13995314   6.94311047
 -2.60439372  -4.13995314   6.94310617
 -2.60438633  -4.13995361   6.94309616
 -2.60438609  -4.13995314   6.94310808
 -2.60439610  -4.13995314   6.94310951


*****************************************************************Rapport********************************************************************************** 
CAM-JDA-US-IP_JDA-US-IP     2014.09.03.16.16.32   2.58484199  -4.19496012   6.54956309   0.00000141   0.00000000   0.00000225 0.00000000 VRAI 
CAM-JDA-US-HO_JDA-US-HO     2014.09.03.16.16.32   2.59408645  -4.13995886   6.94935781   0.00000117   0.00000000   0.00000265 0.00000000 VRAI 
CAM-JDA-USA-IP_JDA-USA-IP   2014.09.03.16.16.32  -2.59771429  -4.19504642   6.53935034   0.00000098   0.00000000   0.00000157 0.00000000 VRAI 
CAM-JDA-USA-HO_JDA-USA-HO   2014.09.03.16.16.32  -2.60439246  -4.13995318   6.94310617   0.00000456   0.00000014   0.00000438 0.00000000 VRAI 
