********** Fichier qui contient une sauvegarde des coordonnees images + coordonnees images transformees dans le repere BCAM (MOUNT) + coordonnees des prismes dans le repere MOUNT********** 
********************************************************************** Unite en metres (m)************************************************************************************************** 

*******************************************************************coordonnees images dans le repere CCD *********************************************************************************** 
20MABNDM000168_PR025
Spot 1 0.00284198 0.00136764
Spot 2 0.00266765 0.00137083
Spot 1 0.00284173 0.00136765
Spot 2 0.00266764 0.00137096
Spot 1 0.0028418 0.00136781
Spot 2 0.00266772 0.00137114
Spot 1 0.00284181 0.00136768
Spot 2 0.00266782 0.00137104
Spot 1 0.00284183 0.00136767
Spot 2 0.00266778 0.001371
20MABNDM000168_PR026
Spot 1 0.00217855 0.00121758
Spot 2 -1e-06 -1e-06
Spot 1 0.00217864 0.00121803
Spot 2 -1e-06 -1e-06
Spot 1 0.00217844 0.00121844
Spot 2 -1e-06 -1e-06
Spot 1 0.00217914 0.0012181
Spot 2 -1e-06 -1e-06
Spot 1 0.00217864 0.00121803
Spot 2 0.002265 0.001215
20MABNDM000168_PR001
Spot 1 0.0034125 5.25e-05
Spot 2 0.001155 0.000175
Spot 1 0.001455 4.5e-05
Spot 2 0.000605 5.5e-05
Spot 1 0.00309833 4.833e-05
Spot 2 0.001505 9.5e-05
Spot 1 0.001145 5.167e-05
Spot 2 0.002875 0.000165
Spot 1 0.001235 0.000115
Spot 2 0.002995 0.000155
20MABNDM000168_20MABNDL000077
Spot 1 0.00158158 0.00141686
Spot 2 0.00130808 0.00104346
Spot 1 0.00158168 0.00141698
Spot 2 0.00138939 0.0012383
Spot 1 0.00158145 0.00141646
Spot 2 0.00139079 0.0014353
Spot 1 0.00158177 0.00141694
Spot 2 0.00139635 0.00144236
20MABNDL000196_PR036
Spot 1 0.00084893 0.00179326
Spot 2 0.00139992 0.00166177
Spot 1 0.00084897 0.00179264
Spot 2 0.00139998 0.0016611
Spot 1 0.00084898 0.00179248
Spot 2 0.00139999 0.00166188
Spot 1 0.00084902 0.00179287
Spot 2 0.00139994 0.00166168
20MABNDL000196_PR037
Spot 1 0.00161444 0.00079922
Spot 2 0.00213681 0.00103295
Spot 1 0.00161424 0.00080015
Spot 2 0.00213745 0.00103392
Spot 1 0.00161454 0.00079997
Spot 2 0.0021366 0.00103266
Spot 1 0.0016146 0.00079898
Spot 2 0.0021369 0.00103297
20MABNDL000196_PR012
Spot 1 0.003335 0.000185
Spot 2 0.002455 0.000225
Spot 1 0.00162833 0.000285
Spot 2 0.002835 0.000305
Spot 1 0.000735 0.000195
Spot 2 0.001225 0.000215
Spot 1 0.000235 2.5e-05
Spot 2 0.003175 5.167e-05
20MABNDL000196_20MABNDM000020
Spot 1 0.00183336 0.0012997
Spot 2 0.00225804 0.00067887
Spot 1 0.00183337 0.00129837
Spot 2 0.00225802 0.00067849
Spot 1 0.0018332 0.00129916
Spot 2 0.00225796 0.00067874
Spot 1 0.00183319 0.00129911
Spot 2 0.00225777 0.00067887


****************************************************************coordonnees images transformees dans le repere MOUNT************************************************************************* 
20MABNDM000168_PR025
Spot 1 -0.0115606 -0.0356977 -0.005329
Spot 2 -0.0117349 -0.0357016 -0.005329
Spot 1 -0.0115609 -0.0356977 -0.005329
Spot 2 -0.0117349 -0.0357017 -0.005329
Spot 1 -0.0115608 -0.0356978 -0.005329
Spot 2 -0.0117349 -0.0357019 -0.005329
Spot 1 -0.0115608 -0.0356977 -0.005329
Spot 2 -0.0117348 -0.0357018 -0.005329
Spot 1 -0.0115608 -0.0356977 -0.005329
Spot 2 -0.0117348 -0.0357018 -0.005329
20MABNDM000168_PR026
Spot 1 -0.0122247 -0.0355505 -0.005329
Spot 2 -0.0144095 -0.0343413 -0.005329
Spot 1 -0.0122246 -0.0355509 -0.005329
Spot 2 -0.0144095 -0.0343413 -0.005329
Spot 1 -0.0122248 -0.0355513 -0.005329
Spot 2 -0.0144095 -0.0343413 -0.005329
Spot 1 -0.0122241 -0.035551 -0.005329
Spot 2 -0.0144095 -0.0343413 -0.005329
Spot 1 -0.0122246 -0.0355509 -0.005329
Spot 2 -0.0121383 -0.0355475 -0.005329
20MABNDM000168_PR001
Spot 1 -0.0109958 -0.0343801 -0.005329
Spot 2 -0.0132527 -0.0345123 -0.005329
Spot 1 -0.0129533 -0.034381 -0.005329
Spot 2 -0.0138032 -0.0343947 -0.005329
Spot 1 -0.0113099 -0.0343773 -0.005329
Spot 2 -0.0129031 -0.0344308 -0.005329
Spot 1 -0.0132632 -0.034389 -0.005329
Spot 2 -0.0115328 -0.0344949 -0.005329
Spot 1 -0.013173 -0.0344519 -0.005329
Spot 2 -0.0114128 -0.0344844 -0.005329
20MABNDM000168_20MABNDL000077
Spot 1 -0.0128208 -0.0357523 -0.005329
Spot 2 -0.0130959 -0.0353801 -0.005329
Spot 1 -0.0128207 -0.0357524 -0.005329
Spot 2 -0.0130138 -0.0355746 -0.005329
Spot 1 -0.0128209 -0.0357519 -0.005329
Spot 2 -0.0130115 -0.0357716 -0.005329
Spot 1 -0.0128206 -0.0357524 -0.005329
Spot 2 -0.0130059 -0.0357786 -0.005329
20MABNDL000196_PR036
Spot 1 0.0118285 0.0359818 -0.074836
Spot 2 0.0123798 0.0358514 -0.074836
Spot 1 0.0118286 0.0359811 -0.074836
Spot 2 0.0123799 0.0358507 -0.074836
Spot 1 0.0118286 0.035981 -0.074836
Spot 2 0.0123799 0.0358515 -0.074836
Spot 1 0.0118286 0.0359814 -0.074836
Spot 2 0.0123798 0.0358513 -0.074836
20MABNDL000196_PR037
Spot 1 0.0125961 0.0349893 -0.074836
Spot 2 0.013118 0.0352241 -0.074836
Spot 1 0.0125959 0.0349902 -0.074836
Spot 2 0.0131186 0.0352251 -0.074836
Spot 1 0.0125962 0.0349901 -0.074836
Spot 2 0.0131178 0.0352238 -0.074836
Spot 1 0.0125963 0.0349891 -0.074836
Spot 2 0.0131181 0.0352242 -0.074836
20MABNDL000196_PR012
Spot 1 0.014318 0.0343787 -0.074836
Spot 2 0.0134379 0.0344168 -0.074836
Spot 1 0.0126111 0.0344751 -0.074836
Spot 2 0.0138177 0.0344976 -0.074836
Spot 1 0.0117179 0.0343833 -0.074836
Spot 2 0.0122079 0.0344043 -0.074836
Spot 1 0.0112183 0.0342122 -0.074836
Spot 2 0.0141582 0.034245 -0.074836
20MABNDL000196_20MABNDM000020
Spot 1 0.012814 0.0354902 -0.074836
Spot 2 0.01324 0.0348703 -0.074836
Spot 1 0.012814 0.0354889 -0.074836
Spot 2 0.0132399 0.0348699 -0.074836
Spot 1 0.0128138 0.0354897 -0.074836
Spot 2 0.0132399 0.0348702 -0.074836
Spot 1 0.0128138 0.0354897 -0.074836
Spot 2 0.0132397 0.0348703 -0.074836


*****************************************************************coordonnees du prisme dans le repere MOUNT********************************************************************************** 
20MABNDM000168_PR025
-0.0638828 -0.0179671 3.7884
-0.0638764 -0.0179636 3.7884
-0.0638802 -0.0179552 3.7884
-0.0638829 -0.0179609 3.7884
-0.0638823 -0.0179621 3.7884
20MABNDM000168_PR026
0.0203165 -0.0562542 3.98442
0.0203141 -0.0562424 3.98442
0.0203193 -0.0562318 3.98442
0.0203011 -0.0562407 3.98442
-0.0388074 -0.0248425 3.98451
20MABNDM000168_PR001
-0.0560152 -0.104879 5.89445
0.0412069 -0.109402 5.8943
-0.0573899 -0.108147 5.8944
-0.0347915 -0.105209 5.89456
-0.0429411 -0.103176 5.89455
20MABNDM000168_20MABNDL000077
0.0070899 -0.0193632 5.46863
0.00413504 -0.0123718 5.46861
0.00406256 -0.0053134 5.46858
0.00385016 -0.00504346 5.46857
20MABNDL000196_PR036
0.0466559 0.00160182 3.68778
0.0466534 0.00163337 3.68778
0.046653 0.00161819 3.68778
0.0466532 0.00161353 3.68778
20MABNDL000196_PR037
0.00952423 0.0416536 3.884
0.00951296 0.0416043 3.884
0.00952709 0.0416417 3.884
0.00951775 0.0416592 3.884
20MABNDL000196_PR012
-0.0714154 0.0995911 5.83441
-0.0198754 0.0927128 5.835
0.0773482 0.099904 5.83466
0.0209988 0.112737 5.83485
20MABNDL000196_20MABNDM000020
-0.00394781 0.0385885 5.3943
-0.00394754 0.0386499 5.3943
-0.00393921 0.0386126 5.3943
-0.00393202 0.0386098 5.3943


*****************************************************************coordonnees du prisme dans le repere ATLAS********************************************************************************** 
20MABNDM000168_PR025 0
2.83575 -3.67863 1.09775
2.83575 -3.67864 1.09775
2.83576 -3.67863 1.09775
2.83576 -3.67863 1.09775
2.83575 -3.67863 1.09775
20MABNDM000168_PR026 0
2.79745 -3.76275 1.29381
2.79746 -3.76274 1.29381
2.79747 -3.76275 1.29381
2.79746 -3.76273 1.29381
2.82888 -3.70363 1.29387
20MABNDM000168_PR001 0
2.74896 -3.68569 3.2038
2.74441 -3.78291 3.2037
2.74569 -3.68431 3.20375
2.74863 -3.70691 3.20393
2.75066 -3.69876 3.20391
20MABNDM000168_20MABNDL000077 0
2.83443 -3.74898 2.778
2.84143 -3.74602 2.77799
2.84849 -3.74595 2.77795
2.84876 -3.74574 2.77795
20MABNDL000196_PR036 0
-2.85201 -3.69762 -6.4791
-2.85197 -3.69762 -6.4791
-2.85199 -3.69762 -6.4791
-2.85199 -3.69762 -6.4791
20MABNDL000196_PR037 0
-2.81194 -3.73491 -6.67529
-2.81199 -3.73493 -6.67529
-2.81195 -3.73491 -6.67529
-2.81193 -3.73492 -6.67529
20MABNDL000196_PR012 0
-2.75401 -3.81764 -8.62562
-2.76091 -3.7661 -8.62626
-2.75376 -3.66888 -8.62601
-2.74091 -3.72522 -8.62615
20MABNDL000196_20MABNDM000020 0
-2.81503 -3.74979 -8.18558
-2.81497 -3.74979 -8.18558
-2.81501 -3.74978 -8.18558
-2.81501 -3.74978 -8.18558


*****************************************************************Rapport********************************************************************************** 
CAM-LBC-US_EBC-US-HO-H 2014.08.18.23.20.03 2.83575 -3.67863 1.09775 3.91588e-06 2.46392e-06 0 0 VRAI 
CAM-LBC-US_JDC-US-H 2014.08.18.23.20.03 2.80375 -3.75092 1.29382 0.0125662 0.0236448 2.57969e-05 0 VRAI 
CAM-LBC-US_EBA-US-IP-H 2014.08.18.23.20.03 2.74767 -3.71172 3.20382 0.0022822 0.0365725 8.91781e-05 0 VRAI 
CAM-LBC-US_CAM-LBA-US 2014.08.18.23.20.03 2.84328 -3.74667 2.77797 0.00588957 0.00133382 2.35784e-05 0 VRAI 
CAM-LBC-USA_EBC-USA-HO-H 2014.08.18.23.20.03 -2.85199 -3.69762 -6.4791 1.12769e-05 1.25028e-06 0 0 VRAI 
CAM-LBC-USA_JDC-USA-H 2014.08.18.23.20.03 -2.81195 -3.73492 -6.67529 2.1349e-05 5.4901e-06 0 0 VRAI 
CAM-LBC-USA_EBA-USA-IP-H 2014.08.18.23.20.03 -2.7524 -3.74446 -8.62601 0.00722833 0.0545591 0.000240762 0 VRAI 
CAM-LBC-USA_CAM-LBA-USA 2014.08.18.23.20.03 -2.81501 -3.74979 -8.18558 2.20517e-05 6.53018e-06 0 0 VRAI 
