********** Fichier qui contient une sauvegarde des coordonnees images + coordonnees images transformees dans le repere BCAM (MOUNT) + coordonnees des prismes dans le repere MOUNT********** 
********************************************************************** Unite en metres (m)************************************************************************************************** 

*******************************************************************coordonnees images dans le repere CCD *********************************************************************************** 
20MABNDB000135_PR027
Spot 1 0.00283500 0.00116500
Spot 2 0.00274500 0.00235500
Spot 1 0.00283500 0.00116500
Spot 2 0.00274500 0.00235500
Spot 1 0.00283500 0.00116500
Spot 2 0.00274500 0.00235500
Spot 1 0.00283500 0.00116500
Spot 2 0.00274500 0.00235500
Spot 1 0.00337500 0.00002500
Spot 2 0.00140500 0.00056500
20MABNDB000126_PR028
Spot 1 0.00161500 0.00009500
Spot 2 0.00328382 0.00033618
Spot 1 0.00037500 0.00117500
Spot 2 0.00266500 0.00219500
Spot 1 0.00037500 0.00117500
Spot 2 0.00266500 0.00219500
Spot 1 0.00037500 0.00117500
Spot 2 0.00266500 0.00219500
Spot 1 0.00037500 0.00117500
Spot 2 0.00266500 0.00219500
20MABNDA000272_PR038
Spot 1 0.00326500 0.00005500
Spot 2 0.00025500 0.00002500
Spot 1 0.00326500 0.00005500
Spot 2 0.00025500 0.00002500
Spot 1 0.00326500 0.00005500
Spot 2 0.00025500 0.00002500
Spot 1 0.00326500 0.00005500
Spot 2 0.00025500 0.00002500
Spot 1 0.00326500 0.00005500
Spot 2 0.00025500 0.00002500
20MABNDA000003_PR039
Spot 1 0.00103500 0.00005500
Spot 2 0.00204500 0.00001500
Spot 1 0.00103500 0.00005500
Spot 2 0.00204500 0.00001500
Spot 1 0.00103500 0.00005500
Spot 2 0.00204500 0.00001500
Spot 1 0.00103500 0.00005500
Spot 2 0.00264500 0.00005500


****************************************************************coordonnees images transformees dans le repere MOUNT************************************************************************* 
20MABNDB000135_PR027
Spot 1 -0.01156696 -0.01295855 -0.07464699
Spot 2 -0.01164370 -0.01176762 -0.07464699
Spot 1 -0.01156696 -0.01295855 -0.07464699
Spot 2 -0.01164370 -0.01176762 -0.07464699
Spot 1 -0.01156696 -0.01295855 -0.07464699
Spot 2 -0.01164370 -0.01176762 -0.07464699
Spot 1 -0.01156696 -0.01295855 -0.07464699
Spot 2 -0.01164370 -0.01176762 -0.07464699
Spot 1 -0.01103969 -0.01410449 -0.07464699
Spot 2 -0.01300355 -0.01354259 -0.07464699
20MABNDB000126_PR028
Spot 1 -0.01255431 -0.01408730 -0.07500400
Spot 2 -0.01088681 -0.01383722 -0.07500400
Spot 1 -0.01380006 -0.01301394 -0.07500400
Spot 2 -0.01151554 -0.01198173 -0.07500400
Spot 1 -0.01380006 -0.01301394 -0.07500400
Spot 2 -0.01151554 -0.01198173 -0.07500400
Spot 1 -0.01380006 -0.01301394 -0.07500400
Spot 2 -0.01151554 -0.01198173 -0.07500400
Spot 1 -0.01380006 -0.01301394 -0.07500400
Spot 2 -0.01151554 -0.01198173 -0.07500400
20MABNDA000272_PR038
Spot 1 -0.01409906 0.01405884 -0.07417900
Spot 2 -0.01108902 0.01408351 -0.07417900
Spot 1 -0.01409906 0.01405884 -0.07417900
Spot 2 -0.01108902 0.01408351 -0.07417900
Spot 1 -0.01409906 0.01405884 -0.07417900
Spot 2 -0.01108902 0.01408351 -0.07417900
Spot 1 -0.01409906 0.01405884 -0.07417900
Spot 2 -0.01108902 0.01408351 -0.07417900
Spot 1 -0.01409906 0.01405884 -0.07417900
Spot 2 -0.01108902 0.01408351 -0.07417900
20MABNDA000003_PR039
Spot 1 -0.01183134 0.01399481 -0.07373400
Spot 2 -0.01284123 0.01403737 -0.07373400
Spot 1 -0.01183134 0.01399481 -0.07373400
Spot 2 -0.01284123 0.01403737 -0.07373400
Spot 1 -0.01183134 0.01399481 -0.07373400
Spot 2 -0.01284123 0.01403737 -0.07373400
Spot 1 -0.01183134 0.01399481 -0.07373400
Spot 2 -0.01344133 0.01399890 -0.07373400


*****************************************************************coordonnees du prisme dans le repere MOUNT********************************************************************************** 
20MABNDB000135_PR027
-0.05030819 -0.04044335 2.74899173
-0.05030819 -0.04044335 2.74899173
-0.05030819 -0.04044335 2.74899173
-0.05030819 -0.04044335 2.74899173
-0.03504539 0.01310929 2.74916911
20MABNDB000126_PR028
-0.03952400 0.01208405 2.14664912
-0.01280928 -0.02965937 2.14690089
-0.01280928 -0.02965937 2.14690089
-0.01280928 -0.02965937 2.14690089
-0.01280928 -0.02965937 2.14690089
20MABNDA000272_PR038
-0.01520685 -0.02257011 2.74942708
-0.01520685 -0.02257011 2.74942708
-0.01520685 -0.02257011 2.74942708
-0.01520685 -0.02257011 2.74942708
-0.01520685 -0.02257011 2.74942708
20MABNDA000003_PR039
-0.02321588 -0.01278085 2.14892817
-0.02321588 -0.01278085 2.14892817
-0.02321588 -0.01278085 2.14892817
-0.01464001 -0.01223138 2.14895988


*****************************************************************coordonnees du prisme dans le repere ATLAS********************************************************************************** 
20MABNDB000135_PR027 0.00300000
2.57129478 -4.19475126 -3.79335546
2.57129478 -4.19475126 -3.79335546
2.57129478 -4.19475126 -3.79335546
2.57129478 -4.19475126 -3.79335546
2.58625531 -4.19466352 -3.84699368
20MABNDB000126_PR028 0.00300000
2.58636713 -4.19438457 -5.94429016
2.61310315 -4.19395828 -5.90256166
2.61310315 -4.19395828 -5.90256166
2.61310315 -4.19395828 -5.90256166
2.61310315 -4.19395828 -5.90256166
20MABNDA000272_PR038 0.00300000
-2.60933256 -4.19421673 -3.86105609
-2.60933256 -4.19421673 -3.86105609
-2.60933256 -4.19421673 -3.86105609
-2.60933256 -4.19421673 -3.86105609
-2.60933256 -4.19421673 -3.86105609
20MABNDA000003_PR039 0.00300000
-2.59850478 -4.19424534 -5.94554424
-2.59850478 -4.19424534 -5.94554424
-2.59850478 -4.19424534 -5.94554424
-2.60708070 -4.19420671 -5.94499588


*****************************************************************Rapport********************************************************************************** 
CAM-EBC-US-IP_EBC-US-IP 2014.08.22.16.02.09 2.57428689 -4.19473372 -3.80408311 0.00598421 0.00003510 0.02145529 0.00300000 VRAI 
CAM-EBC-US-HO_EBC-US-HO 2014.08.22.16.02.09 2.60775595 -4.19404354 -5.91090736 0.01069441 0.00017052 0.01669140 0.00300000 VRAI 
CAM-EBC-USA-IP_EBC-USA-IP 2014.08.22.16.02.09 -2.60933256 -4.19421673 -3.86105609 0.00000000 0.00000000 0.00000000 0.00300000 VRAI 
CAM-EBC-USA-HO_EBC-USA-HO 2014.08.22.16.02.09 -2.60064876 -4.19423568 -5.94540715 0.00371348 0.00001672 0.00023745 0.00300000 VRAI 
