********** Fichier qui contient une sauvegarde des coordonnees images + coordonnees images transformees dans le repere BCAM (MOUNT) + coordonnees des prismes dans le repere MOUNT********** 
********************************************************************** Unite en metres (m)************************************************************************************************** 

*******************************************************************coordonnees images dans le repere CCD *********************************************************************************** 
20MABNDB000135_PR027
Spot 1 0.002835 0.001165
Spot 2 0.003375 2.5e-05
Spot 1 0.002835 0.001165
Spot 2 0.003375 2.5e-05
Spot 1 0.002835 0.001165
Spot 2 0.003375 2.5e-05
Spot 1 0.002835 0.001165
Spot 2 0.003375 2.5e-05
Spot 1 0.002835 0.001165
Spot 2 0.003375 2.5e-05
20MABNDB000126_PR028
Spot 1 0.001615 9.5e-05
Spot 2 0.00328441 0.00033559
Spot 1 0.001615 9.5e-05
Spot 2 0.00328389 0.00033611
Spot 1 0.001615 9.5e-05
Spot 2 0.00328389 0.00033611
Spot 1 0.001615 9.5e-05
Spot 2 0.00328389 0.00033611
Spot 1 0.001615 9.5e-05
Spot 2 0.00328389 0.00033611
20MABNDA000272_PR038
Spot 1 0.000985 0.000105
Spot 2 0.000255 2.5e-05
Spot 1 0.003265 5.5e-05
Spot 2 0.000255 2.5e-05
Spot 1 0.003265 5.5e-05
Spot 2 0.000985 0.000105
Spot 1 0.000705 0.000125
Spot 2 0.000985 0.000105
Spot 1 0.000985 0.000105
Spot 2 0.000255 2.5e-05
20MABNDA000003_PR039
Spot 1 0.001035 5.5e-05
Spot 2 0.001635 0.000185
Spot 1 0.001035 5.5e-05
Spot 2 0.001635 0.000185
Spot 1 0.001035 5.5e-05
Spot 2 0.001635 0.000185
Spot 1 0.001035 5.5e-05
Spot 2 0.001635 0.000185
Spot 1 0.001035 5.5e-05
Spot 2 0.001635 0.000185


****************************************************************coordonnees images transformees dans le repere MOUNT************************************************************************* 
20MABNDB000135_PR027
Spot 1 -0.011567 -0.0129585 -0.074647
Spot 2 -0.0110397 -0.0141045 -0.074647
Spot 1 -0.011567 -0.0129585 -0.074647
Spot 2 -0.0110397 -0.0141045 -0.074647
Spot 1 -0.011567 -0.0129585 -0.074647
Spot 2 -0.0110397 -0.0141045 -0.074647
Spot 1 -0.011567 -0.0129585 -0.074647
Spot 2 -0.0110397 -0.0141045 -0.074647
Spot 1 -0.011567 -0.0129585 -0.074647
Spot 2 -0.0110397 -0.0141045 -0.074647
20MABNDB000126_PR028
Spot 1 -0.0125543 -0.0140873 -0.075004
Spot 2 -0.0108862 -0.0138378 -0.075004
Spot 1 -0.0125543 -0.0140873 -0.075004
Spot 2 -0.0108867 -0.0138373 -0.075004
Spot 1 -0.0125543 -0.0140873 -0.075004
Spot 2 -0.0108867 -0.0138373 -0.075004
Spot 1 -0.0125543 -0.0140873 -0.075004
Spot 2 -0.0108867 -0.0138373 -0.075004
Spot 1 -0.0125543 -0.0140873 -0.075004
Spot 2 -0.0108867 -0.0138373 -0.075004
20MABNDA000272_PR038
Spot 1 -0.0118192 0.0140048 -0.074179
Spot 2 -0.011089 0.0140835 -0.074179
Spot 1 -0.0140991 0.0140588 -0.074179
Spot 2 -0.011089 0.0140835 -0.074179
Spot 1 -0.0140991 0.0140588 -0.074179
Spot 2 -0.0118192 0.0140048 -0.074179
Spot 1 -0.0115392 0.0139843 -0.074179
Spot 2 -0.0118192 0.0140048 -0.074179
Spot 1 -0.0118192 0.0140048 -0.074179
Spot 2 -0.011089 0.0140835 -0.074179
20MABNDA000003_PR039
Spot 1 -0.0118313 0.0139948 -0.073734
Spot 2 -0.0124317 0.0138663 -0.073734
Spot 1 -0.0118313 0.0139948 -0.073734
Spot 2 -0.0124317 0.0138663 -0.073734
Spot 1 -0.0118313 0.0139948 -0.073734
Spot 2 -0.0124317 0.0138663 -0.073734
Spot 1 -0.0118313 0.0139948 -0.073734
Spot 2 -0.0124317 0.0138663 -0.073734
Spot 1 -0.0118313 0.0139948 -0.073734
Spot 2 -0.0124317 0.0138663 -0.073734


*****************************************************************coordonnees du prisme dans le repere MOUNT********************************************************************************** 
20MABNDB000135_PR027
-0.0613805 0.00239963 2.74891
-0.0613805 0.00239963 2.74891
-0.0613805 0.00239963 2.74891
-0.0613805 0.00239963 2.74891
-0.0613805 0.00239963 2.74891
20MABNDB000126_PR028
-0.0395325 0.0120924 2.14665
-0.039525 0.012085 2.14665
-0.039525 0.012085 2.14665
-0.039525 0.012085 2.14665
-0.039525 0.012085 2.14665
20MABNDA000272_PR038
-0.0569733 -0.0215758 2.74908
-0.0152069 -0.0225701 2.74943
-0.00182926 -0.021128 2.74943
-0.048728 -0.0197601 2.74923
-0.0569733 -0.0215758 2.74908
20MABNDA000003_PR039
-0.0290688 -0.0103365 2.14892
-0.0290688 -0.0103365 2.14892
-0.0290688 -0.0103365 2.14892
-0.0290688 -0.0103365 2.14892
-0.0290688 -0.0103365 2.14892


*****************************************************************coordonnees du prisme dans le repere ATLAS********************************************************************************** 
20MABNDB000135_PR027 0.003
2.55998 -4.19452 -3.83613
2.55998 -4.19452 -3.83613
2.55998 -4.19452 -3.83613
2.55998 -4.19452 -3.83613
2.55998 -4.19452 -3.83613
20MABNDB000126_PR028 0.003
2.58636 -4.19439 -5.9443
2.58637 -4.19438 -5.94429
2.58637 -4.19438 -5.94429
2.58637 -4.19438 -5.94429
2.58637 -4.19438 -5.94429
20MABNDA000272_PR038 0.003
-2.56757 -4.19454 -3.86007
-2.60933 -4.19422 -3.86106
-2.62271 -4.19422 -3.85961
-2.57581 -4.1944 -3.85825
-2.56757 -4.19454 -3.86007
20MABNDA000003_PR039 0.003
-2.59265 -4.19425 -5.9431
-2.59265 -4.19425 -5.9431
-2.59265 -4.19425 -5.9431
-2.59265 -4.19425 -5.9431
-2.59265 -4.19425 -5.9431


*****************************************************************Rapport********************************************************************************** 
CAM-EBC-US-IP_EBC-US-IP 2014.08.20.16.20.51 2.55998 -4.19452 -3.83613 0 0 0 0.003 VRAI 
CAM-EBC-US-HO_EBC-US-HO 2014.08.20.16.20.51 2.58636 -4.19438 -5.94429 2.95639e-06 1.90735e-07 3.05176e-06 0.003 VRAI 
CAM-EBC-USA-IP_EBC-USA-IP 2014.08.20.16.20.51 -2.5886 -4.19439 -3.85981 0.0229859 0.000144768 0.000911459 0.003 VRAI 
CAM-EBC-USA-HO_EBC-USA-HO 2014.08.20.16.20.51 -2.59265 -4.19425 -5.9431 0 0 0 0.003 VRAI 
