********** Fichier qui contient une sauvegarde des coordonnees images + coordonnees images transformees dans le repere BCAM (MOUNT) + coordonnees des prismes dans le repere MOUNT********** 
********************************************************************** Unite en metres (m)************************************************************************************************** 

*******************************************************************coordonnees images dans le repere CCD *********************************************************************************** 
20MABNDB000135_PR027
Spot 1 0.00185483 0.00124719
Spot 2 0.00209322 0.00124925
Spot 1 0.00185482 0.00124727
Spot 2 0.00209336 0.00124908
Spot 1 0.00185482 0.00124724
Spot 2 0.00209338 0.0012494
Spot 1 0.00185489 0.00124723
Spot 2 0.00209333 0.00124931
Spot 1 0.00185486 0.00124735
Spot 2 0.00209332 0.0012493
Spot 1 0.00185496 0.00124736
Spot 2 0.00209366 0.00124929
Spot 1 0.00185493 0.00124733
Spot 2 0.00209338 0.00124931
Spot 1 0.00185504 0.00124731
Spot 2 0.00209331 0.00124927
Spot 1 0.00185496 0.00124725
Spot 2 0.0020933 0.00124929
20MABNDB000126_PR028
Spot 1 0.00184825 0.00140785
Spot 2 0.00153257 0.00140655
Spot 1 0.00184837 0.00140783
Spot 2 0.00153254 0.00140664
Spot 1 0.00184833 0.00140782
Spot 2 0.00153251 0.00140664
Spot 1 0.00184827 0.00140783
Spot 2 0.0015325 0.00140664
Spot 1 0.00184822 0.00140788
Spot 2 0.00153252 0.00140663
Spot 1 0.00184825 0.00140794
Spot 2 0.00153251 0.00140656
Spot 1 0.00184821 0.00140786
Spot 2 0.00153247 0.00140652
Spot 1 0.00184821 0.00140788
Spot 2 0.00153254 0.00140662
20MABNDA000272_PR038
Spot 1 0.00203368 0.00138658
Spot 2 0.00179114 0.00138457
Spot 1 0.00203359 0.00138654
Spot 2 0.00179121 0.00138451
Spot 1 0.00203373 0.00138643
Spot 2 0.00179117 0.00138451
Spot 1 0.00203366 0.0013866
Spot 2 0.00179111 0.00138452
Spot 1 0.00203372 0.00138651
Spot 2 0.00179117 0.00138456
Spot 1 0.00203362 0.00138654
Spot 2 0.0017912 0.00138452
Spot 1 0.00203378 0.00138661
Spot 2 0.00179127 0.00138457
Spot 1 0.00203359 0.0013866
Spot 2 0.00179108 0.00138467
20MABNDA000003_PR039
Spot 1 0.00211584 0.00112533
Spot 2 0.00180222 0.00112704
Spot 1 0.00211581 0.00112531
Spot 2 0.00180217 0.00112689
Spot 1 0.00211583 0.00112531
Spot 2 0.00180223 0.00112696
Spot 1 0.00211583 0.00112529
Spot 2 0.00180228 0.0011269
Spot 1 0.00211583 0.00112534
Spot 2 0.0018023 0.00112698
Spot 1 0.00211588 0.00112541
Spot 2 0.00180219 0.00112701
Spot 1 0.00211587 0.00112522
Spot 2 0.00180228 0.00112697
Spot 1 0.00211582 0.0011254
Spot 2 0.00180221 0.00112698


****************************************************************coordonnees images transformees dans le repere MOUNT************************************************************************* 
20MABNDB000135_PR027
Spot 1 -0.0125462 -0.0128654 -0.074647
Spot 2 -0.0123078 -0.012866 -0.074647
Spot 1 -0.0125462 -0.0128654 -0.074647
Spot 2 -0.0123076 -0.0128662 -0.074647
Spot 1 -0.0125462 -0.0128654 -0.074647
Spot 2 -0.0123076 -0.0128659 -0.074647
Spot 1 -0.0125461 -0.0128654 -0.074647
Spot 2 -0.0123076 -0.012866 -0.074647
Spot 1 -0.0125461 -0.0128653 -0.074647
Spot 2 -0.0123077 -0.012866 -0.074647
Spot 1 -0.012546 -0.0128653 -0.074647
Spot 2 -0.0123073 -0.012866 -0.074647
Spot 1 -0.0125461 -0.0128653 -0.074647
Spot 2 -0.0123076 -0.012866 -0.074647
Spot 1 -0.0125459 -0.0128653 -0.074647
Spot 2 -0.0123077 -0.012866 -0.074647
Spot 1 -0.012546 -0.0128654 -0.074647
Spot 2 -0.0123077 -0.012866 -0.074647
20MABNDB000126_PR028
Spot 1 -0.0123281 -0.0127732 -0.075004
Spot 2 -0.0126437 -0.0127762 -0.075004
Spot 1 -0.012328 -0.0127732 -0.075004
Spot 2 -0.0126438 -0.0127761 -0.075004
Spot 1 -0.012328 -0.0127733 -0.075004
Spot 2 -0.0126438 -0.0127761 -0.075004
Spot 1 -0.0123281 -0.0127732 -0.075004
Spot 2 -0.0126438 -0.0127761 -0.075004
Spot 1 -0.0123281 -0.0127732 -0.075004
Spot 2 -0.0126438 -0.0127761 -0.075004
Spot 1 -0.0123281 -0.0127731 -0.075004
Spot 2 -0.0126438 -0.0127762 -0.075004
Spot 1 -0.0123281 -0.0127732 -0.075004
Spot 2 -0.0126438 -0.0127762 -0.075004
Spot 1 -0.0123281 -0.0127732 -0.075004
Spot 2 -0.0126438 -0.0127761 -0.075004
20MABNDA000272_PR038
Spot 1 -0.0128701 0.0127251 -0.074179
Spot 2 -0.0126276 0.0127267 -0.074179
Spot 1 -0.01287 0.0127251 -0.074179
Spot 2 -0.0126276 0.0127267 -0.074179
Spot 1 -0.0128702 0.0127252 -0.074179
Spot 2 -0.0126276 0.0127267 -0.074179
Spot 1 -0.0128701 0.0127251 -0.074179
Spot 2 -0.0126275 0.0127267 -0.074179
Spot 1 -0.0128701 0.0127252 -0.074179
Spot 2 -0.0126276 0.0127267 -0.074179
Spot 1 -0.01287 0.0127251 -0.074179
Spot 2 -0.0126276 0.0127267 -0.074179
Spot 1 -0.0128702 0.0127251 -0.074179
Spot 2 -0.0126277 0.0127267 -0.074179
Spot 1 -0.01287 0.0127251 -0.074179
Spot 2 -0.0126275 0.0127266 -0.074179
20MABNDA000003_PR039
Spot 1 -0.0129149 0.0129272 -0.073734
Spot 2 -0.0126013 0.0129247 -0.073734
Spot 1 -0.0129149 0.0129272 -0.073734
Spot 2 -0.0126012 0.0129249 -0.073734
Spot 1 -0.0129149 0.0129272 -0.073734
Spot 2 -0.0126013 0.0129248 -0.073734
Spot 1 -0.0129149 0.0129273 -0.073734
Spot 2 -0.0126013 0.0129249 -0.073734
Spot 1 -0.0129149 0.0129272 -0.073734
Spot 2 -0.0126014 0.0129248 -0.073734
Spot 1 -0.0129149 0.0129271 -0.073734
Spot 2 -0.0126012 0.0129247 -0.073734
Spot 1 -0.0129149 0.0129273 -0.073734
Spot 2 -0.0126013 0.0129248 -0.073734
Spot 1 -0.0129149 0.0129272 -0.073734
Spot 2 -0.0126013 0.0129248 -0.073734


*****************************************************************coordonnees du prisme dans le repere MOUNT********************************************************************************** 
20MABNDB000135_PR027
-0.0201825 -0.0220133 2.74936
-0.0201849 -0.0220116 2.74936
-0.0201853 -0.0220169 2.74936
-0.0201856 -0.0220151 2.74936
-0.0201849 -0.0220171 2.74936
-0.020193 -0.022017 2.74936
-0.0201873 -0.0220169 2.74936
-0.020188 -0.0220158 2.74936
-0.0201864 -0.022015 2.74936
20MABNDB000126_PR028
-0.0177093 -0.0217663 2.14694
-0.0177106 -0.0217673 2.14694
-0.0177096 -0.0217671 2.14694
-0.0177086 -0.0217673 2.14694
-0.0177082 -0.0217679 2.14694
-0.0177085 -0.0217677 2.14694
-0.0177073 -0.021766 2.14694
-0.0177083 -0.0217677 2.14694
20MABNDA000272_PR038
-0.00953428 0.0267278 2.74962
-0.00953465 0.026726 2.74962
-0.00953281 0.0267239 2.74962
-0.00953518 0.0267273 2.74962
-0.00953298 0.0267263 2.74962
-0.00953426 0.0267261 2.74962
-0.00953005 0.0267283 2.74962
-0.00953701 0.02673 2.74962
20MABNDA000003_PR039
-0.0111602 0.0183767 2.1491
-0.0111614 0.0183743 2.1491
-0.0111602 0.0183753 2.1491
-0.0111595 0.0183741 2.1491
-0.0111592 0.018376 2.1491
-0.0111601 0.0183774 2.1491
-0.0111589 0.0183741 2.1491
-0.0111606 0.0183768 2.1491


*****************************************************************coordonnees du prisme dans le repere ATLAS********************************************************************************** 
20MABNDB000135_PR027
2.60132 -4.19783 -3.81196
2.60132 -4.19783 -3.81196
2.60132 -4.19783 -3.81195
2.60131 -4.19783 -3.81195
2.60132 -4.19783 -3.81195
2.60131 -4.19783 -3.81195
2.60131 -4.19783 -3.81195
2.60131 -4.19783 -3.81195
2.60131 -4.19783 -3.81195
20MABNDB000126_PR028
2.6082 -4.19695 -5.91045
2.6082 -4.19695 -5.91045
2.6082 -4.19695 -5.91045
2.6082 -4.19695 -5.91045
2.6082 -4.19695 -5.91045
2.6082 -4.19695 -5.91045
2.6082 -4.19695 -5.91045
2.6082 -4.19695 -5.91045
20MABNDA000272_PR038
-2.615 -4.19702 -3.81176
-2.615 -4.19702 -3.81176
-2.615 -4.19702 -3.81176
-2.615 -4.19702 -3.81176
-2.615 -4.19702 -3.81176
-2.615 -4.19702 -3.81176
-2.615 -4.19702 -3.81176
-2.61499 -4.19702 -3.81175
20MABNDA000003_PR039
-2.61056 -4.19693 -5.91439
-2.61056 -4.19693 -5.91439
-2.61056 -4.19693 -5.91439
-2.61056 -4.19693 -5.91439
-2.61056 -4.19693 -5.91439
-2.61056 -4.19693 -5.91439
-2.61056 -4.19693 -5.91439
-2.61056 -4.19693 -5.91439


*****************************************************************Rapport********************************************************************************** 
CAM-EBC-US-IP_EBC-US-IP 2014.08.13.15.10.19 2.60131 -4.19783 -3.81195 2.70156e-06 0 1.84336e-06 VRAI 
CAM-EBC-US-HO_EBC-US-HO 2014.08.13.15.10.19 2.6082 -4.19695 -5.91045 9.59246e-07 0 6.7171e-07 VRAI 
CAM-EBC-USA-IP_EBC-USA-IP 2014.08.13.15.10.19 -2.615 -4.19702 -3.81176 1.89403e-06 0 1.7375e-06 VRAI 
CAM-EBC-USA-HO_EBC-USA-HO 2014.08.13.15.10.19 -2.61056 -4.19693 -5.91439 7.34251e-07 0 1.28392e-06 VRAI 
