********** Fichier qui contient une sauvegarde des coordonnees images + coordonnees images transformees dans le repere BCAM (MOUNT) + coordonnees des prismes dans le repere MOUNT********** 
********************************************************************** Unite en metres (m)************************************************************************************************** 

*******************************************************************coordonnees images dans le repere CCD *********************************************************************************** 
20MABNDM000168_PR025
Spot 1 0.00284187 0.00136756
Spot 2 0.00266774 0.00137106
Spot 1 0.00284164 0.0013675
Spot 2 0.00266759 0.00137102
Spot 1 0.00284186 0.00136775
Spot 2 0.00266779 0.00137087
Spot 1 0.00284185 0.00136772
Spot 2 0.00266772 0.00137099
Spot 1 0.00284177 0.00136752
Spot 2 0.00266764 0.00137107
20MABNDM000168_PR026
Spot 1 0.00217864 0.00121773
Spot 2 -1e-06 -1e-06
Spot 1 0.002179 0.001218
Spot 2 -1e-06 -1e-06
Spot 1 0.00217813 0.00121813
Spot 2 -1e-06 -1e-06
Spot 1 0.00217875 0.00121813
Spot 2 -1e-06 -1e-06
Spot 1 0.00217845 0.0012181
Spot 2 -1e-06 -1e-06
20MABNDM000168_PR001
Spot 1 0.002495 4.167e-05
Spot 2 0.002835 0.00012833
Spot 1 0.002767 7.1e-05
Spot 2 0.000885 8.167e-05
Spot 1 0.002905 0.000245
Spot 2 0.00044 4e-05
Spot 1 0.001395 8.5e-05
Spot 2 0.00271167 9.833e-05
20MABNDM000168_20MABNDL000077
Spot 1 0.0015812 0.00141643
Spot 2 0.0013808 0.00109934
Spot 1 0.00158135 0.00141665
Spot 2 0.00138099 0.00109933
Spot 1 0.00158171 0.00141712
Spot 2 0.00130802 0.00104382
Spot 1 0.00158146 0.00141676
Spot 2 0.00140744 0.00144798
20MABNDL000196_PR036
Spot 1 0.00084873 0.00179279
Spot 2 0.00139995 0.00166191
Spot 1 0.00091955 0.00166608
Spot 2 0.00074104 0.00160718
Spot 1 0.00084879 0.00179299
Spot 2 0.00139997 0.00166158
Spot 1 0.00091958 0.00166646
Spot 2 0.00074104 0.00160746
20MABNDL000196_PR037
Spot 1 0.00161461 0.00079925
Spot 2 0.00213712 0.00103312
Spot 1 0.00139973 0.00137971
Spot 2 0.0007928 0.00151305
Spot 1 0.00161455 0.00079904
Spot 2 0.00213712 0.00103253
Spot 1 0.00139995 0.00137988
Spot 2 0.00079346 0.00151295
20MABNDL000196_PR012
Spot 1 0.002475 3.5e-05
Spot 2 0.00316833 4.833e-05
Spot 1 0.00262833 5.5e-05
Spot 2 0.00028167 6.5e-05
Spot 1 0.001605 6.5e-05
Spot 2 0.00329167 0.00013833
Spot 1 0.003325 4e-05
Spot 2 0.00316833 4.833e-05
20MABNDL000196_20MABNDM000020
Spot 1 0.00182681 0.00143078
Spot 2 0.00200042 0.00083333
Spot 1 0.00183326 0.00129987
Spot 2 0.0022584 0.00067926
Spot 1 0.00183329 0.00129978
Spot 2 0.00225833 0.00067941
Spot 1 0.00183319 0.0012995
Spot 2 0.00225817 0.00067934


****************************************************************coordonnees images transformees dans le repere MOUNT************************************************************************* 
20MABNDM000168_PR025
Spot 1 -0.0115607 -0.0356976 -0.005329
Spot 2 -0.0117348 -0.0357018 -0.005329
Spot 1 -0.011561 -0.0356975 -0.005329
Spot 2 -0.011735 -0.0357018 -0.005329
Spot 1 -0.0115607 -0.0356978 -0.005329
Spot 2 -0.0117348 -0.0357016 -0.005329
Spot 1 -0.0115608 -0.0356978 -0.005329
Spot 2 -0.0117349 -0.0357018 -0.005329
Spot 1 -0.0115608 -0.0356975 -0.005329
Spot 2 -0.0117349 -0.0357018 -0.005329
20MABNDM000168_PR026
Spot 1 -0.0122246 -0.0355506 -0.005329
Spot 2 -0.0144095 -0.0343413 -0.005329
Spot 1 -0.0122242 -0.0355509 -0.005329
Spot 2 -0.0144095 -0.0343413 -0.005329
Spot 1 -0.0122251 -0.035551 -0.005329
Spot 2 -0.0144095 -0.0343413 -0.005329
Spot 1 -0.0122245 -0.035551 -0.005329
Spot 2 -0.0144095 -0.0343413 -0.005329
Spot 1 -0.0122248 -0.035551 -0.005329
Spot 2 -0.0144095 -0.0343413 -0.005329
20MABNDM000168_PR001
Spot 1 -0.0119133 -0.0343732 -0.005329
Spot 2 -0.0115729 -0.0344584 -0.005329
Spot 1 -0.0116412 -0.0344014 -0.005329
Spot 2 -0.0135231 -0.0344201 -0.005329
Spot 1 -0.0115024 -0.0345748 -0.005329
Spot 2 -0.0139683 -0.0343804 -0.005329
Spot 1 -0.0130131 -0.0344213 -0.005329
Spot 2 -0.0116964 -0.0344289 -0.005329
20MABNDM000168_20MABNDL000077
Spot 1 -0.0128212 -0.0357519 -0.005329
Spot 2 -0.0130229 -0.0354357 -0.005329
Spot 1 -0.012821 -0.0357521 -0.005329
Spot 2 -0.0130227 -0.0354356 -0.005329
Spot 1 -0.0128207 -0.0357526 -0.005329
Spot 2 -0.013096 -0.0353804 -0.005329
Spot 1 -0.0128209 -0.0357522 -0.005329
Spot 2 -0.0129948 -0.0357842 -0.005329
20MABNDL000196_PR036
Spot 1 0.0118283 0.0359813 -0.074836
Spot 2 0.0123798 0.0358516 -0.074836
Spot 1 0.0118994 0.0358547 -0.074836
Spot 2 0.011721 0.0357955 -0.074836
Spot 1 0.0118284 0.0359815 -0.074836
Spot 2 0.0123798 0.0358512 -0.074836
Spot 1 0.0118994 0.0358551 -0.074836
Spot 2 0.011721 0.0357957 -0.074836
20MABNDL000196_PR037
Spot 1 0.0125963 0.0349893 -0.074836
Spot 2 0.0131183 0.0352243 -0.074836
Spot 1 0.0123802 0.0355694 -0.074836
Spot 2 0.011773 0.0357014 -0.074836
Spot 1 0.0125962 0.0349891 -0.074836
Spot 2 0.0131183 0.0352237 -0.074836
Spot 1 0.0123804 0.0355695 -0.074836
Spot 2 0.0117736 0.0357013 -0.074836
20MABNDL000196_PR012
Spot 1 0.0134583 0.0342269 -0.074836
Spot 2 0.0141516 0.0342417 -0.074836
Spot 1 0.0136116 0.0342472 -0.074836
Spot 2 0.0112649 0.0342523 -0.074836
Spot 1 0.0125882 0.0342551 -0.074836
Spot 2 0.0142747 0.0343319 -0.074836
Spot 1 0.0143083 0.0342337 -0.074836
Spot 2 0.0141516 0.0342417 -0.074836
20MABNDL000196_20MABNDM000020
Spot 1 0.0128072 0.0356213 -0.074836
Spot 2 0.012982 0.0350242 -0.074836
Spot 1 0.0128139 0.0354904 -0.074836
Spot 2 0.0132403 0.0348707 -0.074836
Spot 1 0.0128139 0.0354903 -0.074836
Spot 2 0.0132403 0.0348708 -0.074836
Spot 1 0.0128138 0.03549 -0.074836
Spot 2 0.0132401 0.0348708 -0.074836


*****************************************************************coordonnees du prisme dans le repere MOUNT********************************************************************************** 
20MABNDM000168_PR025
-0.0638823 -0.0179634 -3.7884
-0.0638729 -0.0179658 -3.7884
-0.0638833 -0.0179634 -3.7884
-0.0638814 -0.0179611 -3.7884
-0.0638774 -0.0179641 -3.7884
20MABNDM000168_PR026
0.0203141 -0.0562502 -3.98442
0.0203047 -0.0562432 -3.98442
0.0203274 -0.0562398 -3.98442
0.0203112 -0.0562398 -3.98442
0.020319 -0.0562406 -3.98442
20MABNDM000168_PR001
-0.0855606 -0.107231 -5.89412
-0.0205138 -0.107629 -5.89457
-0.00863459 -0.102449 -5.89463
-0.0381455 -0.106515 -5.89453
20MABNDM000168_20MABNDL000077
0.00448247 -0.0173822 -5.46863
0.00447022 -0.0173747 -5.46863
0.00708725 -0.0193409 -5.46863
0.00346205 -0.0048498 -5.46858
20MABNDL000196_PR036
0.0466601 0.00160987 3.68778
0.0610863 0.00609528 3.68766
0.0466581 0.00161307 3.68778
0.0610856 0.00607909 3.68766
20MABNDL000196_PR037
0.00951182 0.0416484 3.884
0.049882 0.0143163 3.88377
0.00951334 0.0416691 3.884
0.0498592 0.0143145 3.88377
20MABNDL000196_PR012
-0.0657445 0.11229 5.83434
0.0404258 0.111094 5.83482
-0.0367376 0.107694 5.83471
-0.0987481 0.11202 5.8338
20MABNDL000196_20MABNDM000020
0.00556019 0.0283542 5.39432
-0.0039571 0.0385684 5.3943
-0.00395563 0.0385663 5.3943
-0.00394634 0.0385789 5.3943


*****************************************************************coordonnees du prisme dans le repere ATLAS********************************************************************************** 
20MABNDM000168_PR025 0
2.8353 -3.68145 -6.47905
2.8353 -3.68146 -6.47905
2.8353 -3.68145 -6.47905
2.8353 -3.68145 -6.47905
2.8353 -3.68145 -6.47905
20MABNDM000168_PR026 0
2.79698 -3.76571 -6.67504
2.79698 -3.7657 -6.67504
2.79699 -3.76572 -6.67504
2.79699 -3.7657 -6.67504
2.79699 -3.76571 -6.67504
20MABNDM000168_PR001 0
2.74591 -3.66053 -8.58477
2.74549 -3.72558 -8.5852
2.75067 -3.73746 -8.58526
2.74661 -3.70795 -8.58517
20MABNDM000168_20MABNDL000077 0
2.83576 -3.75044 -8.15925
2.83577 -3.75043 -8.15925
2.8338 -3.75304 -8.15925
2.84829 -3.74942 -8.1592
20MABNDL000196_PR036 0
-2.852 -3.69762 -6.4791
-2.84752 -3.68319 -6.47899
-2.85199 -3.69762 -6.4791
-2.84753 -3.68319 -6.47899
20MABNDL000196_PR037 0
-2.81195 -3.73493 -6.67529
-2.8393 -3.69457 -6.67509
-2.81193 -3.73493 -6.67529
-2.8393 -3.69459 -6.67509
20MABNDL000196_PR012 0
-2.74131 -3.81196 -8.62555
-2.74256 -3.70579 -8.62613
-2.74592 -3.78296 -8.62596
-2.74157 -3.84497 -8.62499
20MABNDL000196_20MABNDM000020 0
-2.82527 -3.74029 -8.1856
-2.81505 -3.7498 -8.18558
-2.81505 -3.7498 -8.18558
-2.81504 -3.74979 -8.18558


*****************************************************************Rapport********************************************************************************** 
CAM-LBC-US_EBC-US-HO-H 2014.08.19.00.06.16 2.8353 -3.68145 -6.47905 1.45728e-06 3.80575e-06 0 0 VRAI 
CAM-LBC-US_JDC-US-H 2014.08.19.00.06.16 2.79698 -3.76571 -6.67504 3.98494e-06 7.61955e-06 0 0 VRAI 
CAM-LBC-US_EBA-US-IP-H 2014.08.19.00.06.16 2.74717 -3.70788 -8.5851 0.00205963 0.0292832 0.000189899 0 VRAI 
CAM-LBC-US_CAM-LBA-US 2014.08.19.00.06.16 2.8384 -3.75083 -8.15924 0.00576451 0.00134132 2.26284e-05 0 VRAI 
CAM-LBC-USA_EBC-USA-HO-H 2014.08.19.00.06.16 -2.84976 -3.6904 -6.47905 0.00223453 0.00721449 5.38826e-05 0 VRAI 
CAM-LBC-USA_JDC-USA-H 2014.08.19.00.06.16 -2.82562 -3.71475 -6.67519 0.013681 0.0201727 9.75132e-05 0 VRAI 
CAM-LBC-USA_EBA-USA-IP-H 2014.08.19.00.06.16 -2.74284 -3.78642 -8.62566 0.00183909 0.0514604 0.000439077 0 VRAI 
CAM-LBC-USA_CAM-LBA-USA 2014.08.19.00.06.16 -2.81761 -3.74742 -8.18558 0.00442596 0.00411725 1.07368e-05 0 VRAI 
