********** Fichier qui contient une sauvegarde des coordonnees images + coordonnees images transformees dans le repere BCAM (MOUNT) + coordonnees des prismes dans le repere MOUNT********** 
********************************************************************** Unite en metres (m)************************************************************************************************** 

*******************************************************************coordonnees images dans le repere CCD *********************************************************************************** 
20MABNDM000168_PR025
Spot 1 0.00284205 0.00136913
Spot 2 0.00266753 0.00137198
Spot 1 0.002842 0.00136907
Spot 2 0.00266776 0.00137214
Spot 1 0.00284201 0.00136903
Spot 2 0.00266765 0.00137203
Spot 1 0.00284206 0.00136901
Spot 2 0.00266785 0.00137231
Spot 1 0.00284203 0.00136899
Spot 2 0.00266761 0.00137207
20MABNDM000168_PR026
Spot 1 0.00217833 0.00121981
Spot 2 0.001525 0.0011225
Spot 1 0.00217907 0.00121981
Spot 2 0.001523 0.001123
Spot 1 0.00217958 0.00121958
Spot 2 0.001525 0.0011225
Spot 1 0.002179 0.0012194
Spot 2 0.001523 0.001123
Spot 1 0.00217907 0.00122019
Spot 2 0.00152333 0.00112333
20MABNDM000168_PR001
Spot 1 0.000739 8.1e-05
Spot 2 0.00052167 5.5e-05
Spot 1 0.0010825 9.5e-05
Spot 2 0.001025 2.5e-05
Spot 1 0.0007875 0.000115
Spot 2 0.00072167 8.5e-05
Spot 1 0.002975 9.25e-05
Spot 2 0.001785 0.000125
Spot 1 0.001495 4.167e-05
Spot 2 0.002405 3.5e-05
20MABNDM000168_20MABNDL000077
Spot 1 0.00158103 0.00141673
Spot 2 0.00165414 0.00088441
Spot 1 0.00158092 0.00141731
Spot 2 0.00165407 0.00088479
Spot 1 0.00158098 0.00141752
Spot 2 0.00165421 0.00088467
Spot 1 0.00158081 0.00141736
Spot 2 0.00165452 0.00088445
20MABNDL000196_PR036
Spot 1 0.00084726 0.00179339
Spot 2 0.00139798 0.00167145
Spot 1 0.00084744 0.00179308
Spot 2 0.0013981 0.00167089
Spot 1 0.00084691 0.00179358
Spot 2 0.00139962 0.00166665
Spot 1 0.00084663 0.00179398
Spot 2 0.00139954 0.00166501
20MABNDL000196_PR037
Spot 1 0.00161344 0.00080453
Spot 2 0.00212575 0.00104158
Spot 1 0.00161467 0.0008069
Spot 2 0.00213259 0.00104288
Spot 1 0.00161436 0.00080669
Spot 2 0.00145844 0.00122689
Spot 1 0.00161536 0.00080873
Spot 2 0.00145696 0.00122949
20MABNDL000196_PR012
Spot 1 0.001115 3.833e-05
Spot 2 0.0010725 2.75e-05
Spot 1 0.00318625 4.5e-05
Spot 2 0.00308071 4.5e-05
Spot 1 0.00268667 9.167e-05
Spot 2 0.003177 5.1e-05
Spot 1 0.003325 4.25e-05
Spot 2 0.00292167 7.5e-05
20MABNDL000196_20MABNDM000020
Spot 1 0.00183639 0.00130481
Spot 2 0.00216645 0.00081041
Spot 1 0.00183616 0.00130458
Spot 2 0.00216669 0.00081024
Spot 1 0.00183602 0.00130485
Spot 2 0.0021668 0.00081017
Spot 1 0.00183626 0.00130345
Spot 2 0.00225182 0.00067831


****************************************************************coordonnees images transformees dans le repere MOUNT************************************************************************* 
20MABNDM000168_PR025
Spot 1 -0.0115605 -0.0356992 -0.005329
Spot 2 -0.0117351 -0.0357028 -0.005329
Spot 1 -0.0115606 -0.0356991 -0.005329
Spot 2 -0.0117348 -0.0357029 -0.005329
Spot 1 -0.0115606 -0.0356991 -0.005329
Spot 2 -0.0117349 -0.0357028 -0.005329
Spot 1 -0.0115605 -0.035699 -0.005329
Spot 2 -0.0117347 -0.0357031 -0.005329
Spot 1 -0.0115606 -0.035699 -0.005329
Spot 2 -0.011735 -0.0357029 -0.005329
20MABNDM000168_PR026
Spot 1 -0.0122249 -0.0355527 -0.005329
Spot 2 -0.0128786 -0.0354582 -0.005329
Spot 1 -0.0122242 -0.0355527 -0.005329
Spot 2 -0.0128806 -0.0354587 -0.005329
Spot 1 -0.0122237 -0.0355525 -0.005329
Spot 2 -0.0128786 -0.0354582 -0.005329
Spot 1 -0.0122242 -0.0355523 -0.005329
Spot 2 -0.0128806 -0.0354587 -0.005329
Spot 1 -0.0122242 -0.0355531 -0.005329
Spot 2 -0.0128803 -0.035459 -0.005329
20MABNDM000168_PR001
Spot 1 -0.0136691 -0.0344201 -0.005329
Spot 2 -0.0138865 -0.034395 -0.005329
Spot 1 -0.0133256 -0.0344326 -0.005329
Spot 2 -0.0133834 -0.0343628 -0.005329
Spot 1 -0.0136205 -0.0344539 -0.005329
Spot 2 -0.0136864 -0.0344241 -0.005329
Spot 1 -0.0114331 -0.034422 -0.005329
Spot 2 -0.0126229 -0.0344596 -0.005329
Spot 1 -0.0129133 -0.0343775 -0.005329
Spot 2 -0.0120033 -0.0343669 -0.005329
20MABNDM000168_20MABNDL000077
Spot 1 -0.0128213 -0.0357522 -0.005329
Spot 2 -0.0127505 -0.0352195 -0.005329
Spot 1 -0.0128215 -0.0357528 -0.005329
Spot 2 -0.0127506 -0.0352199 -0.005329
Spot 1 -0.0128214 -0.035753 -0.005329
Spot 2 -0.0127505 -0.0352198 -0.005329
Spot 1 -0.0128216 -0.0357528 -0.005329
Spot 2 -0.0127501 -0.0352196 -0.005329
20MABNDL000196_PR036
Spot 1 0.0118269 0.0359819 -0.074836
Spot 2 0.0123778 0.0358611 -0.074836
Spot 1 0.011827 0.0359816 -0.074836
Spot 2 0.012378 0.0358605 -0.074836
Spot 1 0.0118265 0.0359821 -0.074836
Spot 2 0.0123795 0.0358563 -0.074836
Spot 1 0.0118262 0.0359825 -0.074836
Spot 2 0.0123794 0.0358547 -0.074836
20MABNDL000196_PR037
Spot 1 0.0125951 0.0349946 -0.074836
Spot 2 0.0131069 0.0352327 -0.074836
Spot 1 0.0125963 0.034997 -0.074836
Spot 2 0.0131138 0.0352341 -0.074836
Spot 1 0.012596 0.0349968 -0.074836
Spot 2 0.0124392 0.0354167 -0.074836
Spot 1 0.012597 0.0349988 -0.074836
Spot 2 0.0124377 0.0354193 -0.074836
20MABNDL000196_PR012
Spot 1 0.0120983 0.0342274 -0.074836
Spot 2 0.0120558 0.0342165 -0.074836
Spot 1 0.0141695 0.0342384 -0.074836
Spot 2 0.014064 0.0342382 -0.074836
Spot 1 0.0136698 0.034284 -0.074836
Spot 2 0.0141602 0.0342444 -0.074836
Spot 1 0.0143083 0.0342362 -0.074836
Spot 2 0.0139049 0.0342678 -0.074836
20MABNDL000196_20MABNDM000020
Spot 1 0.012817 0.0354954 -0.074836
Spot 2 0.0131481 0.0350017 -0.074836
Spot 1 0.0128168 0.0354951 -0.074836
Spot 2 0.0131483 0.0350015 -0.074836
Spot 1 0.0128166 0.0354954 -0.074836
Spot 2 0.0131485 0.0350014 -0.074836
Spot 1 0.0128169 0.035494 -0.074836
Spot 2 0.0132337 0.0348697 -0.074836


*****************************************************************coordonnees du prisme dans le repere MOUNT********************************************************************************** 
20MABNDM000168_PR025
-0.0638819 -0.0179018 -3.7884
-0.0638863 -0.0178994 -3.7884
-0.0638839 -0.017903 -3.7884
-0.06389 -0.0178966 -3.7884
-0.0638833 -0.017903 -3.7884
20MABNDM000168_PR026
-0.0195264 -0.0271211 -3.9846
-0.0194937 -0.0271079 -3.9846
-0.0195589 -0.0271272 -3.9846
-0.0194918 -0.0271186 -3.9846
-0.0195023 -0.0270895 -3.9846
20MABNDM000168_PR001
0.0721807 -0.107869 -5.89395
0.0393623 -0.108635 -5.89433
0.0625398 -0.105432 -5.89411
-0.0634755 -0.105298 -5.89438
-0.0301158 -0.110616 -5.89451
20MABNDM000168_20MABNDL000077
-0.00529819 -0.025135 -5.46867
-0.00529186 -0.0251005 -5.46867
-0.00529906 -0.0250973 -5.46867
-0.00530404 -0.0251111 -5.46867
20MABNDL000196_PR036
0.046745 0.00136115 3.68778
0.0467376 0.00138254 3.68778
0.0467131 0.00147426 3.68778
0.0467219 0.00150471 3.68778
20MABNDL000196_PR037
0.00983679 0.0412938 3.884
0.00962835 0.0411984 3.884
0.0270773 0.0364825 3.88398
0.02709 0.0363625 3.88398
20MABNDL000196_PR012
0.0684832 0.113253 5.83459
-0.0899593 0.111976 5.83396
-0.0742964 0.109966 5.83425
-0.0891694 0.11091 5.83399
20MABNDL000196_20MABNDM000020
-0.000757332 0.0336879 5.39431
-0.0007577 0.0337023 5.39431
-0.000756596 0.033695 5.39431
-0.00382834 0.0384742 5.3943


*****************************************************************coordonnees du prisme dans le repere ATLAS********************************************************************************** 
20MABNDM000168_PR025 0
2.83536 -3.68145 -6.47905
2.83536 -3.68144 -6.47905
2.83536 -3.68145 -6.47905
2.83536 -3.68144 -6.47905
2.83536 -3.68145 -6.47905
20MABNDM000168_PR026 0
2.82612 -3.72587 -6.67523
2.82613 -3.72591 -6.67523
2.82611 -3.72584 -6.67523
2.82612 -3.72591 -6.67523
2.82615 -3.7259 -6.67523
20MABNDM000168_PR001 0
2.74523 -3.81827 -8.58454
2.74447 -3.78545 -8.58493
2.74767 -3.80863 -8.58471
2.74784 -3.68262 -8.58502
2.74251 -3.71597 -8.58514
20MABNDM000168_20MABNDL000077 0
2.82801 -3.74066 -8.1593
2.82804 -3.74066 -8.1593
2.82805 -3.74065 -8.1593
2.82803 -3.74065 -8.1593
20MABNDL000196_PR036 0
-2.85225 -3.69753 -6.4791
-2.85222 -3.69754 -6.4791
-2.85213 -3.69756 -6.4791
-2.8521 -3.69755 -6.4791
20MABNDL000196_PR037 0
-2.8123 -3.7346 -6.67529
-2.8124 -3.73481 -6.67529
-2.81712 -3.71736 -6.67528
-2.81724 -3.71735 -6.67528
20MABNDL000196_PR012 0
-2.74041 -3.67774 -8.62593
-2.74162 -3.83618 -8.62516
-2.74363 -3.82052 -8.62545
-2.74268 -3.83539 -8.62519
20MABNDL000196_20MABNDM000020 0
-2.81993 -3.7466 -8.18559
-2.81992 -3.7466 -8.18559
-2.81993 -3.7466 -8.18559
-2.81515 -3.74967 -8.18558


*****************************************************************Rapport********************************************************************************** 
CAM-LBC-US_EBC-US-HO-H 2014.08.18.15.15.16 2.83536 -3.68145 -6.47905 2.47129e-06 2.85943e-06 0 0 VRAI 
CAM-LBC-US_JDC-US-H 2014.08.18.15.15.16 2.82612 -3.72589 -6.67523 1.32217e-05 2.53364e-05 0 0 VRAI 
CAM-LBC-US_EBA-US-IP-H 2014.08.18.15.15.16 2.74554 -3.76219 -8.58487 0.00201121 0.0534995 0.000216131 0 VRAI 
CAM-LBC-US_CAM-LBA-US 2014.08.18.15.15.16 2.82803 -3.74066 -8.1593 1.47449e-05 4.32247e-06 0 0 VRAI 
CAM-LBC-USA_EBC-USA-HO-H 2014.08.18.15.15.16 -2.85218 -3.69755 -6.4791 6.02752e-05 1.25962e-05 7.15256e-07 0 VRAI 
CAM-LBC-USA_JDC-USA-H 2014.08.18.15.15.16 -2.81476 -3.72603 -6.67528 0.00241644 0.00867476 2.6226e-06 0 VRAI 
CAM-LBC-USA_EBA-USA-IP-H 2014.08.18.15.15.16 -2.74208 -3.79246 -8.62543 0.00120103 0.0665262 0.000308785 0 VRAI 
CAM-LBC-USA_CAM-LBA-USA 2014.08.18.15.15.16 -2.81873 -3.74737 -8.18559 0.00207 0.00132885 4.95544e-06 0 VRAI 
