********** Fichier qui contient une sauvegarde des coordonnees images + coordonnees images transformees dans le repere BCAM (MOUNT) + coordonnees des prismes dans le repere MOUNT********** 
********************************************************************** Unite en metres (m)************************************************************************************************** 

*******************************************************************coordonnees images dans le repere CCD *********************************************************************************** 
20MABNDM000168_PR025
Spot 1 0.00284196 0.00136772
Spot 2 0.00266779 0.00137099
Spot 1 0.00284173 0.00136764
Spot 2 0.00266748 0.00137094
Spot 1 0.00284184 0.00136758
Spot 2 0.00266771 0.00137101
Spot 1 0.00284178 0.0013676
Spot 2 0.00266778 0.00137101
Spot 1 0.00284177 0.00136768
Spot 2 0.00266767 0.00137104
20MABNDM000168_PR026
Spot 1 0.00217929 0.00121786
Spot 2 -1e-06 -1e-06
Spot 1 0.00217879 0.00121776
Spot 2 -1e-06 -1e-06
Spot 1 0.00217914 0.0012181
Spot 2 0.002265 0.001215
Spot 1 0.00217821 0.00121857
Spot 2 -1e-06 -1e-06
Spot 1 0.00217844 0.00121781
Spot 2 -1e-06 -1e-06
20MABNDM000168_PR001
Spot 1 0.002325 0.000135
Spot 2 0.001125 2.5e-05
Spot 1 0.00076 5.5e-05
Spot 2 0.00088 8e-05
Spot 1 0.003085 4.5e-05
Spot 2 0.002355 0.000285
Spot 1 0.00191 9e-05
Spot 2 0.00291 0.00016
20MABNDM000168_20MABNDL000077
Spot 1 0.00158159 0.00141697
Spot 2 0.00130817 0.0010429
Spot 1 0.00158175 0.00141694
Spot 2 0.00142106 0.00087761
Spot 1 0.00158174 0.00141692
Spot 2 0.00130806 0.0010429
Spot 1 0.00158176 0.00141699
Spot 2 0.00142094 0.00087763
20MABNDL000196_PR036
Spot 1 0.00084886 0.001793
Spot 2 0.00140003 0.00166227
Spot 1 0.0008489 0.00179279
Spot 2 0.00139999 0.00166167
Spot 1 0.00084894 0.00179292
Spot 2 0.0014 0.00166132
Spot 1 0.0008489 0.0017924
Spot 2 0.00139998 0.00166107
20MABNDL000196_PR037
Spot 1 0.00161477 0.00079895
Spot 2 0.00213679 0.00103286
Spot 1 0.00161449 0.00079898
Spot 2 0.00213685 0.00103253
Spot 1 0.00161478 0.00079911
Spot 2 0.00213695 0.0010328
Spot 1 0.00161449 0.00079997
Spot 2 0.00213713 0.00103266
20MABNDL000196_PR012
Spot 1 0.0032625 0.0003375
Spot 2 0.003435 0.000365
Spot 1 0.00121833 6.167e-05
Spot 2 0.001475 9.5e-05
Spot 1 0.003175 4.833e-05
Spot 2 0.001605 6.833e-05
Spot 1 0.003375 5.833e-05
Spot 2 0.002635 0.000265
20MABNDL000196_20MABNDM000020
Spot 1 0.00183333 0.00129846
Spot 2 0.00225823 0.00067927
Spot 1 0.00183341 0.00129847
Spot 2 0.00225824 0.0006792
Spot 1 0.00183332 0.00129918
Spot 2 0.002258 0.0006794
Spot 1 0.00183331 0.00129898
Spot 2 0.00225789 0.00067944


****************************************************************coordonnees images transformees dans le repere MOUNT************************************************************************* 
20MABNDM000168_PR025
Spot 1 -0.0115606 -0.0356978 -0.005329
Spot 2 -0.0117348 -0.0357018 -0.005329
Spot 1 -0.0115609 -0.0356977 -0.005329
Spot 2 -0.0117351 -0.0357017 -0.005329
Spot 1 -0.0115608 -0.0356976 -0.005329
Spot 2 -0.0117349 -0.0357018 -0.005329
Spot 1 -0.0115608 -0.0356976 -0.005329
Spot 2 -0.0117348 -0.0357018 -0.005329
Spot 1 -0.0115608 -0.0356977 -0.005329
Spot 2 -0.0117349 -0.0357018 -0.005329
20MABNDM000168_PR026
Spot 1 -0.0122239 -0.0355507 -0.005329
Spot 2 -0.0144095 -0.0343413 -0.005329
Spot 1 -0.0122244 -0.0355506 -0.005329
Spot 2 -0.0144095 -0.0343413 -0.005329
Spot 1 -0.0122241 -0.035551 -0.005329
Spot 2 -0.0121383 -0.0355475 -0.005329
Spot 1 -0.012225 -0.0355515 -0.005329
Spot 2 -0.0144095 -0.0343413 -0.005329
Spot 1 -0.0122248 -0.0355507 -0.005329
Spot 2 -0.0144095 -0.0343413 -0.005329
20MABNDM000168_PR001
Spot 1 -0.0120829 -0.0344673 -0.005329
Spot 2 -0.0132834 -0.0343624 -0.005329
Spot 1 -0.0136482 -0.034394 -0.005329
Spot 2 -0.0135281 -0.0344185 -0.005329
Spot 1 -0.0113233 -0.034374 -0.005329
Spot 2 -0.0120522 -0.0346171 -0.005329
Spot 1 -0.0124981 -0.034424 -0.005329
Spot 2 -0.0114978 -0.0344898 -0.005329
20MABNDM000168_20MABNDL000077
Spot 1 -0.0128208 -0.0357524 -0.005329
Spot 2 -0.0130958 -0.0353795 -0.005329
Spot 1 -0.0128206 -0.0357524 -0.005329
Spot 2 -0.0129836 -0.0352137 -0.005329
Spot 1 -0.0128206 -0.0357524 -0.005329
Spot 2 -0.0130959 -0.0353795 -0.005329
Spot 1 -0.0128206 -0.0357524 -0.005329
Spot 2 -0.0129838 -0.0352138 -0.005329
20MABNDL000196_PR036
Spot 1 0.0118285 0.0359815 -0.074836
Spot 2 0.0123799 0.0358519 -0.074836
Spot 1 0.0118285 0.0359813 -0.074836
Spot 2 0.0123799 0.0358513 -0.074836
Spot 1 0.0118285 0.0359814 -0.074836
Spot 2 0.0123799 0.035851 -0.074836
Spot 1 0.0118285 0.0359809 -0.074836
Spot 2 0.0123799 0.0358507 -0.074836
20MABNDL000196_PR037
Spot 1 0.0125964 0.034989 -0.074836
Spot 2 0.013118 0.035224 -0.074836
Spot 1 0.0125962 0.0349891 -0.074836
Spot 2 0.013118 0.0352237 -0.074836
Spot 1 0.0125965 0.0349892 -0.074836
Spot 2 0.0131181 0.035224 -0.074836
Spot 1 0.0125962 0.0349901 -0.074836
Spot 2 0.0131183 0.0352238 -0.074836
20MABNDL000196_PR012
Spot 1 0.0142451 0.034531 -0.074836
Spot 2 0.0144176 0.0345589 -0.074836
Spot 1 0.0122015 0.0342509 -0.074836
Spot 2 0.0124581 0.0342848 -0.074836
Spot 1 0.0141582 0.0342417 -0.074836
Spot 2 0.0125882 0.0342584 -0.074836
Spot 1 0.0143582 0.0342521 -0.074836
Spot 2 0.0136178 0.0344572 -0.074836
20MABNDL000196_20MABNDM000020
Spot 1 0.012814 0.035489 -0.074836
Spot 2 0.0132402 0.0348707 -0.074836
Spot 1 0.012814 0.035489 -0.074836
Spot 2 0.0132402 0.0348706 -0.074836
Spot 1 0.012814 0.0354897 -0.074836
Spot 2 0.0132399 0.0348708 -0.074836
Spot 1 0.0128139 0.0354895 -0.074836
Spot 2 0.0132398 0.0348709 -0.074836


*****************************************************************coordonnees du prisme dans le repere MOUNT********************************************************************************** 
20MABNDM000168_PR025
-0.0638858 -0.0179611 -3.7884
-0.0638725 -0.0179643 -3.7884
-0.0638808 -0.017964 -3.7884
-0.0638811 -0.0179636 -3.7884
-0.0638782 -0.0179609 -3.7884
20MABNDM000168_PR026
0.0202972 -0.0562469 -3.98442
0.0203102 -0.0562495 -3.98442
-0.0388205 -0.0248408 -3.98451
0.0203252 -0.0562284 -3.98442
0.0203193 -0.0562482 -3.98442
20MABNDM000168_PR001
-0.0126846 -0.107311 -5.89458
0.0574797 -0.107973 -5.89415
-0.089851 -0.101047 -5.89414
-0.0658075 -0.104048 -5.89437
20MABNDM000168_20MABNDL000077
0.00708639 -0.0193794 -5.46863
0.00305055 -0.0253359 -5.46866
0.00708495 -0.0193811 -5.46863
0.00305449 -0.0253334 -5.46866
20MABNDL000196_PR036
0.046655 0.00159579 3.68778
0.0466549 0.00161572 3.68778
0.0466537 0.00162112 3.68778
0.0466551 0.00164005 3.68778
20MABNDL000196_PR037
0.00951618 0.0416628 3.884
0.00952187 0.0416706 3.884
0.0095118 0.0416602 3.884
0.00951467 0.0416417 3.884
20MABNDL000196_PR012
-0.10663 0.0881519 5.83391
0.0488441 0.109686 5.83479
-0.0322117 0.11107 5.83471
-0.0799648 0.102938 5.83424
20MABNDL000196_20MABNDM000020
-0.00395359 0.0386186 5.3943
-0.00395684 0.0386207 5.3943
-0.00394493 0.0385881 5.3943
-0.00394065 0.0385938 5.3943


*****************************************************************coordonnees du prisme dans le repere ATLAS********************************************************************************** 
20MABNDM000168_PR025 0
2.8353 -3.68144 -6.47905
2.8353 -3.68146 -6.47905
2.8353 -3.68145 -6.47905
2.8353 -3.68145 -6.47905
2.8353 -3.68145 -6.47905
20MABNDM000168_PR026 0
2.79698 -3.76569 -6.67504
2.79698 -3.7657 -6.67504
2.8284 -3.70658 -6.67515
2.797 -3.76572 -6.67504
2.79698 -3.76571 -6.67504
20MABNDM000168_PR001 0
2.74581 -3.73341 -8.5852
2.74513 -3.80357 -8.58474
2.75209 -3.65624 -8.58479
2.74909 -3.68028 -8.58502
20MABNDM000168_20MABNDL000077 0
2.83376 -3.75304 -8.15925
2.82781 -3.749 -8.15928
2.83376 -3.75304 -8.15925
2.82781 -3.74901 -8.15928
20MABNDL000196_PR036 0
-2.85201 -3.69762 -6.4791
-2.85199 -3.69762 -6.4791
-2.85199 -3.69762 -6.4791
-2.85197 -3.69762 -6.4791
20MABNDL000196_PR037 0
-2.81193 -3.73492 -6.67529
-2.81192 -3.73492 -6.67529
-2.81193 -3.73493 -6.67529
-2.81195 -3.73492 -6.67529
20MABNDL000196_PR012 0
-2.76543 -3.85286 -8.62509
-2.74397 -3.69738 -8.62611
-2.74255 -3.77843 -8.62596
-2.75066 -3.82619 -8.62545
20MABNDL000196_20MABNDM000020 0
-2.815 -3.7498 -8.18558
-2.815 -3.7498 -8.18558
-2.81503 -3.74979 -8.18558
-2.81503 -3.74979 -8.18558


*****************************************************************Rapport********************************************************************************** 
CAM-LBC-US_EBC-US-HO-H 2014.08.18.22.58.13 2.8353 -3.68145 -6.47905 1.44159e-06 4.37808e-06 0 0 VRAI 
CAM-LBC-US_JDC-US-H 2014.08.18.22.58.13 2.80327 -3.75388 -6.67506 0.0125673 0.02365 4.48227e-05 0 VRAI 
CAM-LBC-US_EBA-US-IP-H 2014.08.18.22.58.13 2.74803 -3.71838 -8.58494 0.00278297 0.056559 0.000183942 0 VRAI 
CAM-LBC-US_CAM-LBA-US 2014.08.18.22.58.13 2.83078 -3.75102 -8.15927 0.00297666 0.00201738 1.4782e-05 0 VRAI 
CAM-LBC-USA_EBC-USA-HO-H 2014.08.18.22.58.13 -2.85199 -3.69762 -6.4791 1.58009e-05 5.93059e-07 2.06477e-07 0 VRAI 
CAM-LBC-USA_JDC-USA-H 2014.08.18.22.58.13 -2.81194 -3.73492 -6.67529 1.05721e-05 3.6471e-06 0 0 VRAI 
CAM-LBC-USA_EBA-USA-IP-H 2014.08.18.22.58.13 -2.75065 -3.78871 -8.62565 0.00906591 0.0590915 0.000407354 0 VRAI 
CAM-LBC-USA_CAM-LBA-USA 2014.08.18.22.58.13 -2.81502 -3.74979 -8.18558 1.45263e-05 6.49007e-06 0 0 VRAI 
