********** Fichier qui contient une sauvegarde des coordonnees images + coordonnees images transformees dans le repere BCAM (MOUNT) + coordonnees des prismes dans le repere MOUNT********** 
********************************************************************** Unite en metres (m)************************************************************************************************** 

*******************************************************************coordonnees images dans le repere CCD *********************************************************************************** 
20MABNDB000135_PR027
Spot 1 0.00185493 0.00124729
Spot 2 0.00209323 0.00124928
Spot 1 0.00185479 0.00124726
Spot 2 0.00209334 0.00124936
Spot 1 0.001855 0.00124744
Spot 2 0.00209329 0.00124931
Spot 1 0.00185486 0.0012473
Spot 2 0.00209318 0.00124925
Spot 1 0.00185478 0.00124729
Spot 2 0.00209329 0.00124931
Spot 1 0.00185493 0.00124729
Spot 2 0.00209319 0.00124924
Spot 1 0.001855 0.00124733
Spot 2 0.00209329 0.0012494
Spot 1 0.00185489 0.00124748
Spot 2 0.00209331 0.00124937
Spot 1 0.00185486 0.00124742
Spot 2 0.00209329 0.00124933
20MABNDB000126_PR028
Spot 1 0.00184893 0.00140775
Spot 2 0.00153333 0.00140655
Spot 1 0.00184895 0.00140755
Spot 2 0.00153327 0.00140642
Spot 1 0.00184896 0.00140764
Spot 2 0.00153347 0.0014065
Spot 1 0.00184896 0.00140763
Spot 2 0.00153321 0.00140632
Spot 1 0.00184893 0.00140771
Spot 2 0.00153336 0.00140647
Spot 1 0.00184896 0.00140763
Spot 2 0.00153326 0.00140654
Spot 1 0.00184898 0.00140766
Spot 2 0.00153344 0.00140647
Spot 1 0.00184901 0.00140766
Spot 2 0.00153331 0.0014064
20MABNDA000272_PR038
Spot 1 0.00203323 0.00138632
Spot 2 0.00179095 0.00138428
Spot 1 0.00203352 0.00138631
Spot 2 0.001791 0.00138443
Spot 1 0.00203334 0.00138642
Spot 2 0.00179084 0.00138438
Spot 1 0.00203332 0.00138635
Spot 2 0.00179088 0.00138428
Spot 1 0.00203336 0.00138644
Spot 2 0.00179083 0.00138442
Spot 1 0.00203348 0.00138616
Spot 2 0.00179083 0.00138427
Spot 1 0.00203337 0.00138644
Spot 2 0.00179077 0.00138425
Spot 1 0.00203346 0.00138642
Spot 2 0.0017908 0.00138438
20MABNDA000003_PR039
Spot 1 0.0021158 0.00112543
Spot 2 0.00180222 0.00112695
Spot 1 0.00211597 0.00112535
Spot 2 0.00180231 0.00112703
Spot 1 0.00211595 0.0011253
Spot 2 0.00180227 0.00112704
Spot 1 0.00211588 0.00112531
Spot 2 0.00180229 0.00112715
Spot 1 0.00211585 0.00112536
Spot 2 0.00180225 0.00112694
Spot 1 0.00211582 0.00112539
Spot 2 0.00180225 0.00112702
Spot 1 0.00211591 0.00112529
Spot 2 0.00180226 0.00112698
Spot 1 0.00211586 0.00112536
Spot 2 0.0018023 0.00112707


****************************************************************coordonnees images transformees dans le repere MOUNT************************************************************************* 
20MABNDB000135_PR027
Spot 1 -0.0125461 -0.0128653 -0.074647
Spot 2 -0.0123077 -0.012866 -0.074647
Spot 1 -0.0125462 -0.0128654 -0.074647
Spot 2 -0.0123076 -0.0128659 -0.074647
Spot 1 -0.012546 -0.0128652 -0.074647
Spot 2 -0.0123077 -0.012866 -0.074647
Spot 1 -0.0125461 -0.0128653 -0.074647
Spot 2 -0.0123078 -0.012866 -0.074647
Spot 1 -0.0125462 -0.0128653 -0.074647
Spot 2 -0.0123077 -0.012866 -0.074647
Spot 1 -0.0125461 -0.0128653 -0.074647
Spot 2 -0.0123078 -0.0128661 -0.074647
Spot 1 -0.012546 -0.0128653 -0.074647
Spot 2 -0.0123077 -0.0128659 -0.074647
Spot 1 -0.0125461 -0.0128652 -0.074647
Spot 2 -0.0123077 -0.0128659 -0.074647
Spot 1 -0.0125461 -0.0128652 -0.074647
Spot 2 -0.0123077 -0.012866 -0.074647
20MABNDB000126_PR028
Spot 1 -0.0123274 -0.0127733 -0.075004
Spot 2 -0.012643 -0.0127762 -0.075004
Spot 1 -0.0123274 -0.0127735 -0.075004
Spot 2 -0.012643 -0.0127763 -0.075004
Spot 1 -0.0123274 -0.0127734 -0.075004
Spot 2 -0.0126428 -0.0127763 -0.075004
Spot 1 -0.0123274 -0.0127734 -0.075004
Spot 2 -0.0126431 -0.0127764 -0.075004
Spot 1 -0.0123274 -0.0127734 -0.075004
Spot 2 -0.012643 -0.0127763 -0.075004
Spot 1 -0.0123274 -0.0127734 -0.075004
Spot 2 -0.0126431 -0.0127762 -0.075004
Spot 1 -0.0123273 -0.0127734 -0.075004
Spot 2 -0.0126429 -0.0127763 -0.075004
Spot 1 -0.0123273 -0.0127734 -0.075004
Spot 2 -0.012643 -0.0127764 -0.075004
20MABNDA000272_PR038
Spot 1 -0.0128697 0.0127253 -0.074179
Spot 2 -0.0126274 0.012727 -0.074179
Spot 1 -0.0128699 0.0127254 -0.074179
Spot 2 -0.0126274 0.0127268 -0.074179
Spot 1 -0.0128698 0.0127252 -0.074179
Spot 2 -0.0126273 0.0127269 -0.074179
Spot 1 -0.0128697 0.0127253 -0.074179
Spot 2 -0.0126273 0.012727 -0.074179
Spot 1 -0.0128698 0.0127252 -0.074179
Spot 2 -0.0126272 0.0127268 -0.074179
Spot 1 -0.0128699 0.0127255 -0.074179
Spot 2 -0.0126272 0.012727 -0.074179
Spot 1 -0.0128698 0.0127252 -0.074179
Spot 2 -0.0126272 0.012727 -0.074179
Spot 1 -0.0128699 0.0127252 -0.074179
Spot 2 -0.0126272 0.0127269 -0.074179
20MABNDA000003_PR039
Spot 1 -0.0129149 0.0129271 -0.073734
Spot 2 -0.0126013 0.0129248 -0.073734
Spot 1 -0.012915 0.0129272 -0.073734
Spot 2 -0.0126014 0.0129247 -0.073734
Spot 1 -0.012915 0.0129273 -0.073734
Spot 2 -0.0126013 0.0129247 -0.073734
Spot 1 -0.0129149 0.0129272 -0.073734
Spot 2 -0.0126013 0.0129246 -0.073734
Spot 1 -0.0129149 0.0129272 -0.073734
Spot 2 -0.0126013 0.0129248 -0.073734
Spot 1 -0.0129149 0.0129272 -0.073734
Spot 2 -0.0126013 0.0129247 -0.073734
Spot 1 -0.012915 0.0129273 -0.073734
Spot 2 -0.0126013 0.0129248 -0.073734
Spot 1 -0.0129149 0.0129272 -0.073734
Spot 2 -0.0126014 0.0129247 -0.073734


*****************************************************************coordonnees du prisme dans le repere MOUNT********************************************************************************** 
20MABNDB000135_PR027
-0.0201845 -0.0220156 2.74936
-0.020184 -0.0220166 2.74936
-0.020187 -0.0220189 2.74936
-0.0201823 -0.0220153 2.74936
-0.0201829 -0.0220162 2.74936
-0.0201838 -0.0220149 2.74936
-0.020187 -0.0220185 2.74936
-0.0201853 -0.0220208 2.74936
-0.0201844 -0.0220189 2.74936
20MABNDB000126_PR028
-0.0177299 -0.021765 2.14694
-0.0177293 -0.0217603 2.14694
-0.0177323 -0.0217627 2.14694
-0.0177286 -0.02176 2.14694
-0.0177303 -0.0217633 2.14694
-0.0177293 -0.0217631 2.14694
-0.0177322 -0.0217626 2.14694
-0.0177307 -0.0217616 2.14694
20MABNDA000272_PR038
-0.00954602 0.0267177 2.74962
-0.00953977 0.0267203 2.74962
-0.009546 0.0267214 2.74962
-0.00954564 0.0267183 2.74962
-0.00954583 0.0267225 2.74962
-0.00954363 0.0267146 2.74962
-0.00954675 0.0267194 2.74962
-0.00954453 0.0267214 2.74962
20MABNDA000003_PR039
-0.0111608 0.0183768 2.1491
-0.0111571 0.0183768 2.1491
-0.0111579 0.0183763 2.1491
-0.0111586 0.018378 2.1491
-0.0111596 0.0183757 2.1491
-0.0111601 0.0183773 2.1491
-0.0111586 0.0183753 2.1491
-0.0111588 0.0183776 2.1491


*****************************************************************coordonnees du prisme dans le repere ATLAS********************************************************************************** 
20MABNDB000135_PR027
2.60132 -4.19783 -3.81195
2.60132 -4.19783 -3.81195
2.60131 -4.19783 -3.81195
2.60132 -4.19783 -3.81195
2.60132 -4.19783 -3.81195
2.60132 -4.19783 -3.81195
2.60131 -4.19783 -3.81195
2.60132 -4.19783 -3.81195
2.60132 -4.19783 -3.81195
20MABNDB000126_PR028
2.60818 -4.19695 -5.91045
2.60818 -4.19695 -5.91046
2.60818 -4.19695 -5.91046
2.60818 -4.19695 -5.91046
2.60818 -4.19695 -5.91046
2.60818 -4.19695 -5.91046
2.60818 -4.19695 -5.91046
2.60818 -4.19695 -5.91046
20MABNDA000272_PR038
-2.61498 -4.19702 -3.81177
-2.61499 -4.19702 -3.81176
-2.61498 -4.19702 -3.81176
-2.61498 -4.19702 -3.81177
-2.61498 -4.19702 -3.81176
-2.61499 -4.19702 -3.81177
-2.61498 -4.19702 -3.81177
-2.61499 -4.19702 -3.81176
20MABNDA000003_PR039
-2.61056 -4.19693 -5.91439
-2.61057 -4.19693 -5.91439
-2.61057 -4.19693 -5.91439
-2.61056 -4.19693 -5.91439
-2.61056 -4.19693 -5.91439
-2.61056 -4.19693 -5.91439
-2.61056 -4.19693 -5.91439
-2.61056 -4.19693 -5.91439


*****************************************************************Rapport********************************************************************************** 
CAM-EBC-US-IP_EBC-US-IP 2014.08.13.14.45.59 2.60132 -4.19783 -3.81195 1.49292e-06 0 1.94018e-06 VRAI 
CAM-EBC-US-HO_EBC-US-HO 2014.08.13.14.45.59 2.60818 -4.19695 -5.91046 1.28807e-06 0 1.57699e-06 VRAI 
CAM-EBC-USA-IP_EBC-USA-IP 2014.08.13.14.45.59 -2.61499 -4.19702 -3.81177 2.07421e-06 0 2.39904e-06 VRAI 
CAM-EBC-USA-HO_EBC-USA-HO 2014.08.13.14.45.59 -2.61056 -4.19693 -5.91439 1.13366e-06 0 9.15664e-07 VRAI 
