********** Fichier qui contient une sauvegarde des coordonnees images + coordonnees images transformees dans le repere BCAM (MOUNT) + coordonnees des prismes dans le repere MOUNT********** 
********************************************************************** Unite en metres (m)************************************************************************************************** 

*******************************************************************coordonnees images dans le repere CCD *********************************************************************************** 
20MABNDB000135_PR027
Spot 1 0.002835 0.001165
Spot 2 0.002995 0.000685
Spot 1 0.002835 0.001165
Spot 2 0.002995 0.000685
Spot 1 0.002835 0.001165
Spot 2 0.002995 0.000685
Spot 1 0.002835 0.001165
Spot 2 0.002995 0.000685
Spot 1 0.002835 0.001165
Spot 2 0.002995 0.000685
20MABNDB000126_PR028
Spot 1 0.001615 9.5e-05
Spot 2 0.00328389 0.00033611
Spot 1 0.001615 9.5e-05
Spot 2 0.00328389 0.00033611
Spot 1 0.001615 9.5e-05
Spot 2 0.00328389 0.00033611
Spot 1 0.001615 9.5e-05
Spot 2 0.00328389 0.00033611
Spot 1 0.001615 9.5e-05
Spot 2 0.00328382 0.00033618
20MABNDA000272_PR038
Spot 1 0.000705 0.000125
Spot 2 0.002495 0.000155
Spot 1 0.000705 0.000125
Spot 2 0.002495 0.000155
Spot 1 0.000705 0.000125
Spot 2 0.003265 5.5e-05
Spot 1 0.000705 0.000125
Spot 2 0.002495 0.000155
Spot 1 0.000705 0.000125
Spot 2 0.002495 0.000155
20MABNDA000003_PR039
Spot 1 0.001035 5.5e-05
Spot 2 0.001635 0.000185
Spot 1 0.001035 5.5e-05
Spot 2 0.001635 0.000185
Spot 1 0.001035 5.5e-05
Spot 2 0.001635 0.000185
Spot 1 0.001035 5.5e-05
Spot 2 0.001635 0.000185
Spot 1 0.001035 5.5e-05
Spot 2 0.000385 0.000285


****************************************************************coordonnees images transformees dans le repere MOUNT************************************************************************* 
20MABNDB000135_PR027
Spot 1 -0.011567 -0.0129585 -0.074647
Spot 2 -0.0114123 -0.0134403 -0.074647
Spot 1 -0.011567 -0.0129585 -0.074647
Spot 2 -0.0114123 -0.0134403 -0.074647
Spot 1 -0.011567 -0.0129585 -0.074647
Spot 2 -0.0114123 -0.0134403 -0.074647
Spot 1 -0.011567 -0.0129585 -0.074647
Spot 2 -0.0114123 -0.0134403 -0.074647
Spot 1 -0.011567 -0.0129585 -0.074647
Spot 2 -0.0114123 -0.0134403 -0.074647
20MABNDB000126_PR028
Spot 1 -0.0125543 -0.0140873 -0.075004
Spot 2 -0.0108867 -0.0138373 -0.075004
Spot 1 -0.0125543 -0.0140873 -0.075004
Spot 2 -0.0108867 -0.0138373 -0.075004
Spot 1 -0.0125543 -0.0140873 -0.075004
Spot 2 -0.0108867 -0.0138373 -0.075004
Spot 1 -0.0125543 -0.0140873 -0.075004
Spot 2 -0.0108867 -0.0138373 -0.075004
Spot 1 -0.0125543 -0.0140873 -0.075004
Spot 2 -0.0108868 -0.0138372 -0.075004
20MABNDA000272_PR038
Spot 1 -0.0115392 0.0139843 -0.074179
Spot 2 -0.0133292 0.0139575 -0.074179
Spot 1 -0.0115392 0.0139843 -0.074179
Spot 2 -0.0133292 0.0139575 -0.074179
Spot 1 -0.0115392 0.0139843 -0.074179
Spot 2 -0.0140991 0.0140588 -0.074179
Spot 1 -0.0115392 0.0139843 -0.074179
Spot 2 -0.0133292 0.0139575 -0.074179
Spot 1 -0.0115392 0.0139843 -0.074179
Spot 2 -0.0133292 0.0139575 -0.074179
20MABNDA000003_PR039
Spot 1 -0.0118313 0.0139948 -0.073734
Spot 2 -0.0124317 0.0138663 -0.073734
Spot 1 -0.0118313 0.0139948 -0.073734
Spot 2 -0.0124317 0.0138663 -0.073734
Spot 1 -0.0118313 0.0139948 -0.073734
Spot 2 -0.0124317 0.0138663 -0.073734
Spot 1 -0.0118313 0.0139948 -0.073734
Spot 2 -0.0124317 0.0138663 -0.073734
Spot 1 -0.0118313 0.0139948 -0.073734
Spot 2 -0.0111819 0.0137632 -0.073734


*****************************************************************coordonnees du prisme dans le repere MOUNT********************************************************************************** 
20MABNDB000135_PR027
-0.0545515 -0.00977687 2.74906
-0.0545515 -0.00977687 2.74906
-0.0545515 -0.00977687 2.74906
-0.0545515 -0.00977687 2.74906
-0.0545515 -0.00977687 2.74906
20MABNDB000126_PR028
-0.039525 0.012085 2.14665
-0.039525 0.012085 2.14665
-0.039525 0.012085 2.14665
-0.039525 0.012085 2.14665
-0.039524 0.012084 2.14665
20MABNDA000272_PR038
-0.021063 -0.0188958 2.74946
-0.021063 -0.0188958 2.74946
-0.00695824 -0.0207527 2.74945
-0.021063 -0.0188958 2.74946
-0.021063 -0.0188958 2.74946
20MABNDA000003_PR039
-0.0290688 -0.0103365 2.14892
-0.0290688 -0.0103365 2.14892
-0.0290688 -0.0103365 2.14892
-0.0290688 -0.0103365 2.14892
-0.0469255 -0.00886002 2.14872


*****************************************************************coordonnees du prisme dans le repere ATLAS********************************************************************************** 
20MABNDB000135_PR027 0
2.56688 -4.19751 -3.824
2.56688 -4.19751 -3.824
2.56688 -4.19751 -3.824
2.56688 -4.19751 -3.824
2.56688 -4.19751 -3.824
20MABNDB000126_PR028 0
2.58637 -4.19738 -5.94429
2.58637 -4.19738 -5.94429
2.58637 -4.19738 -5.94429
2.58637 -4.19738 -5.94429
2.58637 -4.19738 -5.94429
20MABNDA000272_PR038 0
-2.60348 -4.19718 -3.85738
-2.60348 -4.19718 -3.85738
-2.61758 -4.1972 -3.85924
-2.60348 -4.19718 -3.85738
-2.60348 -4.19718 -3.85738
20MABNDA000003_PR039 0
-2.59265 -4.19725 -5.9431
-2.59265 -4.19725 -5.9431
-2.59265 -4.19725 -5.9431
-2.59265 -4.19725 -5.9431
-2.5748 -4.19744 -5.94162


*****************************************************************Rapport********************************************************************************** 
CAM-EBC-US-IP_EBC-US-IP 2014.08.15.11.03.48 2.56688 -4.19751 -3.824 0 0 0 0 VRAI 
CAM-EBC-US-HO_EBC-US-HO 2014.08.15.11.03.48 2.58637 -4.19738 -5.94429 3.8147e-07 0 3.8147e-07 0 VRAI 
CAM-EBC-USA-IP_EBC-USA-IP 2014.08.15.11.03.48 -2.6063 -4.19718 -3.85775 0.00564203 8.39233e-06 0.000741768 0 VRAI 
CAM-EBC-USA-HO_EBC-USA-HO 2014.08.15.11.03.48 -2.58908 -4.19729 -5.9428 0.00714254 7.93457e-05 0.00059166 0 VRAI 
