********** Fichier qui contient une sauvegarde des coordonnees images + coordonnees images transformees dans le repere BCAM (MOUNT) + coordonnees des prismes dans le repere MOUNT********** 
********************************************************************** Unite en metres (m)************************************************************************************************** 

*******************************************************************coordonnees images dans le repere CCD *********************************************************************************** 
20MABNDB000135_PR027
Spot 1 0.003375 2.5e-05
Spot 2 0.001735 0.000155
Spot 1 0.003375 2.5e-05
Spot 2 0.001735 0.000155
Spot 1 0.003375 2.5e-05
Spot 2 0.001735 0.000155
Spot 1 0.002835 0.001165
Spot 2 0.002995 0.000685
Spot 1 0.002835 0.001165
Spot 2 0.002995 0.000685
20MABNDB000126_PR028
Spot 1 0.000375 0.001175
Spot 2 0.002665 0.002195
Spot 1 0.000375 0.001175
Spot 2 0.002665 0.002195
Spot 1 0.000375 0.001175
Spot 2 0.002665 0.002195
Spot 1 0.000375 0.001175
Spot 2 0.002665 0.002195
Spot 1 0.000375 0.001175
Spot 2 0.002665 0.002195
20MABNDA000272_PR038
Spot 1 0.003265 5.5e-05
Spot 2 0.000255 2.5e-05
Spot 1 0.000255 2.5e-05
Spot 2 0.003265 5.5e-05
Spot 1 0.003265 5.5e-05
Spot 2 0.000255 2.5e-05
Spot 1 0.000705 0.000125
Spot 2 0.002495 0.000155
Spot 1 0.000705 0.000125
Spot 2 0.002495 0.000155
20MABNDA000003_PR039
Spot 1 0.001035 5.5e-05
Spot 2 0.001385 7.5e-05
Spot 1 0.001035 5.5e-05
Spot 2 0.001635 0.000185
Spot 1 0.001035 5.5e-05
Spot 2 0.001635 0.000185
Spot 1 0.001035 5.5e-05
Spot 2 0.001635 0.000185


****************************************************************coordonnees images transformees dans le repere MOUNT************************************************************************* 
20MABNDB000135_PR027
Spot 1 -0.0110397 -0.0141045 -0.074647
Spot 2 -0.0126781 -0.0139562 -0.074647
Spot 1 -0.0110397 -0.0141045 -0.074647
Spot 2 -0.0126781 -0.0139562 -0.074647
Spot 1 -0.0110397 -0.0141045 -0.074647
Spot 2 -0.0126781 -0.0139562 -0.074647
Spot 1 -0.011567 -0.0129585 -0.074647
Spot 2 -0.0114123 -0.0134403 -0.074647
Spot 1 -0.011567 -0.0129585 -0.074647
Spot 2 -0.0114123 -0.0134403 -0.074647
20MABNDB000126_PR028
Spot 1 -0.0138001 -0.0130139 -0.075004
Spot 2 -0.0115155 -0.0119817 -0.075004
Spot 1 -0.0138001 -0.0130139 -0.075004
Spot 2 -0.0115155 -0.0119817 -0.075004
Spot 1 -0.0138001 -0.0130139 -0.075004
Spot 2 -0.0115155 -0.0119817 -0.075004
Spot 1 -0.0138001 -0.0130139 -0.075004
Spot 2 -0.0115155 -0.0119817 -0.075004
Spot 1 -0.0138001 -0.0130139 -0.075004
Spot 2 -0.0115155 -0.0119817 -0.075004
20MABNDA000272_PR038
Spot 1 -0.0140991 0.0140588 -0.074179
Spot 2 -0.011089 0.0140835 -0.074179
Spot 1 -0.011089 0.0140835 -0.074179
Spot 2 -0.0140991 0.0140588 -0.074179
Spot 1 -0.0140991 0.0140588 -0.074179
Spot 2 -0.011089 0.0140835 -0.074179
Spot 1 -0.0115392 0.0139843 -0.074179
Spot 2 -0.0133292 0.0139575 -0.074179
Spot 1 -0.0115392 0.0139843 -0.074179
Spot 2 -0.0133292 0.0139575 -0.074179
20MABNDA000003_PR039
Spot 1 -0.0118313 0.0139948 -0.073734
Spot 2 -0.0121814 0.0139757 -0.073734
Spot 1 -0.0118313 0.0139948 -0.073734
Spot 2 -0.0124317 0.0138663 -0.073734
Spot 1 -0.0118313 0.0139948 -0.073734
Spot 2 -0.0124317 0.0138663 -0.073734
Spot 1 -0.0118313 0.0139948 -0.073734
Spot 2 -0.0124317 0.0138663 -0.073734


*****************************************************************coordonnees du prisme dans le repere MOUNT********************************************************************************** 
20MABNDB000135_PR027
-0.0410104 0.0206918 2.74903
-0.0410104 0.0206918 2.74903
-0.0410104 0.0206918 2.74903
-0.0545515 -0.00977687 2.74906
-0.0545515 -0.00977687 2.74906
20MABNDB000126_PR028
-0.0128093 -0.0296594 2.1469
-0.0128093 -0.0296594 2.1469
-0.0128093 -0.0296594 2.1469
-0.0128093 -0.0296594 2.1469
-0.0128093 -0.0296594 2.1469
20MABNDA000272_PR038
-0.0152069 -0.0225701 2.74943
-0.0152063 -0.0225701 2.74943
-0.0152069 -0.0225701 2.74943
-0.021063 -0.0188958 2.74946
-0.021063 -0.0188958 2.74946
20MABNDA000003_PR039
-0.0326451 -0.0118988 2.14887
-0.0290688 -0.0103365 2.14892
-0.0290688 -0.0103365 2.14892
-0.0290688 -0.0103365 2.14892


*****************************************************************coordonnees du prisme dans le repere ATLAS********************************************************************************** 
20MABNDB000135_PR027 0
2.58025 -4.19768 -3.85454
2.58025 -4.19768 -3.85454
2.58025 -4.19768 -3.85454
2.56688 -4.19751 -3.824
2.56688 -4.19751 -3.824
20MABNDB000126_PR028 0
2.6131 -4.19696 -5.90256
2.6131 -4.19696 -5.90256
2.6131 -4.19696 -5.90256
2.6131 -4.19696 -5.90256
2.6131 -4.19696 -5.90256
20MABNDA000272_PR038 0
-2.60933 -4.19722 -3.86106
-2.60933 -4.19722 -3.86106
-2.60933 -4.19722 -3.86106
-2.60348 -4.19718 -3.85738
-2.60348 -4.19718 -3.85738
20MABNDA000003_PR039 0
-2.58908 -4.1973 -5.94466
-2.59265 -4.19725 -5.9431
-2.59265 -4.19725 -5.9431
-2.59265 -4.19725 -5.9431


*****************************************************************Rapport********************************************************************************** 
CAM-EBC-US-IP_EBC-US-IP 2014.08.15.10.16.01 2.5749 -4.19761 -3.84232 0.00654797 8.08261e-05 0.0149642 0 VRAI 
CAM-EBC-US-HO_EBC-US-HO 2014.08.15.10.16.01 2.6131 -4.19696 -5.90256 0 0 0 0 VRAI 
CAM-EBC-USA-IP_EBC-USA-IP 2014.08.15.10.16.01 -2.60699 -4.1972 -3.85959 0.00286941 1.75201e-05 0.00179955 0 VRAI 
CAM-EBC-USA-HO_EBC-USA-HO 2014.08.15.10.16.01 -2.59176 -4.19726 -5.94349 0.00154857 2.43642e-05 0.000676211 0 VRAI 
