********** Fichier qui contient une sauvegarde des coordonnees images + coordonnees images transformees dans le repere BCAM (MOUNT) + coordonnees des prismes dans le repere MOUNT********** 
********************************************************************** Unite en metres (m)************************************************************************************************** 

*******************************************************************coordonnees images dans le repere CCD *********************************************************************************** 
20MABNDB000135_PR027
Spot 1     0.00189114     0.00093712
Spot 2     0.00210990     0.00093986
Spot 1     0.00189121     0.00093697
Spot 2     0.00211012     0.00093959
Spot 1     0.00189123     0.00093703
Spot 2     0.00211000     0.00093967
Spot 1     0.00189126     0.00093711
Spot 2     0.00211000     0.00093967
Spot 1     0.00189119     0.00093713
Spot 2     0.00210993     0.00093978
Spot 1     0.00189120     0.00093720
Spot 2     0.00211005     0.00093980
Spot 1     0.00189128     0.00093718
Spot 2     0.00211007     0.00093965
Spot 1     0.00189121     0.00093719
Spot 2     0.00211000     0.00093981
Spot 1     0.00189135     0.00093721
Spot 2     0.00211019     0.00093971
Spot 1     0.00189135     0.00093718
Spot 2     0.00211017     0.00093988
Spot 1     0.00189125     0.00093725
Spot 2     0.00211022     0.00093993
20MABNDB000126_PR028
Spot 1     0.00193741     0.00203389
Spot 2     0.00165391     0.00203275
Spot 1     0.00193743     0.00203387
Spot 2     0.00165372     0.00203279
Spot 1     0.00193757     0.00203381
Spot 2     0.00165372     0.00203279
Spot 1     0.00193746     0.00203394
Spot 2     0.00165384     0.00203286
Spot 1     0.00193751     0.00203389
Spot 2     0.00165376     0.00203279
Spot 1     0.00193749     0.00203385
Spot 2     0.00165361     0.00203273
Spot 1     0.00193749     0.00203380
Spot 2     0.00165385     0.00203281
Spot 1     0.00193759     0.00203384
Spot 2     0.00165384     0.00203271
Spot 1     0.00193755     0.00203390
Spot 2     0.00165366     0.00203277
Spot 1     0.00193747     0.00203383
Spot 2     0.00165392     0.00203280
20MABNDA000272_PR038
Spot 1     0.00192708     0.00098847
Spot 2     0.00170094     0.00098661
Spot 1     0.00192733     0.00098833
Spot 2     0.00170097     0.00098660
Spot 1     0.00192725     0.00098832
Spot 2     0.00170082     0.00098651
Spot 1     0.00192719     0.00098827
Spot 2     0.00170126     0.00098656
Spot 1     0.00192721     0.00098828
Spot 2     0.00170094     0.00098647
Spot 1     0.00192709     0.00098860
Spot 2     0.00170090     0.00098681
Spot 1     0.00192726     0.00098852
Spot 2     0.00170105     0.00098656
Spot 1     0.00192729     0.00098837
Spot 2     0.00170087     0.00098668
Spot 1     0.00192709     0.00098888
Spot 2     0.00170090     0.00098688
Spot 1     0.00192721     0.00098840
Spot 2     0.00170090     0.00098660
20MABNDA000003_PR039
Spot 1     0.00228880     0.00196959
Spot 2     0.00201056     0.00196892
Spot 1     0.00228886     0.00196964
Spot 2     0.00201048     0.00196901
Spot 1     0.00228879     0.00196960
Spot 2     0.00201054     0.00196899
Spot 1     0.00228881     0.00196954
Spot 2     0.00201060     0.00196897
Spot 1     0.00228882     0.00196968
Spot 2     0.00201048     0.00196902
Spot 1     0.00228873     0.00196973
Spot 2     0.00201042     0.00196902
Spot 1     0.00228874     0.00196966
Spot 2     0.00201048     0.00196905
Spot 1     0.00228874     0.00196961
Spot 2     0.00201046     0.00196900
Spot 1     0.00228871     0.00196964
Spot 2     0.00201049     0.00196904
Spot 1     0.00228877     0.00196954
Spot 2     0.00201046     0.00196905


****************************************************************coordonnees images transformees dans le repere MOUNT************************************************************************* 
20MABNDB000135_PR027
Spot 1    -0.01251330    -0.01317590    -0.07464699
Spot 2    -0.01229452    -0.01317560    -0.07464699
Spot 1    -0.01251323    -0.01317605    -0.07464699
Spot 2    -0.01229430    -0.01317587    -0.07464699
Spot 1    -0.01251321    -0.01317599    -0.07464699
Spot 2    -0.01229442    -0.01317579    -0.07464699
Spot 1    -0.01251318    -0.01317591    -0.07464699
Spot 2    -0.01229442    -0.01317579    -0.07464699
Spot 1    -0.01251325    -0.01317589    -0.07464699
Spot 2    -0.01229449    -0.01317568    -0.07464699
Spot 1    -0.01251324    -0.01317582    -0.07464699
Spot 2    -0.01229437    -0.01317566    -0.07464699
Spot 1    -0.01251316    -0.01317584    -0.07464699
Spot 2    -0.01229435    -0.01317581    -0.07464699
Spot 1    -0.01251323    -0.01317583    -0.07464699
Spot 2    -0.01229442    -0.01317565    -0.07464699
Spot 1    -0.01251309    -0.01317582    -0.07464699
Spot 2    -0.01229423    -0.01317575    -0.07464699
Spot 1    -0.01251309    -0.01317585    -0.07464699
Spot 2    -0.01229425    -0.01317558    -0.07464699
Spot 1    -0.01251318    -0.01317577    -0.07464699
Spot 2    -0.01229420    -0.01317553    -0.07464699
20MABNDB000126_PR028
Spot 1    -0.01224226    -0.01214672    -0.07500400
Spot 2    -0.01252575    -0.01214937    -0.07500400
Spot 1    -0.01224224    -0.01214674    -0.07500400
Spot 2    -0.01252594    -0.01214933    -0.07500400
Spot 1    -0.01224210    -0.01214680    -0.07500400
Spot 2    -0.01252594    -0.01214933    -0.07500400
Spot 1    -0.01224221    -0.01214667    -0.07500400
Spot 2    -0.01252582    -0.01214926    -0.07500400
Spot 1    -0.01224216    -0.01214672    -0.07500400
Spot 2    -0.01252590    -0.01214933    -0.07500400
Spot 1    -0.01224218    -0.01214676    -0.07500400
Spot 2    -0.01252605    -0.01214939    -0.07500400
Spot 1    -0.01224218    -0.01214681    -0.07500400
Spot 2    -0.01252581    -0.01214931    -0.07500400
Spot 1    -0.01224208    -0.01214677    -0.07500400
Spot 2    -0.01252582    -0.01214941    -0.07500400
Spot 1    -0.01224212    -0.01214671    -0.07500400
Spot 2    -0.01252600    -0.01214935    -0.07500400
Spot 1    -0.01224220    -0.01214678    -0.07500400
Spot 2    -0.01252574    -0.01214932    -0.07500400
20MABNDA000272_PR038
Spot 1    -0.01276280     0.01312300    -0.07417900
Spot 2    -0.01253666     0.01312446    -0.07417900
Spot 1    -0.01276305     0.01312314    -0.07417900
Spot 2    -0.01253668     0.01312447    -0.07417900
Spot 1    -0.01276297     0.01312315    -0.07417900
Spot 2    -0.01253654     0.01312456    -0.07417900
Spot 1    -0.01276291     0.01312320    -0.07417900
Spot 2    -0.01253697     0.01312451    -0.07417900
Spot 1    -0.01276293     0.01312319    -0.07417900
Spot 2    -0.01253666     0.01312460    -0.07417900
Spot 1    -0.01276281     0.01312287    -0.07417900
Spot 2    -0.01253662     0.01312426    -0.07417900
Spot 1    -0.01276298     0.01312295    -0.07417900
Spot 2    -0.01253677     0.01312451    -0.07417900
Spot 1    -0.01276301     0.01312310    -0.07417900
Spot 2    -0.01253659     0.01312439    -0.07417900
Spot 1    -0.01276281     0.01312259    -0.07417900
Spot 2    -0.01253662     0.01312419    -0.07417900
Spot 1    -0.01276293     0.01312307    -0.07417900
Spot 2    -0.01253662     0.01312447    -0.07417900
20MABNDA000003_PR039
Spot 1    -0.01308999     0.01208341    -0.07373400
Spot 2    -0.01281175     0.01208337    -0.07373400
Spot 1    -0.01309005     0.01208336    -0.07373400
Spot 2    -0.01281167     0.01208328    -0.07373400
Spot 1    -0.01308998     0.01208340    -0.07373400
Spot 2    -0.01281173     0.01208330    -0.07373400
Spot 1    -0.01309000     0.01208346    -0.07373400
Spot 2    -0.01281179     0.01208332    -0.07373400
Spot 1    -0.01309001     0.01208332    -0.07373400
Spot 2    -0.01281167     0.01208327    -0.07373400
Spot 1    -0.01308992     0.01208327    -0.07373400
Spot 2    -0.01281161     0.01208327    -0.07373400
Spot 1    -0.01308993     0.01208334    -0.07373400
Spot 2    -0.01281167     0.01208324    -0.07373400
Spot 1    -0.01308993     0.01208339    -0.07373400
Spot 2    -0.01281165     0.01208329    -0.07373400
Spot 1    -0.01308990     0.01208336    -0.07373400
Spot 2    -0.01281168     0.01208325    -0.07373400
Spot 1    -0.01308996     0.01208346    -0.07373400
Spot 2    -0.01281165     0.01208324    -0.07373400


*****************************************************************coordonnees du prisme dans le repere MOUNT********************************************************************************** 
20MABNDB000135_PR027
   -0.02102761    -0.01064465     2.74937177
   -0.02103284    -0.01063690     2.74937177
   -0.02103104    -0.01063947     2.74937177
   -0.02103161    -0.01064094     2.74937177
   -0.02102906    -0.01064335     2.74937177
   -0.02103145    -0.01064497     2.74937177
   -0.02103326    -0.01064185     2.74937177
   -0.02103074    -0.01064497     2.74937177
   -0.02103678    -0.01064345     2.74937177
   -0.02103642    -0.01064602     2.74937177
   -0.02103554    -0.01064822     2.74937177
20MABNDB000126_PR028
   -0.02061382    -0.03962925     2.14678597
   -0.02061141    -0.03962952     2.14678597
   -0.02061340    -0.03962868     2.14678597
   -0.02061353    -0.03963153     2.14678597
   -0.02061312    -0.03962981     2.14678597
   -0.02061069    -0.03962837     2.14678597
   -0.02061411    -0.03962881     2.14678597
   -0.02061540    -0.03962797     2.14678597
   -0.02061225    -0.03962966     2.14678597
   -0.02061483    -0.03962910     2.14678597
20MABNDA000272_PR038
   -0.01316608     0.01214765     2.74965930
   -0.01316096     0.01214490     2.74965930
   -0.01316517     0.01214308     2.74965930
   -0.01315821     0.01214306     2.74965930
   -0.01316371     0.01214161     2.74965930
   -0.01316663     0.01215371     2.74965930
   -0.01316077     0.01214765     2.74965930
   -0.01316352     0.01214710     2.74965930
   -0.01316663     0.01216013     2.74965930
   -0.01316444     0.01214618     2.74965930
20MABNDA000003_PR039
   -0.00565020     0.04245809     2.14889836
   -0.00565049     0.04246010     2.14889812
   -0.00565063     0.04245925     2.14889836
   -0.00564949     0.04245809     2.14889836
   -0.00565105     0.04246082     2.14889812
   -0.00565320     0.04246154     2.14889812
   -0.00565220     0.04246095     2.14889812
   -0.00565249     0.04245954     2.14889836
   -0.00565249     0.04246054     2.14889812
   -0.00565206     0.04245925     2.14889836


*****************************************************************coordonnees du prisme dans le repere ATLAS********************************************************************************** 
20MABNDB000135_PR027 0.00000000
    2.60040855    -4.19776583    -3.82331967
    2.60040331    -4.19776583    -3.82332730
    2.60040522    -4.19776583    -3.82332468
    2.60040474    -4.19776583    -3.82332325
    2.60040712    -4.19776583    -3.82332087
    2.60040474    -4.19776583    -3.82331920
    2.60040307    -4.19776583    -3.82332230
    2.60040545    -4.19776583    -3.82331920
    2.60039949    -4.19776583    -3.82332063
    2.60039973    -4.19776583    -3.82331824
    2.60040069    -4.19776583    -3.82331610
20MABNDB000126_PR028 0.00000000
    2.60530353    -4.19702673    -5.89258766
    2.60530591    -4.19702673    -5.89258718
    2.60530400    -4.19702673    -5.89258814
    2.60530376    -4.19702673    -5.89258528
    2.60530424    -4.19702673    -5.89258718
    2.60530663    -4.19702673    -5.89258862
    2.60530329    -4.19702673    -5.89258814
    2.60530186    -4.19702673    -5.89258909
    2.60530519    -4.19702673    -5.89258718
    2.60530257    -4.19702673    -5.89258766
20MABNDA000272_PR038 0.00000000
   -2.61136723    -4.19698238    -3.82633805
   -2.61137223    -4.19698238    -3.82634068
   -2.61136794    -4.19698238    -3.82634258
   -2.61137509    -4.19698238    -3.82634258
   -2.61136961    -4.19698238    -3.82634401
   -2.61136651    -4.19698191    -3.82633185
   -2.61137247    -4.19698238    -3.82633805
   -2.61136961    -4.19698238    -3.82633853
   -2.61136651    -4.19698191    -3.82632542
   -2.61136866    -4.19698238    -3.82633948
20MABNDA000003_PR039 0.00000000
   -2.61607575    -4.19703341    -5.89030743
   -2.61607552    -4.19703388    -5.89030552
   -2.61607552    -4.19703341    -5.89030647
   -2.61607647    -4.19703341    -5.89030743
   -2.61607504    -4.19703388    -5.89030457
   -2.61607289    -4.19703388    -5.89030409
   -2.61607385    -4.19703388    -5.89030457
   -2.61607361    -4.19703341    -5.89030600
   -2.61607361    -4.19703388    -5.89030504
   -2.61607385    -4.19703341    -5.89030647


*****************************************************************Rapport********************************************************************************** 
CAM-EBC-US-IP_EBC-US-IP        2014.09.18.09.29.18     2.60040383    -4.19776583    -3.82332104     0.00000279     0.00000000     0.00000302 0.00000000 VRAI 
CAM-EBC-US-HO_EBC-US-HO        2014.09.18.09.29.18     2.60530410    -4.19702673    -5.89258761     0.00000139     0.00000000     0.00000099 0.00000000 VRAI 
CAM-EBC-USA-IP_EBC-USA-IP      2014.09.18.09.29.18    -2.61136959    -4.19698229    -3.82633812     0.00000272     0.00000019     0.00000533 0.00000000 VRAI 
CAM-EBC-USA-HO_EBC-USA-HO      2014.09.18.09.29.18    -2.61607461    -4.19703364    -5.89030576     0.00000113     0.00000024     0.00000113 0.00000000 VRAI 
