********** Fichier qui contient une sauvegarde des coordonnees images + coordonnees images transformees dans le repere BCAM (MOUNT) + coordonnees des prismes dans le repere MOUNT********** 
********************************************************************** Unite en metres (m)************************************************************************************************** 

*******************************************************************coordonnees images dans le repere CCD *********************************************************************************** 
20MABNDL000077_PR002
Spot 1 0.00233456 0.00163348
Spot 2 0.0024 0.00163
Spot 1 0.00233475 0.00163327
Spot 2 0.002405 0.001625
Spot 1 0.00233468 0.00163326
Spot 2 0.002405 0.00163
Spot 1 0.00233464 0.00163335
Spot 2 0.002395 0.001625
Spot 1 0.00233461 0.00163324
Spot 2 0.002405 0.001625
Spot 1 0.00233464 0.00163315
Spot 2 0.002395 0.001625
Spot 1 0.00233471 0.00163325
Spot 2 0.002395 0.001625
Spot 1 0.00233514 0.00163348
Spot 2 0.0024 0.00163
20MABNDL000077_PR003
Spot 1 -1e-06 -1e-06
Spot 2 -1e-06 -1e-06
Spot 1 -1e-06 -1e-06
Spot 2 -1e-06 -1e-06
Spot 1 -1e-06 -1e-06
Spot 2 -1e-06 -1e-06
Spot 1 -1e-06 -1e-06
Spot 2 -1e-06 -1e-06
Spot 1 -1e-06 -1e-06
Spot 2 -1e-06 -1e-06
Spot 1 -1e-06 -1e-06
Spot 2 -1e-06 -1e-06
Spot 1 -1e-06 -1e-06
Spot 2 -1e-06 -1e-06
Spot 1 -1e-06 -1e-06
Spot 2 -1e-06 -1e-06
20MABNDL000077_20MAB
Spot 1 0.00233478 0.00163341
Spot 2 0.0024 0.00163
Spot 1 0.0023346 0.0016332
Spot 2 0.002405 0.00163
Spot 1 0.00233465 0.00163344
Spot 2 0.00239833 0.00162833
Spot 1 0.00233453 0.0016333
Spot 2 0.002395 0.001635
Spot 1 0.00233471 0.00163334
Spot 2 0.002395 0.00163
Spot 1 0.00233514 0.00163348
Spot 2 0.0024 0.00163
Spot 1 0.00233464 0.00163331
Spot 2 0.002395 0.001625
20MABNDM000020_PR013
Spot 1 0.00154919 0.00077213
Spot 2 -1e-06 -1e-06
Spot 1 0.00154904 0.00077234
Spot 2 -1e-06 -1e-06
Spot 1 0.0015489 0.00077211
Spot 2 -1e-06 -1e-06
Spot 1 0.0015492 0.00077232
Spot 2 -1e-06 -1e-06
Spot 1 0.00154878 0.00077223
Spot 2 -1e-06 -1e-06
Spot 1 0.00154904 0.00077239
Spot 2 -1e-06 -1e-06
Spot 1 0.00154874 0.00077228
Spot 2 -1e-06 -1e-06
20MABNDM000020_PR014
Spot 1 -1e-06 -1e-06
Spot 2 -1e-06 -1e-06
Spot 1 -1e-06 -1e-06
Spot 2 -1e-06 -1e-06
Spot 1 -1e-06 -1e-06
Spot 2 -1e-06 -1e-06
Spot 1 -1e-06 -1e-06
Spot 2 -1e-06 -1e-06
Spot 1 -1e-06 -1e-06
Spot 2 -1e-06 -1e-06
Spot 1 -1e-06 -1e-06
Spot 2 -1e-06 -1e-06
Spot 1 -1e-06 -1e-06
Spot 2 -1e-06 -1e-06
20MABNDM000020_20MAB
Spot 1 0.00154922 0.00077214
Spot 2 -1e-06 -1e-06
Spot 1 0.00154924 0.00077223
Spot 2 -1e-06 -1e-06
Spot 1 0.00154879 0.00077217
Spot 2 -1e-06 -1e-06
Spot 1 0.00154899 0.00077225
Spot 2 -1e-06 -1e-06
Spot 1 0.00154873 0.0007723
Spot 2 -1e-06 -1e-06
Spot 1 0.00154893 0.00077234
Spot 2 -1e-06 -1e-06
Spot 1 0.00154877 0.00077236
Spot 2 -1e-06 -1e-06


****************************************************************coordonnees images transformees dans le repere MOUNT************************************************************************* 
20MABNDL000077_PR002
Spot 1 0.0134061 0.0356941 -0.074632
Spot 2 0.0134715 0.03569 -0.074632
Spot 1 -0.0131743 0.0356905 -0.006954
Spot 2 -0.0132397 0.0356864 -0.006954
Spot 1 0.0134063 0.0356939 -0.074632
Spot 2 0.0134765 0.035685 -0.074632
Spot 1 -0.0131745 0.0356903 -0.006954
Spot 2 -0.0132446 0.0356813 -0.006954
Spot 1 0.0134062 0.0356939 -0.074632
Spot 2 0.0134765 0.03569 -0.074632
Spot 1 -0.0131744 0.0356903 -0.006954
Spot 2 -0.0132447 0.0356863 -0.006954
Spot 1 0.0134062 0.035694 -0.074632
Spot 2 0.0134665 0.0356851 -0.074632
Spot 1 -0.0131744 0.0356904 -0.006954
Spot 2 -0.0132346 0.0356814 -0.006954
Spot 1 0.0134061 0.0356939 -0.074632
Spot 2 0.0134765 0.035685 -0.074632
Spot 1 -0.0131743 0.0356903 -0.006954
Spot 2 -0.0132446 0.0356813 -0.006954
Spot 1 0.0134062 0.0356938 -0.074632
Spot 2 0.0134665 0.0356851 -0.074632
Spot 1 -0.0131743 0.0356902 -0.006954
Spot 2 -0.0132346 0.0356814 -0.006954
Spot 1 0.0134062 0.0356939 -0.074632
Spot 2 0.0134665 0.0356851 -0.074632
Spot 1 -0.0131744 0.0356903 -0.006954
Spot 2 -0.0132346 0.0356814 -0.006954
Spot 1 0.0134067 0.0356941 -0.074632
Spot 2 0.0134715 0.03569 -0.074632
Spot 1 -0.0131749 0.0356905 -0.006954
Spot 2 -0.0132397 0.0356864 -0.006954


*****************************************************************coordonnees du prisme dans le repere MOUNT********************************************************************************** 
20MABNDL000077_PR002
-0.0241963 0.0154792 3.70688
-0.036896 0.0155012 3.66657
-3.58297 -0.0228218 -0.9886
-3.59567 -0.0227998 -1.02892
3.57817 -0.0207485 1.01238
3.56547 -0.0207265 0.972064
0.025946 0.0148849 -3.74718
0.0132463 0.0149069 -3.7875
-0.0243232 0.0156092 3.70688
-0.037023 0.0156312 3.66656
-3.583 -0.0224558 -0.988515
-3.5957 -0.0224338 -1.02883
3.5782 -0.0203811 1.01229
3.5655 -0.0203591 0.971973
0.0260736 0.0150157 -3.74718
0.0133739 0.0150377 -3.7875
-0.0243227 0.0154859 3.70688
-0.0370224 0.0155079 3.66656
-3.583 -0.022798 -0.988513
-3.5957 -0.022776 -1.02883
3.57819 -0.0207246 1.01229
3.56549 -0.0207026 0.971971
0.0260732 0.0148916 -3.74718
0.0133734 0.0149136 -3.7875
-0.0240736 0.0156047 3.70688
-0.0367733 0.0156267 3.66657
-3.58296 -0.0224786 -0.988686
-3.59566 -0.0224566 -1.029
3.57815 -0.0204041 1.01247
3.56545 -0.0203821 0.972155
0.0258225 0.015011 -3.74718
0.0131228 0.015033 -3.7875
-0.0243198 0.0156098 3.70688
-0.0370195 0.0156318 3.66656
-3.583 -0.0224541 -0.988517
-3.5957 -0.0224321 -1.02883
3.5782 -0.0203795 1.01229
3.5655 -0.0203575 0.971975
0.0260702 0.0150163 -3.74718
0.0133704 0.0150383 -3.7875
-0.0240735 0.0156097 3.70688
-0.0367733 0.0156317 3.66657
-3.58296 -0.0224648 -0.988686
-3.59566 -0.0224428 -1.029
3.57815 -0.0203903 1.01247
3.56545 -0.0203683 0.972155
0.0258225 0.015016 -3.74719
0.0131227 0.015038 -3.7875
-0.0240753 0.0156072 3.70688
-0.036775 0.0156292 3.66657
-3.58296 -0.0224716 -0.988685
-3.59566 -0.0224496 -1.029
3.57815 -0.0203971 1.01247
3.56545 -0.0203751 0.972154
0.0258242 0.0150135 -3.74718
0.0131245 0.0150355 -3.7875
-0.0242106 0.0154793 3.70688
-0.0369104 0.0155013 3.66657
-3.58298 -0.0228209 -0.98859
-3.59568 -0.0227989 -1.02891
3.57817 -0.0207474 1.01237
3.56547 -0.0207254 0.972053
0.0259604 0.0148851 -3.74718
0.0132607 0.0149071 -3.7875


*****************************************************************coordonnees du prisme dans le repere ATLAS********************************************************************************** 
20MABNDL000077_PR002 0
2.84154 -3.76871 6.48606
2.84147 -3.78136 6.44573
2.8741 -7.32171 1.78616
2.87404 -7.33436 1.74583
2.87627 -0.163043 3.79597
2.8762 -0.175693 3.75564
2.83484 -3.70938 -0.967929
2.83477 -3.72203 -1.00826
2.84141 -3.76884 6.48606
2.84134 -3.78149 6.44573
2.87374 -7.32174 1.78625
2.87367 -7.33439 1.74592
2.8759 -0.163011 3.79588
2.87584 -0.175661 3.75555
2.83471 -3.70925 -0.967929
2.83464 -3.7219 -1.00826
2.84153 -3.76884 6.48606
2.84147 -3.78149 6.44573
2.87408 -7.32173 1.78625
2.87401 -7.33438 1.74592
2.87625 -0.163016 3.79588
2.87618 -0.175666 3.75555
2.83483 -3.70925 -0.967928
2.83476 -3.7219 -1.00826
2.84141 -3.76859 6.48607
2.84135 -3.78124 6.44573
2.87376 -7.32169 1.78608
2.87369 -7.33434 1.74575
2.87592 -0.163063 3.79606
2.87586 -0.175713 3.75573
2.83471 -3.7095 -0.967931
2.83464 -3.72215 -1.00826
2.84141 -3.76884 6.48606
2.84134 -3.78149 6.44573
2.87373 -7.32174 1.78625
2.87367 -7.33439 1.74592
2.8759 -0.163012 3.79588
2.87583 -0.175662 3.75555
2.83471 -3.70925 -0.967929
2.83464 -3.7219 -1.00826
2.84141 -3.76859 6.48607
2.84134 -3.78124 6.44573
2.87374 -7.32169 1.78608
2.87368 -7.33434 1.74575
2.87591 -0.163063 3.79606
2.87585 -0.175713 3.75573
2.83471 -3.7095 -0.967931
2.83464 -3.72215 -1.00826
2.84141 -3.76859 6.48607
2.84134 -3.78124 6.44573
2.87375 -7.32169 1.78608
2.87369 -7.33434 1.74575
2.87592 -0.163063 3.79606
2.87585 -0.175713 3.75573
2.83471 -3.7095 -0.967931
2.83464 -3.72215 -1.00826
2.84154 -3.76873 6.48606
2.84147 -3.78138 6.44573
2.8741 -7.32171 1.78617
2.87403 -7.33436 1.74584
2.87627 -0.16304 3.79596
2.8762 -0.17569 3.75563
2.83484 -3.70936 -0.967929
2.83477 -3.72201 -1.00826


*****************************************************************Rapport********************************************************************************** 
CAM-LBA-US_EBA-US-HO-H 2014.08.15.13.25.33 2.8565 -3.74704 2.7549 0.0185944 2.53107 2.72962 0 VRAI 
