********** Fichier qui contient une sauvegarde des coordonnees images + coordonnees images transformees dans le repere BCAM (MOUNT) + coordonnees des prismes dans le repere MOUNT********** 
********************************************************************** Unite en metres (m)************************************************************************************************** 

*******************************************************************coordonnees images dans le repere CCD *********************************************************************************** 
20MABNDA000196_PR006
Spot 1   0.00198217   0.00074764
Spot 2   0.00161180   0.00074320
Spot 1   0.00198211   0.00074756
Spot 2   0.00161180   0.00074317
Spot 1   0.00198219   0.00074766
Spot 2   0.00161180   0.00074324
Spot 1   0.00198217   0.00074771
Spot 2   0.00161164   0.00074326
Spot 1   0.00198211   0.00074778
Spot 2   0.00161172   0.00074324
Spot 1   0.00198204   0.00074785
Spot 2   0.00161176   0.00074338
Spot 1   0.00198222   0.00074778
Spot 2   0.00161168   0.00074326
Spot 1   0.00198226   0.00074777
Spot 2   0.00161172   0.00074340
Spot 1   0.00198234   0.00074777
Spot 2   0.00161161   0.00074324
Spot 1   0.00198209   0.00074780
Spot 2   0.00161169   0.00074333
Spot 1   0.00198225   0.00074786
Spot 2   0.00161165   0.00074329
20MABNDA000324_PR007
Spot 1   0.00195219   0.00121312
Spot 2   0.00174606   0.00121907
Spot 1   0.00195206   0.00121302
Spot 2   0.00174604   0.00121905
Spot 1   0.00195198   0.00121302
Spot 2   0.00174600   0.00121893
Spot 1   0.00195213   0.00121324
Spot 2   0.00174625   0.00121912
Spot 1   0.00195217   0.00121314
Spot 2   0.00174588   0.00121921
Spot 1   0.00195209   0.00121328
Spot 2   0.00174596   0.00121922
Spot 1   0.00195208   0.00121316
Spot 2   0.00174590   0.00121899
Spot 1   0.00195210   0.00121321
Spot 2   0.00174610   0.00121929
Spot 1   0.00195202   0.00121324
Spot 2   0.00174599   0.00121923
Spot 1   0.00195215   0.00121304
Spot 2   0.00174591   0.00121914
20MABNDB000001_PR017
Spot 1   0.00187209   0.00046746
Spot 2   0.00224178   0.00047669
Spot 1   0.00187230   0.00046755
Spot 2   0.00224183   0.00047654
Spot 1   0.00187211   0.00046739
Spot 2   0.00224181   0.00047665
Spot 1   0.00187218   0.00046746
Spot 2   0.00224180   0.00047678
Spot 1   0.00187223   0.00046746
Spot 2   0.00224190   0.00047649
Spot 1   0.00187202   0.00046743
Spot 2   0.00224172   0.00047668
Spot 1   0.00187223   0.00046757
Spot 2   0.00224184   0.00047664
Spot 1   0.00187224   0.00046741
Spot 2   0.00224194   0.00047640
Spot 1   0.00187230   0.00046761
Spot 2   0.00224180   0.00047670
Spot 1   0.00187212   0.00046744
Spot 2   0.00224174   0.00047661
20MABNDB000260_PR019
Spot 1   0.00192887   0.00149880
Spot 2   0.00213300   0.00149956
Spot 1   0.00192852   0.00149856
Spot 2   0.00213297   0.00149919
Spot 1   0.00192874   0.00149901
Spot 2   0.00213313   0.00149940
Spot 1   0.00192881   0.00149888
Spot 2   0.00213324   0.00149951
Spot 1   0.00192865   0.00149872
Spot 2   0.00213304   0.00149924
Spot 1   0.00192861   0.00149899
Spot 2   0.00213346   0.00149929
Spot 1   0.00192873   0.00149884
Spot 2   0.00213293   0.00149960
Spot 1   0.00192868   0.00149889
Spot 2   0.00213309   0.00149972
Spot 1   0.00192883   0.00149900
Spot 2   0.00213309   0.00149972
Spot 1   0.00192869   0.00149883
Spot 2   0.00213307   0.00149943


****************************************************************coordonnees images transformees dans le repere MOUNT************************************************************************* 
20MABNDA000196_PR006
Spot 1  -0.01293711   0.01323054  -0.07967100
Spot 2  -0.01256672   0.01323021  -0.07967100
Spot 1  -0.01293705   0.01323062  -0.07967100
Spot 2  -0.01256672   0.01323024  -0.07967100
Spot 1  -0.01293713   0.01323052  -0.07967100
Spot 2  -0.01256672   0.01323017  -0.07967100
Spot 1  -0.01293711   0.01323047  -0.07967100
Spot 2  -0.01256656   0.01323015  -0.07967100
Spot 1  -0.01293705   0.01323040  -0.07967100
Spot 2  -0.01256664   0.01323017  -0.07967100
Spot 1  -0.01293699   0.01323032  -0.07967100
Spot 2  -0.01256668   0.01323003  -0.07967100
Spot 1  -0.01293716   0.01323040  -0.07967100
Spot 2  -0.01256660   0.01323015  -0.07967100
Spot 1  -0.01293720   0.01323041  -0.07967100
Spot 2  -0.01256664   0.01323001  -0.07967100
Spot 1  -0.01293728   0.01323041  -0.07967100
Spot 2  -0.01256653   0.01323017  -0.07967100
Spot 1  -0.01293703   0.01323038  -0.07967100
Spot 2  -0.01256661   0.01323008  -0.07967100
Spot 1  -0.01293720   0.01323032  -0.07967100
Spot 2  -0.01256657   0.01323012  -0.07967100
20MABNDA000324_PR007
Spot 1  -0.01255789   0.01280842  -0.07446800
Spot 2  -0.01235173   0.01280408  -0.07446800
Spot 1  -0.01255777   0.01280852  -0.07446800
Spot 2  -0.01235170   0.01280410  -0.07446800
Spot 1  -0.01255769   0.01280852  -0.07446800
Spot 2  -0.01235167   0.01280422  -0.07446800
Spot 1  -0.01255783   0.01280830  -0.07446800
Spot 2  -0.01235191   0.01280403  -0.07446800
Spot 1  -0.01255788   0.01280840  -0.07446800
Spot 2  -0.01235154   0.01280394  -0.07446800
Spot 1  -0.01255779   0.01280826  -0.07446800
Spot 2  -0.01235162   0.01280393  -0.07446800
Spot 1  -0.01255779   0.01280838  -0.07446800
Spot 2  -0.01235157   0.01280416  -0.07446800
Spot 1  -0.01255780   0.01280833  -0.07446800
Spot 2  -0.01235176   0.01280386  -0.07446800
Spot 1  -0.01255772   0.01280830  -0.07446800
Spot 2  -0.01235165   0.01280392  -0.07446800
Spot 1  -0.01255786   0.01280850  -0.07446800
Spot 2  -0.01235157   0.01280401  -0.07446800
20MABNDB000001_PR017
Spot 1  -0.01231597  -0.01352191  -0.07418400
Spot 2  -0.01194620  -0.01351659  -0.07418400
Spot 1  -0.01231576  -0.01352182  -0.07418400
Spot 2  -0.01194615  -0.01351674  -0.07418400
Spot 1  -0.01231595  -0.01352198  -0.07418400
Spot 2  -0.01194617  -0.01351663  -0.07418400
Spot 1  -0.01231588  -0.01352191  -0.07418400
Spot 2  -0.01194618  -0.01351650  -0.07418400
Spot 1  -0.01231583  -0.01352191  -0.07418400
Spot 2  -0.01194608  -0.01351679  -0.07418400
Spot 1  -0.01231604  -0.01352194  -0.07418400
Spot 2  -0.01194626  -0.01351660  -0.07418400
Spot 1  -0.01231583  -0.01352180  -0.07418400
Spot 2  -0.01194614  -0.01351664  -0.07418400
Spot 1  -0.01231582  -0.01352196  -0.07418400
Spot 2  -0.01194604  -0.01351688  -0.07418400
Spot 1  -0.01231576  -0.01352176  -0.07418400
Spot 2  -0.01194618  -0.01351658  -0.07418400
Spot 1  -0.01231594  -0.01352193  -0.07418400
Spot 2  -0.01194624  -0.01351667  -0.07418400
20MABNDB000260_PR019
Spot 1  -0.01240239  -0.01240361  -0.07492700
Spot 2  -0.01219832  -0.01239867  -0.07492700
Spot 1  -0.01240274  -0.01240386  -0.07492700
Spot 2  -0.01219834  -0.01239904  -0.07492700
Spot 1  -0.01240253  -0.01240341  -0.07492700
Spot 2  -0.01219819  -0.01239883  -0.07492700
Spot 1  -0.01240245  -0.01240353  -0.07492700
Spot 2  -0.01219808  -0.01239871  -0.07492700
Spot 1  -0.01240261  -0.01240370  -0.07492700
Spot 2  -0.01219827  -0.01239899  -0.07492700
Spot 1  -0.01240265  -0.01240343  -0.07492700
Spot 2  -0.01219785  -0.01239893  -0.07492700
Spot 1  -0.01240253  -0.01240358  -0.07492700
Spot 2  -0.01219839  -0.01239863  -0.07492700
Spot 1  -0.01240258  -0.01240353  -0.07492700
Spot 2  -0.01219823  -0.01239851  -0.07492700
Spot 1  -0.01240244  -0.01240341  -0.07492700
Spot 2  -0.01219823  -0.01239851  -0.07492700
Spot 1  -0.01240257  -0.01240359  -0.07492700
Spot 2  -0.01219825  -0.01239880  -0.07492700


*****************************************************************coordonnees du prisme dans le repere MOUNT********************************************************************************** 
20MABNDA000196_PR006
 -0.01052986   0.01031288   1.64206481
 -0.01053055   0.01031169   1.64206481
 -0.01052964   0.01031353   1.64206481
 -0.01053159   0.01031433   1.64206481
 -0.01053138   0.01031487   1.64206481
 -0.01053168   0.01031717   1.64206481
 -0.01053060   0.01031507   1.64206481
 -0.01052971   0.01031648   1.64206481
 -0.01053007   0.01031473   1.64206481
 -0.01053191   0.01031608   1.64206481
 -0.01053059   0.01031628   1.64206481
20MABNDA000324_PR007
 -0.02509536   0.02789691   2.95549226
 -0.02509829   0.02789453   2.95549226
 -0.02510064   0.02789215   2.95549226
 -0.02509283   0.02790027   2.95549226
 -0.02509932   0.02790003   2.95549226
 -0.02509934   0.02790298   2.95549226
 -0.02510066   0.02789609   2.95549226
 -0.02509638   0.02790302   2.95549226
 -0.02510012   0.02790239   2.95549226
 -0.02509910   0.02789669   2.95549226
20MABNDB000001_PR017
 -0.02383556  -0.00347159   1.64036572
 -0.02383840  -0.00347090   1.64036572
 -0.02383610  -0.00347037   1.64036572
 -0.02383678  -0.00347256   1.64036572
 -0.02383838  -0.00346937   1.64036572
 -0.02383415  -0.00347116   1.64036572
 -0.02383776  -0.00347222   1.64036572
 -0.02383892  -0.00346783   1.64036572
 -0.02383810  -0.00347331   1.64036572
 -0.02383544  -0.00347050   1.64036572
20MABNDB000260_PR019
 -0.02462788  -0.03822081   2.95627499
 -0.02462064  -0.03820865   2.95627499
 -0.02462787  -0.03822180   2.95627499
 -0.02463142  -0.03822149   2.95627475
 -0.02462449  -0.03821287   2.95627499
 -0.02463186  -0.03821933   2.95627499
 -0.02462372  -0.03822232   2.95627499
 -0.02462581  -0.03822571   2.95627475
 -0.02462871  -0.03822793   2.95627475
 -0.02462576  -0.03821881   2.95627499


*****************************************************************coordonnees du prisme dans le repere ATLAS********************************************************************************** 
20MABNDA000196_PR006 0.00000000
  2.58499002  -4.19496346   6.54826546
  2.58499050  -4.19496346   6.54826450
  2.58498979  -4.19496346   6.54826593
  2.58499169  -4.19496346   6.54826689
  2.58499146  -4.19496346   6.54826736
  2.58499169  -4.19496346   6.54826975
  2.58499074  -4.19496346   6.54826784
  2.58498979  -4.19496346   6.54826927
  2.58499002  -4.19496346   6.54826736
  2.58499193  -4.19496346   6.54826880
  2.58499074  -4.19496346   6.54826880
20MABNDA000324_PR007 0.00000000
  2.59422231  -4.13996601   6.94801617
  2.59421945  -4.13996601   6.94801855
  2.59421706  -4.13996601   6.94802094
  2.59422493  -4.13996601   6.94801283
  2.59421825  -4.13996601   6.94801283
  2.59421825  -4.13996601   6.94800997
  2.59421706  -4.13996601   6.94801664
  2.59422135  -4.13996601   6.94800997
  2.59421754  -4.13996601   6.94801044
  2.59421849  -4.13996601   6.94801617
20MABNDB000001_PR017 0.00000000
 -2.59754038  -4.19505072   6.53879309
 -2.59754324  -4.19505072   6.53879261
 -2.59754109  -4.19505072   6.53879213
 -2.59754181  -4.19505072   6.53879452
 -2.59754324  -4.19505072   6.53879118
 -2.59753895  -4.19505072   6.53879309
 -2.59754276  -4.19505072   6.53879404
 -2.59754372  -4.19505072   6.53878975
 -2.59754300  -4.19505072   6.53879499
 -2.59754038  -4.19505072   6.53879213
20MABNDB000260_PR019 0.00000000
 -2.60412717  -4.13995934   6.94242477
 -2.60413432  -4.13995934   6.94243670
 -2.60412717  -4.13995934   6.94242382
 -2.60412359  -4.13995934   6.94242382
 -2.60413051  -4.13995934   6.94243240
 -2.60412312  -4.13995934   6.94242620
 -2.60413122  -4.13995934   6.94242334
 -2.60412931  -4.13995934   6.94242001
 -2.60412645  -4.13995934   6.94241762
 -2.60412931  -4.13995934   6.94242668


*****************************************************************Rapport********************************************************************************** 
CAM-JDA-US-IP_JDA-US-IP     2014.09.12.15.14.03   2.58499076  -4.19496346   6.54826745   0.00000078   0.00000000   0.00000159 0.00000000 VRAI 
CAM-JDA-US-HO_JDA-US-HO     2014.09.12.15.14.03   2.59421947  -4.13996601   6.94801445   0.00000246   0.00000000   0.00000362 0.00000000 VRAI 
CAM-JDA-USA-IP_JDA-USA-IP   2014.09.12.15.14.03  -2.59754186  -4.19505072   6.53879275   0.00000151   0.00000000   0.00000149 0.00000000 VRAI 
CAM-JDA-USA-HO_JDA-USA-HO   2014.09.12.15.14.03  -2.60412822  -4.13995934   6.94242554   0.00000327   0.00000000   0.00000527 0.00000000 VRAI 
