********** Fichier qui contient une sauvegarde des coordonnees images + coordonnees images transformees dans le repere BCAM (MOUNT) + coordonnees des prismes dans le repere MOUNT********** 
********************************************************************** Unite en metres (m)************************************************************************************************** 

*******************************************************************coordonnees images dans le repere CCD *********************************************************************************** 
20MABNDB000135_PR027
Spot 1 0.00185486 0.00124743
Spot 2 0.00209314 0.00124937
Spot 1 0.00185482 0.00124729
Spot 2 0.00209325 0.00124931
Spot 1 0.00185489 0.00124732
Spot 2 0.00209351 0.00124928
Spot 1 0.00185489 0.00124737
Spot 2 0.00209338 0.00124933
Spot 1 0.00185504 0.0012473
Spot 2 0.00209333 0.0012494
Spot 1 0.00185489 0.00124723
Spot 2 0.00209341 0.00124923
Spot 1 0.001855 0.00124736
Spot 2 0.00209337 0.00124918
Spot 1 0.00185497 0.00124731
Spot 2 0.0020934 0.00124932
Spot 1 0.00185482 0.00124735
Spot 2 0.00209342 0.00124931
20MABNDB000126_PR028
Spot 1 0.00184895 0.00140767
Spot 2 0.00153334 0.0014064
Spot 1 0.00184896 0.00140763
Spot 2 0.00153334 0.00140649
Spot 1 0.00184892 0.00140771
Spot 2 0.00153337 0.00140649
Spot 1 0.00184897 0.00140764
Spot 2 0.00153334 0.00140652
Spot 1 0.00184904 0.0014076
Spot 2 0.00153328 0.00140649
Spot 1 0.00184902 0.00140766
Spot 2 0.00153332 0.0014065
Spot 1 0.00184904 0.00140772
Spot 2 0.00153332 0.00140639
Spot 1 0.0018489 0.00140756
Spot 2 0.00153314 0.00140644
20MABNDA000272_PR038
Spot 1 0.00203351 0.00138633
Spot 2 0.00179111 0.00138433
Spot 1 0.00203357 0.00138643
Spot 2 0.00179104 0.00138432
Spot 1 0.00203341 0.00138649
Spot 2 0.00179091 0.00138428
Spot 1 0.00203352 0.00138635
Spot 2 0.00179108 0.00138443
Spot 1 0.00203353 0.00138643
Spot 2 0.00179115 0.00138433
Spot 1 0.00203354 0.00138662
Spot 2 0.00179094 0.00138438
Spot 1 0.00203343 0.00138641
Spot 2 0.00179099 0.00138447
Spot 1 0.00203343 0.00138663
Spot 2 0.00179103 0.00138433
20MABNDA000003_PR039
Spot 1 0.00211586 0.00112537
Spot 2 0.00180222 0.001127
Spot 1 0.00211596 0.00112537
Spot 2 0.00180228 0.00112693
Spot 1 0.00211584 0.0011253
Spot 2 0.00180226 0.00112702
Spot 1 0.00211589 0.00112536
Spot 2 0.00180227 0.0011271
Spot 1 0.00211579 0.0011254
Spot 2 0.00180222 0.00112702
Spot 1 0.00211589 0.00112535
Spot 2 0.00180228 0.00112692
Spot 1 0.00211588 0.00112533
Spot 2 0.00180228 0.001127
Spot 1 0.00211588 0.00112534
Spot 2 0.00180222 0.00112704


****************************************************************coordonnees images transformees dans le repere MOUNT************************************************************************* 
20MABNDB000135_PR027
Spot 1 -0.0125461 -0.0128652 -0.074647
Spot 2 -0.0123078 -0.0128659 -0.074647
Spot 1 -0.0125462 -0.0128653 -0.074647
Spot 2 -0.0123077 -0.012866 -0.074647
Spot 1 -0.0125461 -0.0128653 -0.074647
Spot 2 -0.0123075 -0.012866 -0.074647
Spot 1 -0.0125461 -0.0128653 -0.074647
Spot 2 -0.0123076 -0.012866 -0.074647
Spot 1 -0.0125459 -0.0128653 -0.074647
Spot 2 -0.0123076 -0.0128659 -0.074647
Spot 1 -0.0125461 -0.0128654 -0.074647
Spot 2 -0.0123076 -0.0128661 -0.074647
Spot 1 -0.012546 -0.0128653 -0.074647
Spot 2 -0.0123076 -0.0128661 -0.074647
Spot 1 -0.012546 -0.0128653 -0.074647
Spot 2 -0.0123076 -0.012866 -0.074647
Spot 1 -0.0125462 -0.0128653 -0.074647
Spot 2 -0.0123076 -0.012866 -0.074647
20MABNDB000126_PR028
Spot 1 -0.0123274 -0.0127734 -0.075004
Spot 2 -0.012643 -0.0127764 -0.075004
Spot 1 -0.0123274 -0.0127734 -0.075004
Spot 2 -0.012643 -0.0127763 -0.075004
Spot 1 -0.0123274 -0.0127734 -0.075004
Spot 2 -0.0126429 -0.0127763 -0.075004
Spot 1 -0.0123274 -0.0127734 -0.075004
Spot 2 -0.012643 -0.0127762 -0.075004
Spot 1 -0.0123273 -0.0127735 -0.075004
Spot 2 -0.012643 -0.0127763 -0.075004
Spot 1 -0.0123273 -0.0127734 -0.075004
Spot 2 -0.012643 -0.0127763 -0.075004
Spot 1 -0.0123273 -0.0127734 -0.075004
Spot 2 -0.012643 -0.0127764 -0.075004
Spot 1 -0.0123274 -0.0127735 -0.075004
Spot 2 -0.0126432 -0.0127763 -0.075004
20MABNDA000272_PR038
Spot 1 -0.0128699 0.0127253 -0.074179
Spot 2 -0.0126275 0.0127269 -0.074179
Spot 1 -0.01287 0.0127252 -0.074179
Spot 2 -0.0126275 0.0127269 -0.074179
Spot 1 -0.0128698 0.0127252 -0.074179
Spot 2 -0.0126273 0.012727 -0.074179
Spot 1 -0.0128699 0.0127253 -0.074179
Spot 2 -0.0126275 0.0127268 -0.074179
Spot 1 -0.01287 0.0127252 -0.074179
Spot 2 -0.0126276 0.0127269 -0.074179
Spot 1 -0.01287 0.012725 -0.074179
Spot 2 -0.0126274 0.0127269 -0.074179
Spot 1 -0.0128699 0.0127253 -0.074179
Spot 2 -0.0126274 0.0127268 -0.074179
Spot 1 -0.0128699 0.012725 -0.074179
Spot 2 -0.0126274 0.0127269 -0.074179
20MABNDA000003_PR039
Spot 1 -0.0129149 0.0129272 -0.073734
Spot 2 -0.0126013 0.0129248 -0.073734
Spot 1 -0.012915 0.0129272 -0.073734
Spot 2 -0.0126013 0.0129248 -0.073734
Spot 1 -0.0129149 0.0129273 -0.073734
Spot 2 -0.0126013 0.0129247 -0.073734
Spot 1 -0.0129149 0.0129272 -0.073734
Spot 2 -0.0126013 0.0129247 -0.073734
Spot 1 -0.0129148 0.0129272 -0.073734
Spot 2 -0.0126013 0.0129247 -0.073734
Spot 1 -0.0129149 0.0129272 -0.073734
Spot 2 -0.0126013 0.0129248 -0.073734
Spot 1 -0.0129149 0.0129272 -0.073734
Spot 2 -0.0126013 0.0129248 -0.073734
Spot 1 -0.0129149 0.0129272 -0.073734
Spot 2 -0.0126013 0.0129247 -0.073734


*****************************************************************coordonnees du prisme dans le repere MOUNT********************************************************************************** 
20MABNDB000135_PR027
-0.0201817 -0.0220199 2.74936
-0.0201829 -0.0220162 2.74936
-0.0201889 -0.0220161 2.74936
-0.0201866 -0.022018 2.74936
-0.0201884 -0.022018 2.74936
-0.0201871 -0.0220136 2.74936
-0.0201884 -0.022015 2.74936
-0.0201884 -0.0220167 2.74936
-0.020186 -0.0220173 2.74936
20MABNDB000126_PR028
-0.0177303 -0.0217617 2.14694
-0.0177304 -0.0217624 2.14694
-0.0177303 -0.0217636 2.14694
-0.0177306 -0.021763 2.14694
-0.0177307 -0.021762 2.14694
-0.017731 -0.021763 2.14694
-0.0177313 -0.0217623 2.14694
-0.0177267 -0.0217607 2.14694
20MABNDA000272_PR038
-0.00953795 0.0267188 2.74962
-0.00953812 0.0267205 2.74962
-0.00954344 0.0267208 2.74962
-0.0095383 0.026721 2.74962
-0.00953684 0.0267206 2.74962
-0.00954051 0.0267251 2.74962
-0.00954161 0.0267229 2.74962
-0.00954086 0.0267243 2.74962
20MABNDA000003_PR039
-0.0111599 0.0183767 2.1491
-0.0111576 0.0183757 2.1491
-0.0111596 0.018376 2.1491
-0.0111588 0.018378 2.1491
-0.0111609 0.0183774 2.1491
-0.0111586 0.0183753 2.1491
-0.0111588 0.0183761 2.1491
-0.0111596 0.0183768 2.1491


*****************************************************************coordonnees du prisme dans le repere ATLAS********************************************************************************** 
20MABNDB000135_PR027
2.60132 -4.19783 -3.81195
2.60132 -4.19783 -3.81195
2.60131 -4.19783 -3.81195
2.60131 -4.19783 -3.81195
2.60131 -4.19783 -3.81195
2.60131 -4.19783 -3.81196
2.60131 -4.19783 -3.81195
2.60131 -4.19783 -3.81195
2.60131 -4.19783 -3.81195
20MABNDB000126_PR028
2.60818 -4.19695 -5.91046
2.60818 -4.19695 -5.91046
2.60818 -4.19695 -5.91046
2.60818 -4.19695 -5.91046
2.60818 -4.19695 -5.91046
2.60818 -4.19695 -5.91046
2.60818 -4.19695 -5.91046
2.60818 -4.19695 -5.91046
20MABNDA000272_PR038
-2.61499 -4.19702 -3.81177
-2.61499 -4.19702 -3.81176
-2.61499 -4.19702 -3.81176
-2.61499 -4.19702 -3.81176
-2.61499 -4.19702 -3.81176
-2.61499 -4.19702 -3.81176
-2.61499 -4.19702 -3.81176
-2.61499 -4.19702 -3.81176
20MABNDA000003_PR039
-2.61056 -4.19693 -5.91439
-2.61057 -4.19693 -5.91439
-2.61056 -4.19693 -5.91439
-2.61056 -4.19693 -5.91439
-2.61056 -4.19693 -5.91439
-2.61056 -4.19693 -5.91439
-2.61056 -4.19693 -5.91439
-2.61056 -4.19693 -5.91439


*****************************************************************Rapport********************************************************************************** 
CAM-EBC-US-IP_EBC-US-IP 2014.08.13.14.47.09 2.60131 -4.19783 -3.81195 2.42475e-06 0 1.68379e-06 VRAI 
CAM-EBC-US-HO_EBC-US-HO 2014.08.13.14.47.09 2.60818 -4.19695 -5.91046 1.37866e-06 0 8.5963e-07 VRAI 
CAM-EBC-USA-IP_EBC-USA-IP 2014.08.13.14.47.09 -2.61499 -4.19702 -3.81176 2.10819e-06 0 1.97956e-06 VRAI 
CAM-EBC-USA-HO_EBC-USA-HO 2014.08.13.14.47.09 -2.61056 -4.19693 -5.91439 8.98035e-07 0 9.05912e-07 VRAI 
