********** Fichier qui contient une sauvegarde des coordonnees images + coordonnees images transformees dans le repere BCAM (MOUNT) + coordonnees des prismes dans le repere MOUNT********** 
********************************************************************** Unite en metres (m)************************************************************************************************** 

*******************************************************************coordonnees images dans le repere CCD *********************************************************************************** 
20MABNDM000168_PR025
Spot 1 0.00284181 0.00136765
Spot 2 0.00266759 0.00137107
Spot 1 0.00284175 0.0013677
Spot 2 0.0026675 0.00137105
Spot 1 0.00284182 0.00136772
Spot 2 0.0026674 0.00137111
Spot 1 0.00284164 0.00136789
Spot 2 0.00266763 0.00137111
Spot 1 0.00284188 0.00136777
Spot 2 0.00266781 0.00137106
20MABNDM000168_PR026
Spot 1 0.00217914 0.0012181
Spot 2 -1e-06 -1e-06
Spot 1 0.002179 0.001218
Spot 2 -1e-06 -1e-06
Spot 1 0.00217867 0.00121833
Spot 2 0.002265 0.001215
Spot 1 0.00217893 0.00121857
Spot 2 -1e-06 -1e-06
Spot 1 0.00217855 0.0012179
Spot 2 -1e-06 -1e-06
20MABNDM000168_PR001
Spot 1 0.001155 0.000165
Spot 2 0.001235 0.000255
Spot 1 0.000755 5.833e-05
Spot 2 0.002765 0.00027833
Spot 1 0.000415 0.00011167
Spot 2 0.000435 0.000265
Spot 1 0.000785 4.167e-05
Spot 2 0.001075 0.000105
20MABNDM000168_20MABNDL000077
Spot 1 0.00158127 0.00141661
Spot 2 0.00138082 0.0010989
Spot 1 0.00158141 0.00141676
Spot 2 0.0013809 0.00109873
Spot 1 0.00158173 0.00141721
Spot 2 0.00138799 0.00123398
Spot 1 0.00158145 0.00141665
Spot 2 0.00139638 0.00144257
20MABNDL000196_PR036
Spot 1 0.00084887 0.00179224
Spot 2 0.00139995 0.00166143
Spot 1 0.00084896 0.0017929
Spot 2 0.00139994 0.00166161
Spot 1 0.00084899 0.0017928
Spot 2 0.00139999 0.00166197
Spot 1 0.000849 0.00179244
Spot 2 0.00139997 0.00166156
20MABNDL000196_PR037
Spot 1 0.00161455 0.0007998
Spot 2 0.00213643 0.00103245
Spot 1 0.00161449 0.00079894
Spot 2 0.00213671 0.00103244
Spot 1 0.00161472 0.00079852
Spot 2 0.00213645 0.00103259
Spot 1 0.00161435 0.00079987
Spot 2 0.00213649 0.00103277
20MABNDL000196_PR012
Spot 1 0.002435 0.0001825
Spot 2 0.003325 7.5e-05
Spot 1 0.0016525 8.5e-05
Spot 2 0.00323167 0.00011167
Spot 1 0.001605 6.833e-05
Spot 2 0.00284167 0.000355
Spot 1 0.001175 0.000195
Spot 2 0.00328833 0.00033833
20MABNDL000196_20MABNDM000020
Spot 1 0.0018334 0.00129952
Spot 2 0.0022587 0.00067921
Spot 1 0.00172689 0.00109381
Spot 2 0.001949 0.00109838
Spot 1 0.00183326 0.00130001
Spot 2 0.00225842 0.00067925
Spot 1 0.00183326 0.00129991
Spot 2 0.00225833 0.00067918


****************************************************************coordonnees images transformees dans le repere MOUNT************************************************************************* 
20MABNDM000168_PR025
Spot 1 -0.0115608 -0.0356977 -0.005329
Spot 2 -0.011735 -0.0357018 -0.005329
Spot 1 -0.0115609 -0.0356977 -0.005329
Spot 2 -0.0117351 -0.0357018 -0.005329
Spot 1 -0.0115608 -0.0356978 -0.005329
Spot 2 -0.0117352 -0.0357019 -0.005329
Spot 1 -0.011561 -0.0356979 -0.005329
Spot 2 -0.011735 -0.0357019 -0.005329
Spot 1 -0.0115607 -0.0356978 -0.005329
Spot 2 -0.0117348 -0.0357018 -0.005329
20MABNDM000168_PR026
Spot 1 -0.0122241 -0.035551 -0.005329
Spot 2 -0.0144095 -0.0343413 -0.005329
Spot 1 -0.0122242 -0.0355509 -0.005329
Spot 2 -0.0144095 -0.0343413 -0.005329
Spot 1 -0.0122246 -0.0355512 -0.005329
Spot 2 -0.0121383 -0.0355475 -0.005329
Spot 1 -0.0122243 -0.0355515 -0.005329
Spot 2 -0.0144095 -0.0343413 -0.005329
Spot 1 -0.0122247 -0.0355508 -0.005329
Spot 2 -0.0144095 -0.0343413 -0.005329
20MABNDM000168_PR001
Spot 1 0.013287 -0.0341714 -0.074451
Spot 2 0.0132057 -0.0342602 -0.074451
Spot 1 0.0136885 -0.0340706 -0.074451
Spot 2 0.0116755 -0.0342612 -0.074451
Spot 1 0.0140277 -0.0341289 -0.074451
Spot 2 0.0140055 -0.0342819 -0.074451
Spot 1 0.0136588 -0.0340535 -0.074451
Spot 2 0.0133679 -0.0341126 -0.074451
20MABNDM000168_20MABNDL000077
Spot 1 0.0128425 -0.0354166 -0.074451
Spot 2 0.0130476 -0.0351019 -0.074451
Spot 1 0.0128423 -0.0354168 -0.074451
Spot 2 0.0130475 -0.0351017 -0.074451
Spot 1 0.012842 -0.0354172 -0.074451
Spot 2 0.0130384 -0.0352369 -0.074451
Spot 1 0.0128423 -0.0354167 -0.074451
Spot 2 0.013027 -0.0354453 -0.074451
20MABNDL000196_PR036
Spot 1 0.0118285 0.0359807 -0.074836
Spot 2 0.0123798 0.0358511 -0.074836
Spot 1 0.0118286 0.0359814 -0.074836
Spot 2 0.0123798 0.0358513 -0.074836
Spot 1 0.0118286 0.0359813 -0.074836
Spot 2 0.0123799 0.0358516 -0.074836
Spot 1 0.0118286 0.0359809 -0.074836
Spot 2 0.0123798 0.0358512 -0.074836
20MABNDL000196_PR037
Spot 1 0.0125962 0.0349899 -0.074836
Spot 2 0.0131176 0.0352236 -0.074836
Spot 1 0.0125962 0.034989 -0.074836
Spot 2 0.0131179 0.0352236 -0.074836
Spot 1 0.0125964 0.0349886 -0.074836
Spot 2 0.0131176 0.0352238 -0.074836
Spot 1 0.012596 0.03499 -0.074836
Spot 2 0.0131177 0.0352239 -0.074836
20MABNDL000196_PR012
Spot 1 -0.0132417 0.0344436 -0.00611
Spot 2 -0.0141293 0.0343182 -0.00611
Spot 1 -0.0124574 0.0343619 -0.00611
Spot 2 -0.0140367 0.0343568 -0.00611
Spot 1 -0.0124095 0.0343462 -0.00611
Spot 2 -0.0136517 0.0346079 -0.00611
Spot 1 -0.0119822 0.0344815 -0.00611
Spot 2 -0.014098 0.0345823 -0.00611
20MABNDL000196_20MABNDM000020
Spot 1 -0.0126627 0.0355725 -0.00611
Spot 2 -0.0130754 0.0349438 -0.00611
Spot 1 -0.012552 0.035369 -0.00611
Spot 2 -0.0127742 0.0353691 -0.00611
Spot 1 -0.0126625 0.035573 -0.00611
Spot 2 -0.0130751 0.0349438 -0.00611
Spot 1 -0.0126625 0.0355729 -0.00611
Spot 2 -0.013075 0.0349438 -0.00611


*****************************************************************coordonnees du prisme dans le repere MOUNT********************************************************************************** 
20MABNDM000168_PR025
-0.0638772 -0.0179609 -3.7884
-0.0638735 -0.0179601 -3.7884
-0.0638727 -0.0179581 -3.7884
-0.063874 -0.0179539 -3.7884
-0.0638843 -0.0179582 -3.7884
20MABNDM000168_PR026
0.0203011 -0.0562407 -3.98442
0.0203047 -0.0562432 -3.98442
-0.0388082 -0.0248346 -3.98451
0.0203065 -0.0562284 -3.98442
0.0203165 -0.0562458 -3.98442
20MABNDM000168_PR001
-0.0250225 -0.123137 5.8144
0.0187265 -0.127008 5.81446
-0.0847211 -0.123932 5.81369
-0.0457153 -0.133424 5.81406
20MABNDM000168_20MABNDL000077
-0.000606036 -0.041793 5.38883
-0.000598175 -0.0417938 5.38883
-0.000260672 -0.0369233 5.38883
0.000140013 -0.0294552 5.38883
20MABNDL000196_PR036
0.0466566 0.00163511 3.68778
0.0466547 0.00161453 3.68778
0.0466527 0.00160813 3.68778
0.0466529 0.00162706 3.68778
20MABNDL000196_PR037
0.00953121 0.0416515 3.884
0.00952548 0.041674 3.884
0.00952622 0.041681 3.884
0.00953485 0.0416415 3.884
20MABNDL000196_PR012
0.0653621 0.110834 -5.91477
0.0312899 0.112517 -5.91511
0.0144695 0.10337 -5.91532
0.0152033 0.0991099 -5.91537
20MABNDL000196_20MABNDM000020
0.000804687 0.0421598 -5.47472
-0.0139917 0.0341911 -5.47474
0.000789998 0.0421404 -5.47472
0.000786618 0.0421464 -5.47472


*****************************************************************coordonnees du prisme dans le repere ATLAS********************************************************************************** 
20MABNDM000168_PR025 0
2.8353 -3.68145 -6.47905
2.8353 -3.68146 -6.47905
2.8353 -3.68146 -6.47905
2.83531 -3.68146 -6.47905
2.8353 -3.68145 -6.47905
20MABNDM000168_PR026 0
2.79699 -3.76569 -6.67504
2.79698 -3.7657 -6.67504
2.82841 -3.70659 -6.67515
2.797 -3.7657 -6.67504
2.79698 -3.76571 -6.67504
20MABNDM000168_PR001 0
2.73069 -3.71671 3.12377
2.72681 -3.76046 3.12385
2.72991 -3.65701 3.12304
2.72041 -3.69601 3.12343
20MABNDM000168_20MABNDL000077 0
2.812 -3.7413 2.6982
2.812 -3.74131 2.6982
2.81687 -3.74165 2.69821
2.82434 -3.74205 2.6982
20MABNDL000196_PR036 0
-2.85197 -3.69762 -6.4791
-2.85199 -3.69762 -6.4791
-2.852 -3.69762 -6.4791
-2.85198 -3.69762 -6.4791
20MABNDL000196_PR037 0
-2.81194 -3.73491 -6.67529
-2.81192 -3.73491 -6.67529
-2.81191 -3.73491 -6.67529
-2.81195 -3.7349 -6.67529
20MABNDL000196_PR012 0
-2.74257 -3.66993 3.12343
-2.74087 -3.704 3.1238
-2.75001 -3.72083 3.12403
-2.75427 -3.7201 3.12407
20MABNDL000196_20MABNDM000020 0
-2.81122 -3.73493 2.68344
-2.81919 -3.74973 2.68347
-2.81124 -3.73495 2.68344
-2.81124 -3.73495 2.68344


*****************************************************************Rapport********************************************************************************** 
CAM-LBC-US_EBC-US-HO-H 2014.08.19.00.26.55 2.8353 -3.68145 -6.47905 2.45745e-06 4.22048e-06 0 0 VRAI 
CAM-LBC-US_JDC-US-H 2014.08.19.00.26.55 2.80327 -3.75388 -6.67506 0.0125682 0.0236428 4.47754e-05 0 VRAI 
CAM-LBC-US_EBA-US-IP-H 2014.08.19.00.26.55 2.72695 -3.70755 3.12352 0.00404867 0.0373174 0.000318933 0 VRAI 
CAM-LBC-US_CAM-LBA-US 2014.08.19.00.26.55 2.8163 -3.74158 2.6982 0.0050476 0.000307052 1.63016e-06 0 VRAI 
CAM-LBC-USA_EBC-USA-HO-H 2014.08.19.00.26.55 -2.85199 -3.69762 -6.4791 1.05269e-05 1.62142e-06 0 0 VRAI 
CAM-LBC-USA_JDC-USA-H 2014.08.19.00.26.55 -2.81193 -3.73491 -6.67529 1.60259e-05 3.83698e-06 0 0 VRAI 
CAM-LBC-USA_EBA-USA-IP-H 2014.08.19.00.26.55 -2.74693 -3.70372 3.12383 0.00545634 0.020631 0.000253949 0 VRAI 
CAM-LBC-USA_CAM-LBA-USA 2014.08.19.00.26.55 -2.81322 -3.73864 2.68345 0.00344283 0.00640387 1.47631e-05 0 VRAI 
