********** Fichier qui contient une sauvegarde des coordonnees images + coordonnees images transformees dans le repere BCAM (MOUNT) + coordonnees des prismes dans le repere MOUNT********** 
********************************************************************** Unite en metres (m)************************************************************************************************** 

*******************************************************************coordonnees images dans le repere CCD *********************************************************************************** 
20MABNDA000188_PR008
Spot 1 0.002835 0.000125
Spot 2 0.000445 4.5e-05
Spot 1 0.002455 4.375e-05
Spot 2 0.002835 0.000125
Spot 1 0.002834 0.000125
Spot 2 0.000445 4.5e-05
Spot 1 0.002515 0.000405
Spot 2 0.002835 0.000125
Spot 1 0.002515 0.000405
Spot 2 0.002835 0.000125
20MABNDA000188_PR010
Spot 1 0.002455 4.5e-05
Spot 2 0.003365 0.000145
Spot 1 0.000445 4.5e-05
Spot 2 0.003365 0.000145
Spot 1 0.002455 4.5e-05
Spot 2 0.000785 0.000165
Spot 1 0.000445 4.5e-05
Spot 2 0.002455 4.5e-05
Spot 1 0.000445 4.5e-05
Spot 2 0.002455 4.5e-05
20MABNDA000039_PR009
Spot 1 0.000275 0.000245
Spot 2 0.000805 0.000265
Spot 1 0.000275 0.000245
Spot 2 0.000805 0.000265
Spot 1 0.000275 0.000245
Spot 2 0.000805 0.000265
Spot 1 0.000275 0.000245
Spot 2 0.000805 0.000265
Spot 1 0.000275 0.000245
Spot 2 0.000805 0.000265
20MABNDA000039_PR011
Spot 1 0.000815 0.000525
Spot 2 0.000845 0.000225
Spot 1 0.000815 0.000525
Spot 2 0.000845 0.000225
Spot 1 0.000845 0.000225
Spot 2 0.000815 0.000525
Spot 1 0.000815 0.000525
Spot 2 0.000845 0.000225
Spot 1 0.000815 0.000525
Spot 2 0.000845 0.000225
20MABNDB000155_PR020
Spot 1 0.000255 0.000385
Spot 2 0.002405 0.000305
Spot 1 0.001095 0.001395
Spot 2 0.001725 0.001475
Spot 1 0.001095 0.001395
Spot 2 0.001725 0.001475
Spot 1 0.000255 0.000385
Spot 2 0.002405 0.000305
Spot 1 0.000255 0.000385
Spot 2 0.002405 0.000305
20MABNDB000155_PR022
Spot 1 0.001005 2.5e-05
Spot 2 0.001545 0.000185
Spot 1 0.001725 0.000545
Spot 2 0.000255 0.000385
Spot 1 0.001725 0.000545
Spot 2 0.000255 0.000385
Spot 1 0.001005 2.5e-05
Spot 2 0.001545 0.000185
Spot 1 0.001005 2.5e-05
Spot 2 0.001545 0.000185
20MABNDB000010_PR021
Spot 1 0.00309731 0.00091946
Spot 2 0.00060848 0.0004363
Spot 1 0.00309638 0.00091954
Spot 2 0.00060778 0.00043552
Spot 1 0.00309419 0.00091968
Spot 2 0.00060789 0.00043572
Spot 1 0.00309487 0.00091972
Spot 2 0.00060861 0.00043582
20MABNDB000010_PR023
Spot 1 0.00236603 0.00088034
Spot 2 0.000615 5.5e-05
Spot 1 0.000615 5.5e-05
Spot 2 0.001645 0.000475
Spot 1 0.000615 5.5e-05
Spot 2 0.001645 0.000475
Spot 1 0.00235971 0.00088057
Spot 2 0.000615 5.5e-05


****************************************************************coordonnees images transformees dans le repere MOUNT************************************************************************* 
20MABNDA000188_PR008
Spot 1 -0.0138512 0.0139384 -0.07502
Spot 2 -0.0114606 0.0139979 -0.07502
Spot 1 -0.0134705 0.0140164 -0.07502
Spot 2 -0.0138512 0.0139384 -0.07502
Spot 1 -0.0138502 0.0139384 -0.07502
Spot 2 -0.0114606 0.0139979 -0.07502
Spot 1 -0.0135336 0.0136557 -0.07502
Spot 2 -0.0138512 0.0139384 -0.07502
Spot 1 -0.0135336 0.0136557 -0.07502
Spot 2 -0.0138512 0.0139384 -0.07502
20MABNDA000188_PR010
Spot 1 -0.0134705 0.0140152 -0.07502
Spot 2 -0.0143813 0.013923 -0.07502
Spot 1 -0.0114606 0.0139979 -0.07502
Spot 2 -0.0143813 0.013923 -0.07502
Spot 1 -0.0134705 0.0140152 -0.07502
Spot 2 -0.0118016 0.0138809 -0.07502
Spot 1 -0.0114606 0.0139979 -0.07502
Spot 2 -0.0134705 0.0140152 -0.07502
Spot 1 -0.0114606 0.0139979 -0.07502
Spot 2 -0.0134705 0.0140152 -0.07502
20MABNDA000039_PR009
Spot 1 -0.0112331 0.0139974 -0.074448
Spot 2 -0.0117632 0.0139797 -0.074448
Spot 1 -0.0112331 0.0139974 -0.074448
Spot 2 -0.0117632 0.0139797 -0.074448
Spot 1 -0.0112331 0.0139974 -0.074448
Spot 2 -0.0117632 0.0139797 -0.074448
Spot 1 -0.0112331 0.0139974 -0.074448
Spot 2 -0.0117632 0.0139797 -0.074448
Spot 1 -0.0112331 0.0139974 -0.074448
Spot 2 -0.0117632 0.0139797 -0.074448
20MABNDA000039_PR011
Spot 1 -0.0117743 0.0137198 -0.074448
Spot 2 -0.011803 0.0140199 -0.074448
Spot 1 -0.0117743 0.0137198 -0.074448
Spot 2 -0.011803 0.0140199 -0.074448
Spot 1 -0.011803 0.0140199 -0.074448
Spot 2 -0.0117743 0.0137198 -0.074448
Spot 1 -0.0117743 0.0137198 -0.074448
Spot 2 -0.011803 0.0140199 -0.074448
Spot 1 -0.0117743 0.0137198 -0.074448
Spot 2 -0.011803 0.0140199 -0.074448
20MABNDB000155_PR020
Spot 1 -0.0140009 -0.0138773 -0.075017
Spot 2 -0.01185 -0.0139279 -0.075017
Spot 1 -0.0131748 -0.0128559 -0.075017
Spot 2 -0.012546 -0.0127673 -0.075017
Spot 1 -0.0131748 -0.0128559 -0.075017
Spot 2 -0.012546 -0.0127673 -0.075017
Spot 1 -0.0140009 -0.0138773 -0.075017
Spot 2 -0.01185 -0.0139279 -0.075017
Spot 1 -0.0140009 -0.0138773 -0.075017
Spot 2 -0.01185 -0.0139279 -0.075017
20MABNDB000155_PR022
Spot 1 -0.0132461 -0.014227 -0.075017
Spot 2 -0.0127083 -0.0140596 -0.075017
Spot 1 -0.0125333 -0.0136972 -0.075017
Spot 2 -0.0140009 -0.0138773 -0.075017
Spot 1 -0.0125333 -0.0136972 -0.075017
Spot 2 -0.0140009 -0.0138773 -0.075017
Spot 1 -0.0132461 -0.014227 -0.075017
Spot 2 -0.0127083 -0.0140596 -0.075017
Spot 1 -0.0132461 -0.014227 -0.075017
Spot 2 -0.0127083 -0.0140596 -0.075017
20MABNDB000010_PR021
Spot 1 -0.0113498 -0.0131551 -0.073582
Spot 2 -0.0138301 -0.0136804 -0.073582
Spot 1 -0.0113507 -0.0131551 -0.073582
Spot 2 -0.0138307 -0.0136812 -0.073582
Spot 1 -0.0113529 -0.013155 -0.073582
Spot 2 -0.0138306 -0.013681 -0.073582
Spot 1 -0.0113522 -0.0131549 -0.073582
Spot 2 -0.0138299 -0.0136809 -0.073582
20MABNDB000010_PR023
Spot 1 -0.0120803 -0.0132066 -0.073582
Spot 2 -0.0138171 -0.0140615 -0.073582
Spot 1 -0.0138171 -0.0140615 -0.073582
Spot 2 -0.0127943 -0.0136241 -0.073582
Spot 1 -0.0138171 -0.0140615 -0.073582
Spot 2 -0.0127943 -0.0136241 -0.073582
Spot 1 -0.0120866 -0.0132065 -0.073582
Spot 2 -0.0138171 -0.0140615 -0.073582
20MABNDA000188_PR008
Spot 1 -0.0138512 0.0139384 -0.07502
Spot 2 -0.0114606 0.0139979 -0.07502
Spot 1 -0.0134705 0.0140164 -0.07502
Spot 2 -0.0138512 0.0139384 -0.07502
Spot 1 -0.0138502 0.0139384 -0.07502
Spot 2 -0.0114606 0.0139979 -0.07502
Spot 1 -0.0135336 0.0136557 -0.07502
Spot 2 -0.0138512 0.0139384 -0.07502
Spot 1 -0.0135336 0.0136557 -0.07502
Spot 2 -0.0138512 0.0139384 -0.07502
20MABNDA000188_PR010
Spot 1 -0.0134705 0.0140152 -0.07502
Spot 2 -0.0143813 0.013923 -0.07502
Spot 1 -0.0114606 0.0139979 -0.07502
Spot 2 -0.0143813 0.013923 -0.07502
Spot 1 -0.0134705 0.0140152 -0.07502
Spot 2 -0.0118016 0.0138809 -0.07502
Spot 1 -0.0114606 0.0139979 -0.07502
Spot 2 -0.0134705 0.0140152 -0.07502
Spot 1 -0.0114606 0.0139979 -0.07502
Spot 2 -0.0134705 0.0140152 -0.07502
20MABNDA000039_PR009
Spot 1 -0.0112331 0.0139974 -0.074448
Spot 2 -0.0117632 0.0139797 -0.074448
Spot 1 -0.0112331 0.0139974 -0.074448
Spot 2 -0.0117632 0.0139797 -0.074448
Spot 1 -0.0112331 0.0139974 -0.074448
Spot 2 -0.0117632 0.0139797 -0.074448
Spot 1 -0.0112331 0.0139974 -0.074448
Spot 2 -0.0117632 0.0139797 -0.074448
Spot 1 -0.0112331 0.0139974 -0.074448
Spot 2 -0.0117632 0.0139797 -0.074448
20MABNDA000039_PR011
Spot 1 -0.0117743 0.0137198 -0.074448
Spot 2 -0.011803 0.0140199 -0.074448
Spot 1 -0.0117743 0.0137198 -0.074448
Spot 2 -0.011803 0.0140199 -0.074448
Spot 1 -0.011803 0.0140199 -0.074448
Spot 2 -0.0117743 0.0137198 -0.074448
Spot 1 -0.0117743 0.0137198 -0.074448
Spot 2 -0.011803 0.0140199 -0.074448
Spot 1 -0.0117743 0.0137198 -0.074448
Spot 2 -0.011803 0.0140199 -0.074448
20MABNDB000155_PR020
Spot 1 -0.0140009 -0.0138773 -0.075017
Spot 2 -0.01185 -0.0139279 -0.075017
Spot 1 -0.0131748 -0.0128559 -0.075017
Spot 2 -0.012546 -0.0127673 -0.075017
Spot 1 -0.0131748 -0.0128559 -0.075017
Spot 2 -0.012546 -0.0127673 -0.075017
Spot 1 -0.0140009 -0.0138773 -0.075017
Spot 2 -0.01185 -0.0139279 -0.075017
Spot 1 -0.0140009 -0.0138773 -0.075017
Spot 2 -0.01185 -0.0139279 -0.075017
20MABNDB000155_PR022
Spot 1 -0.0132461 -0.014227 -0.075017
Spot 2 -0.0127083 -0.0140596 -0.075017
Spot 1 -0.0125333 -0.0136972 -0.075017
Spot 2 -0.0140009 -0.0138773 -0.075017
Spot 1 -0.0125333 -0.0136972 -0.075017
Spot 2 -0.0140009 -0.0138773 -0.075017
Spot 1 -0.0132461 -0.014227 -0.075017
Spot 2 -0.0127083 -0.0140596 -0.075017
Spot 1 -0.0132461 -0.014227 -0.075017
Spot 2 -0.0127083 -0.0140596 -0.075017
20MABNDB000010_PR021
Spot 1 -0.0113498 -0.0131551 -0.073582
Spot 2 -0.0138301 -0.0136804 -0.073582
Spot 1 -0.0113507 -0.0131551 -0.073582
Spot 2 -0.0138307 -0.0136812 -0.073582
Spot 1 -0.0113529 -0.013155 -0.073582
Spot 2 -0.0138306 -0.013681 -0.073582
Spot 1 -0.0113522 -0.0131549 -0.073582
Spot 2 -0.0138299 -0.0136809 -0.073582
20MABNDB000010_PR023
Spot 1 -0.0120803 -0.0132066 -0.073582
Spot 2 -0.0138171 -0.0140615 -0.073582
Spot 1 -0.0138171 -0.0140615 -0.073582
Spot 2 -0.0127943 -0.0136241 -0.073582
Spot 1 -0.0138171 -0.0140615 -0.073582
Spot 2 -0.0127943 -0.0136241 -0.073582
Spot 1 -0.0120866 -0.0132065 -0.073582
Spot 2 -0.0138171 -0.0140615 -0.073582
20MABNDA000188_PR008
Spot 1 -0.0138512 0.0139384 -0.07502
Spot 2 -0.0114606 0.0139979 -0.07502
Spot 1 -0.0134705 0.0140164 -0.07502
Spot 2 -0.0138512 0.0139384 -0.07502
Spot 1 -0.0138502 0.0139384 -0.07502
Spot 2 -0.0114606 0.0139979 -0.07502
Spot 1 -0.0135336 0.0136557 -0.07502
Spot 2 -0.0138512 0.0139384 -0.07502
Spot 1 -0.0135336 0.0136557 -0.07502
Spot 2 -0.0138512 0.0139384 -0.07502
20MABNDA000188_PR010
Spot 1 -0.0134705 0.0140152 -0.07502
Spot 2 -0.0143813 0.013923 -0.07502
Spot 1 -0.0114606 0.0139979 -0.07502
Spot 2 -0.0143813 0.013923 -0.07502
Spot 1 -0.0134705 0.0140152 -0.07502
Spot 2 -0.0118016 0.0138809 -0.07502
Spot 1 -0.0114606 0.0139979 -0.07502
Spot 2 -0.0134705 0.0140152 -0.07502
Spot 1 -0.0114606 0.0139979 -0.07502
Spot 2 -0.0134705 0.0140152 -0.07502
20MABNDA000039_PR009
Spot 1 -0.0112331 0.0139974 -0.074448
Spot 2 -0.0117632 0.0139797 -0.074448
Spot 1 -0.0112331 0.0139974 -0.074448
Spot 2 -0.0117632 0.0139797 -0.074448
Spot 1 -0.0112331 0.0139974 -0.074448
Spot 2 -0.0117632 0.0139797 -0.074448
Spot 1 -0.0112331 0.0139974 -0.074448
Spot 2 -0.0117632 0.0139797 -0.074448
Spot 1 -0.0112331 0.0139974 -0.074448
Spot 2 -0.0117632 0.0139797 -0.074448
20MABNDA000039_PR011
Spot 1 -0.0117743 0.0137198 -0.074448
Spot 2 -0.011803 0.0140199 -0.074448
Spot 1 -0.0117743 0.0137198 -0.074448
Spot 2 -0.011803 0.0140199 -0.074448
Spot 1 -0.011803 0.0140199 -0.074448
Spot 2 -0.0117743 0.0137198 -0.074448
Spot 1 -0.0117743 0.0137198 -0.074448
Spot 2 -0.011803 0.0140199 -0.074448
Spot 1 -0.0117743 0.0137198 -0.074448
Spot 2 -0.011803 0.0140199 -0.074448
20MABNDB000155_PR020
Spot 1 -0.0140009 -0.0138773 -0.075017
Spot 2 -0.01185 -0.0139279 -0.075017
Spot 1 -0.0131748 -0.0128559 -0.075017
Spot 2 -0.012546 -0.0127673 -0.075017
Spot 1 -0.0131748 -0.0128559 -0.075017
Spot 2 -0.012546 -0.0127673 -0.075017
Spot 1 -0.0140009 -0.0138773 -0.075017
Spot 2 -0.01185 -0.0139279 -0.075017
Spot 1 -0.0140009 -0.0138773 -0.075017
Spot 2 -0.01185 -0.0139279 -0.075017
20MABNDB000155_PR022
Spot 1 -0.0132461 -0.014227 -0.075017
Spot 2 -0.0127083 -0.0140596 -0.075017
Spot 1 -0.0125333 -0.0136972 -0.075017
Spot 2 -0.0140009 -0.0138773 -0.075017
Spot 1 -0.0125333 -0.0136972 -0.075017
Spot 2 -0.0140009 -0.0138773 -0.075017
Spot 1 -0.0132461 -0.014227 -0.075017
Spot 2 -0.0127083 -0.0140596 -0.075017
Spot 1 -0.0132461 -0.014227 -0.075017
Spot 2 -0.0127083 -0.0140596 -0.075017
20MABNDB000010_PR021
Spot 1 -0.0113498 -0.0131551 -0.073582
Spot 2 -0.0138301 -0.0136804 -0.073582
Spot 1 -0.0113507 -0.0131551 -0.073582
Spot 2 -0.0138307 -0.0136812 -0.073582
Spot 1 -0.0113529 -0.013155 -0.073582
Spot 2 -0.0138306 -0.013681 -0.073582
Spot 1 -0.0113522 -0.0131549 -0.073582
Spot 2 -0.0138299 -0.0136809 -0.073582
20MABNDB000010_PR023
Spot 1 -0.0120803 -0.0132066 -0.073582
Spot 2 -0.0138171 -0.0140615 -0.073582
Spot 1 -0.0138171 -0.0140615 -0.073582
Spot 2 -0.0127943 -0.0136241 -0.073582
Spot 1 -0.0138171 -0.0140615 -0.073582
Spot 2 -0.0127943 -0.0136241 -0.073582
Spot 1 -0.0120866 -0.0132065 -0.073582
Spot 2 -0.0138171 -0.0140615 -0.073582
20MABNDA000188_PR008
Spot 1 -0.0138512 0.0139384 -0.07502
Spot 2 -0.0114606 0.0139979 -0.07502
Spot 1 -0.0134705 0.0140164 -0.07502
Spot 2 -0.0138512 0.0139384 -0.07502
Spot 1 -0.0138502 0.0139384 -0.07502
Spot 2 -0.0114606 0.0139979 -0.07502
Spot 1 -0.0135336 0.0136557 -0.07502
Spot 2 -0.0138512 0.0139384 -0.07502
Spot 1 -0.0135336 0.0136557 -0.07502
Spot 2 -0.0138512 0.0139384 -0.07502
20MABNDA000188_PR010
Spot 1 -0.0134705 0.0140152 -0.07502
Spot 2 -0.0143813 0.013923 -0.07502
Spot 1 -0.0114606 0.0139979 -0.07502
Spot 2 -0.0143813 0.013923 -0.07502
Spot 1 -0.0134705 0.0140152 -0.07502
Spot 2 -0.0118016 0.0138809 -0.07502
Spot 1 -0.0114606 0.0139979 -0.07502
Spot 2 -0.0134705 0.0140152 -0.07502
Spot 1 -0.0114606 0.0139979 -0.07502
Spot 2 -0.0134705 0.0140152 -0.07502
20MABNDA000039_PR009
Spot 1 -0.0112331 0.0139974 -0.074448
Spot 2 -0.0117632 0.0139797 -0.074448
Spot 1 -0.0112331 0.0139974 -0.074448
Spot 2 -0.0117632 0.0139797 -0.074448
Spot 1 -0.0112331 0.0139974 -0.074448
Spot 2 -0.0117632 0.0139797 -0.074448
Spot 1 -0.0112331 0.0139974 -0.074448
Spot 2 -0.0117632 0.0139797 -0.074448
Spot 1 -0.0112331 0.0139974 -0.074448
Spot 2 -0.0117632 0.0139797 -0.074448
20MABNDA000039_PR011
Spot 1 -0.0117743 0.0137198 -0.074448
Spot 2 -0.011803 0.0140199 -0.074448
Spot 1 -0.0117743 0.0137198 -0.074448
Spot 2 -0.011803 0.0140199 -0.074448
Spot 1 -0.011803 0.0140199 -0.074448
Spot 2 -0.0117743 0.0137198 -0.074448
Spot 1 -0.0117743 0.0137198 -0.074448
Spot 2 -0.011803 0.0140199 -0.074448
Spot 1 -0.0117743 0.0137198 -0.074448
Spot 2 -0.011803 0.0140199 -0.074448
20MABNDB000155_PR020
Spot 1 -0.0140009 -0.0138773 -0.075017
Spot 2 -0.01185 -0.0139279 -0.075017
Spot 1 -0.0131748 -0.0128559 -0.075017
Spot 2 -0.012546 -0.0127673 -0.075017
Spot 1 -0.0131748 -0.0128559 -0.075017
Spot 2 -0.012546 -0.0127673 -0.075017
Spot 1 -0.0140009 -0.0138773 -0.075017
Spot 2 -0.01185 -0.0139279 -0.075017
Spot 1 -0.0140009 -0.0138773 -0.075017
Spot 2 -0.01185 -0.0139279 -0.075017
20MABNDB000155_PR022
Spot 1 -0.0132461 -0.014227 -0.075017
Spot 2 -0.0127083 -0.0140596 -0.075017
Spot 1 -0.0125333 -0.0136972 -0.075017
Spot 2 -0.0140009 -0.0138773 -0.075017
Spot 1 -0.0125333 -0.0136972 -0.075017
Spot 2 -0.0140009 -0.0138773 -0.075017
Spot 1 -0.0132461 -0.014227 -0.075017
Spot 2 -0.0127083 -0.0140596 -0.075017
Spot 1 -0.0132461 -0.014227 -0.075017
Spot 2 -0.0127083 -0.0140596 -0.075017
20MABNDB000010_PR021
Spot 1 -0.0113498 -0.0131551 -0.073582
Spot 2 -0.0138301 -0.0136804 -0.073582
Spot 1 -0.0113507 -0.0131551 -0.073582
Spot 2 -0.0138307 -0.0136812 -0.073582
Spot 1 -0.0113529 -0.013155 -0.073582
Spot 2 -0.0138306 -0.013681 -0.073582
Spot 1 -0.0113522 -0.0131549 -0.073582
Spot 2 -0.0138299 -0.0136809 -0.073582
20MABNDB000010_PR023
Spot 1 -0.0120803 -0.0132066 -0.073582
Spot 2 -0.0138171 -0.0140615 -0.073582
Spot 1 -0.0138171 -0.0140615 -0.073582
Spot 2 -0.0127943 -0.0136241 -0.073582
Spot 1 -0.0138171 -0.0140615 -0.073582
Spot 2 -0.0127943 -0.0136241 -0.073582
Spot 1 -0.0120866 -0.0132065 -0.073582
Spot 2 -0.0138171 -0.0140615 -0.073582
20MABNDA000188_PR008
Spot 1 -0.0138512 0.0139384 -0.07502
Spot 2 -0.0114606 0.0139979 -0.07502
Spot 1 -0.0134705 0.0140164 -0.07502
Spot 2 -0.0138512 0.0139384 -0.07502
Spot 1 -0.0138502 0.0139384 -0.07502
Spot 2 -0.0114606 0.0139979 -0.07502
Spot 1 -0.0135336 0.0136557 -0.07502
Spot 2 -0.0138512 0.0139384 -0.07502
Spot 1 -0.0135336 0.0136557 -0.07502
Spot 2 -0.0138512 0.0139384 -0.07502
20MABNDA000188_PR010
Spot 1 -0.0134705 0.0140152 -0.07502
Spot 2 -0.0143813 0.013923 -0.07502
Spot 1 -0.0114606 0.0139979 -0.07502
Spot 2 -0.0143813 0.013923 -0.07502
Spot 1 -0.0134705 0.0140152 -0.07502
Spot 2 -0.0118016 0.0138809 -0.07502
Spot 1 -0.0114606 0.0139979 -0.07502
Spot 2 -0.0134705 0.0140152 -0.07502
Spot 1 -0.0114606 0.0139979 -0.07502
Spot 2 -0.0134705 0.0140152 -0.07502
20MABNDA000039_PR009
Spot 1 -0.0112331 0.0139974 -0.074448
Spot 2 -0.0117632 0.0139797 -0.074448
Spot 1 -0.0112331 0.0139974 -0.074448
Spot 2 -0.0117632 0.0139797 -0.074448
Spot 1 -0.0112331 0.0139974 -0.074448
Spot 2 -0.0117632 0.0139797 -0.074448
Spot 1 -0.0112331 0.0139974 -0.074448
Spot 2 -0.0117632 0.0139797 -0.074448
Spot 1 -0.0112331 0.0139974 -0.074448
Spot 2 -0.0117632 0.0139797 -0.074448
20MABNDA000039_PR011
Spot 1 -0.0117743 0.0137198 -0.074448
Spot 2 -0.011803 0.0140199 -0.074448
Spot 1 -0.0117743 0.0137198 -0.074448
Spot 2 -0.011803 0.0140199 -0.074448
Spot 1 -0.011803 0.0140199 -0.074448
Spot 2 -0.0117743 0.0137198 -0.074448
Spot 1 -0.0117743 0.0137198 -0.074448
Spot 2 -0.011803 0.0140199 -0.074448
Spot 1 -0.0117743 0.0137198 -0.074448
Spot 2 -0.011803 0.0140199 -0.074448
20MABNDB000155_PR020
Spot 1 -0.0140009 -0.0138773 -0.075017
Spot 2 -0.01185 -0.0139279 -0.075017
Spot 1 -0.0131748 -0.0128559 -0.075017
Spot 2 -0.012546 -0.0127673 -0.075017
Spot 1 -0.0131748 -0.0128559 -0.075017
Spot 2 -0.012546 -0.0127673 -0.075017
Spot 1 -0.0140009 -0.0138773 -0.075017
Spot 2 -0.01185 -0.0139279 -0.075017
Spot 1 -0.0140009 -0.0138773 -0.075017
Spot 2 -0.01185 -0.0139279 -0.075017
20MABNDB000155_PR022
Spot 1 -0.0132461 -0.014227 -0.075017
Spot 2 -0.0127083 -0.0140596 -0.075017
Spot 1 -0.0125333 -0.0136972 -0.075017
Spot 2 -0.0140009 -0.0138773 -0.075017
Spot 1 -0.0125333 -0.0136972 -0.075017
Spot 2 -0.0140009 -0.0138773 -0.075017
Spot 1 -0.0132461 -0.014227 -0.075017
Spot 2 -0.0127083 -0.0140596 -0.075017
Spot 1 -0.0132461 -0.014227 -0.075017
Spot 2 -0.0127083 -0.0140596 -0.075017


*****************************************************************coordonnees du prisme dans le repere MOUNT********************************************************************************** 
20MABNDA000188_PR008
-0.0177433 -0.0984125 9.20438
0.105634 -0.0995366 9.20361
-0.0178047 -0.098412 9.20438
0.10951 -0.0773952 9.20381
0.10951 -0.0773952 9.20381
20MABNDA000188_PR010
0.00836155 -0.00248129 1.28456
-0.00885657 -0.00233586 1.28473
-0.0137384 -0.00212277 1.28474
-0.0166603 -0.00312571 1.28472
-0.0166603 -0.00312571 1.28472
20MABNDA000039_PR009
-0.188608 -0.111497 11.1462
-0.188608 -0.111497 11.1462
-0.188608 -0.111497 11.1462
-0.188608 -0.111497 11.1462
-0.188608 -0.111497 11.1462
20MABNDA000039_PR011
-0.0536108 -0.0198246 3.43355
-0.0536108 -0.0198246 3.43355
-0.0536108 -0.0198248 3.43355
-0.0536108 -0.0198246 3.43355
-0.0536108 -0.0198246 3.43355
20MABNDB000155_PR020
0.0176176 0.0860333 9.20041
0.00962854 -0.0479261 9.20091
0.00962854 -0.0479261 9.20091
0.0176176 0.0860333 9.20041
0.0176176 0.0860333 9.20041
20MABNDB000155_PR022
-0.00755173 0.00479012 1.28065
-0.00259655 -0.00129433 1.28069
-0.00259655 -0.00129433 1.28069
-0.00755173 0.00479012 1.28065
-0.00755173 0.00479012 1.28065
20MABNDB000010_PR021
-0.024127 0.0395979 11.1482
-0.0240066 0.039652 11.1482
-0.0238512 0.0396293 11.1482
-0.0239553 0.0396172 11.1482
20MABNDB000010_PR023
0.00026977 0.0130606 3.43385
0.0166425 0.0226323 3.43366
0.0166425 0.0226323 3.43366
0.000414753 0.0130578 3.43385


*****************************************************************coordonnees du prisme dans le repere ATLAS********************************************************************************** 
20MABNDA000188_PR008 0
3.44513 3.84866 8.00469
3.56851 3.84914 8.0058
3.44506 3.84866 8.00469
3.57238 3.84937 7.98366
3.57238 3.84937 7.98366
20MABNDA000188_PR010 0
3.55175 -4.07051 7.91076
3.53453 -4.07052 7.91062
3.52965 -4.07056 7.91041
3.52673 -4.0706 7.91141
3.52673 -4.0706 7.91141
20MABNDA000039_PR009 0
3.89296 3.78669 12.7998
3.89296 3.78669 12.7998
3.89296 3.78669 12.7998
3.89296 3.78669 12.7998
3.89296 3.78669 12.7998
20MABNDA000039_PR011 0
3.74863 -3.92583 12.889
3.74863 -3.92583 12.889
3.74863 -3.92583 12.889
3.74863 -3.92583 12.889
3.74863 -3.92583 12.889
20MABNDB000155_PR020 0
-3.5963 3.84916 7.99298
-3.58826 3.84965 7.85902
-3.58826 3.84965 7.85902
-3.5963 3.84916 7.99298
-3.5963 3.84916 7.99298
20MABNDB000155_PR022 0
-3.55244 -4.07054 7.91285
-3.55739 -4.07051 7.90676
-3.55739 -4.07051 7.90676
-3.55244 -4.07054 7.91285
-3.55244 -4.07054 7.91285
20MABNDB000010_PR021 0
-3.71084 3.78882 12.8627
-3.71072 3.78882 12.8626
-3.71056 3.78882 12.8627
-3.71066 3.78882 12.8627
20MABNDB000010_PR023 0
-3.68974 -3.92552 12.8924
-3.67338 -3.92572 12.8828
-3.67338 -3.92572 12.8828
-3.6896 -3.92552 12.8924


*****************************************************************Rapport********************************************************************************** 
CAM-ECTA-US-IP_ECTA-US-IP-T 2014.08.15.14.07.12 3.52069 3.84904 7.9965 0.0617387 0.000321599 0.0104921 0 VRAI 
CAM-ECTA-US-IP_ECTA-US-IP 2014.08.15.14.07.12 3.53388 -4.07056 7.91092 0.00938043 4.14257e-05 0.000414404 0 VRAI 
CAM-ECTA-US-HO_ECTA-US-HO-T 2014.08.15.14.07.12 3.89296 3.78669 12.7998 0 0 0 0 VRAI 
CAM-ECTA-US-HO_ECTA-US-HO 2014.08.15.14.07.12 3.74863 -3.92583 12.889 0 0 3.8147e-07 0 VRAI 
CAM-ECTA-USA-IP_ECTA-USA-IP-T 2014.08.15.14.07.12 -3.59308 3.84936 7.9394 0.00393525 0.000241194 0.0656252 0 VRAI 
CAM-ECTA-USA-IP_ECTA-USA-IP 2014.08.15.14.07.12 -3.55442 -4.07053 7.91042 0.00242665 1.42497e-05 0.00298146 0 VRAI 
CAM-ECTA-USA-HO_ECTA-USA-HO-T 2014.08.15.14.07.12 -3.71069 3.78882 12.8627 9.9298e-05 1.03238e-07 1.97182e-05 0 VRAI 
CAM-ECTA-USA-HO_ECTA-USA-HO 2014.08.15.14.07.12 -3.68152 -3.92562 12.8876 0.00814573 9.87059e-05 0.00479436 0 VRAI 
