********** Fichier qui contient une sauvegarde des coordonnees images + coordonnees images transformees dans le repere BCAM (MOUNT) + coordonnees des prismes dans le repere MOUNT********** 
********************************************************************** Unite en metres (m)************************************************************************************************** 

*******************************************************************coordonnees images dans le repere CCD *********************************************************************************** 
20MABNDB000069_PR031
Spot 1 0.000215 0.002405
Spot 2 0.000575 0.002055
Spot 1 0.000215 0.002405
Spot 2 0.000575 0.002055
Spot 1 0.000215 0.002405
Spot 2 0.000575 0.002055
Spot 1 0.000215 0.002405
Spot 2 0.000575 0.002055
Spot 1 0.000215 0.002405
Spot 2 0.000575 0.002055
20MABNDB000069_PR033
Spot 1 0.002295 0.002225
Spot 2 0.000355 0.001535
Spot 1 0.002295 0.002225
Spot 2 0.000355 0.001535
Spot 1 0.002295 0.002225
Spot 2 0.000725 0.002355
Spot 1 0.002295 0.002225
Spot 2 0.000355 0.001535
Spot 1 0.002295 0.002225
Spot 2 0.000355 0.001535
20MABNDB000131_PR032
Spot 1 0.00171707 0.00022461
Spot 2 0.001485 0.000315
Spot 1 0.00171748 0.00022476
Spot 2 0.001485 0.000315
Spot 1 0.00171744 0.0002247
Spot 2 0.001485 0.000315
Spot 1 0.00171749 0.00022484
Spot 2 0.001485 0.000315
20MABNDB000131_PR034
Spot 1 0.002045 0.000205
Spot 2 0.001915 0.000125
Spot 1 0.002045 0.000205
Spot 2 0.001915 0.000125
Spot 1 0.002045 0.000205
Spot 2 0.001915 0.000125
Spot 1 0.002045 0.000205
Spot 2 0.001915 0.000125
20MABNDA000208_PR042
Spot 1 0.003325 0.000145
Spot 2 0.002185 4.5e-05
Spot 1 0.002975 0.000575
Spot 2 0.00235 0.00012
Spot 1 0.000595 0.000505
Spot 2 0.002975 0.000575
Spot 1 0.001545 0.000125
Spot 2 0.001865 0.000105
20MABNDA000208_PR046
Spot 1 0.001765 6.5e-05
Spot 2 0.000845 0.000235
Spot 1 0.002735 0.000165
Spot 2 0.000425 0.000415
Spot 1 0.000915 3.5e-05
Spot 2 0.003215 7.5e-05
Spot 1 0.002635 0.000105
Spot 2 0.002825 0.000265
20MABNDA000035_PR044
Spot 1 0.00043294 3.659e-05
Spot 2 0.001655 1.5e-05
Spot 1 0.0020143 0.00018343
Spot 2 0.00046426 6.045e-05
Spot 1 0.00023986 2.958e-05
Spot 2 0.00109217 1.689e-05
Spot 1 0.00143341 3.36e-05
Spot 2 0.00169217 2.88e-05
20MABNDA000035_PR047
Spot 1 0.00053409 2.833e-05
Spot 2 0.001115 1.5e-05
Spot 1 0.00217861 3.877e-05
Spot 2 0.00115928 2.368e-05
Spot 1 0.000285 1.5e-05
Spot 2 0.00099932 2.432e-05
Spot 1 0.00083134 2.427e-05
Spot 2 0.00067923 2.176e-05


****************************************************************coordonnees images transformees dans le repere MOUNT************************************************************************* 
20MABNDB000069_PR031
Spot 1 -0.0136199 -0.0118607 -0.073885
Spot 2 -0.0132747 -0.0122252 -0.073885
Spot 1 -0.0136199 -0.0118607 -0.073885
Spot 2 -0.0132747 -0.0122252 -0.073885
Spot 1 -0.0136199 -0.0118607 -0.073885
Spot 2 -0.0132747 -0.0122252 -0.073885
Spot 1 -0.0136199 -0.0118607 -0.073885
Spot 2 -0.0132747 -0.0122252 -0.073885
Spot 1 -0.0136199 -0.0118607 -0.073885
Spot 2 -0.0132747 -0.0122252 -0.073885
20MABNDB000069_PR033
Spot 1 -0.0115491 -0.0121263 -0.073885
Spot 2 -0.0135159 -0.0127357 -0.073885
Spot 1 -0.0115491 -0.0121263 -0.073885
Spot 2 -0.0135159 -0.0127357 -0.073885
Spot 1 -0.0115491 -0.0121263 -0.073885
Spot 2 -0.0131124 -0.0119317 -0.073885
Spot 1 -0.0115491 -0.0121263 -0.073885
Spot 2 -0.0135159 -0.0127357 -0.073885
Spot 1 -0.0115491 -0.0121263 -0.073885
Spot 2 -0.0135159 -0.0127357 -0.073885
20MABNDB000131_PR032
Spot 1 -0.0124988 -0.0138955 -0.07533
Spot 2 -0.0127313 -0.0138062 -0.07533
Spot 1 -0.0124984 -0.0138953 -0.07533
Spot 2 -0.0127313 -0.0138062 -0.07533
Spot 1 -0.0124984 -0.0138954 -0.07533
Spot 2 -0.0127313 -0.0138062 -0.07533
Spot 1 -0.0124984 -0.0138952 -0.07533
Spot 2 -0.0127313 -0.0138062 -0.07533
20MABNDB000131_PR034
Spot 1 -0.0121707 -0.0139134 -0.07533
Spot 2 -0.0123003 -0.0139941 -0.07533
Spot 1 -0.0121707 -0.0139134 -0.07533
Spot 2 -0.0123003 -0.0139941 -0.07533
Spot 1 -0.0121707 -0.0139134 -0.07533
Spot 2 -0.0123003 -0.0139941 -0.07533
Spot 1 -0.0121707 -0.0139134 -0.07533
Spot 2 -0.0123003 -0.0139941 -0.07533
20MABNDA000208_PR042
Spot 1 -0.0141964 0.0138508 -0.072737
Spot 2 -0.0130565 0.0139518 -0.072737
Spot 1 -0.0138461 0.0134211 -0.072737
Spot 2 -0.0132215 0.0138766 -0.072737
Spot 1 -0.0114661 0.0134932 -0.072737
Spot 2 -0.0138461 0.0134211 -0.072737
Spot 1 -0.0124164 0.0138723 -0.072737
Spot 2 -0.0127365 0.0138921 -0.072737
20MABNDA000208_PR046
Spot 1 -0.0126365 0.0139322 -0.072737
Spot 2 -0.0117163 0.013763 -0.072737
Spot 1 -0.0136064 0.0138313 -0.072737
Spot 2 -0.0112962 0.0135833 -0.072737
Spot 1 -0.0117865 0.0139629 -0.072737
Spot 2 -0.0140865 0.0139209 -0.072737
Spot 1 -0.0135065 0.0138914 -0.072737
Spot 2 -0.0136963 0.0137312 -0.072737
20MABNDA000035_PR044
Spot 1 -0.0112589 0.0142185 -0.074832
Spot 2 -0.0124808 0.0142487 -0.074832
Spot 1 -0.0128413 0.0140829 -0.074832
Spot 2 -0.0112904 0.0141948 -0.074832
Spot 1 -0.0110658 0.0142241 -0.074832
Spot 2 -0.011918 0.0142428 -0.074832
Spot 1 -0.0122593 0.0142286 -0.074832
Spot 2 -0.0125181 0.0142352 -0.074832
20MABNDA000035_PR047
Spot 1 -0.01136 0.0142274 -0.074832
Spot 2 -0.0119408 0.0142449 -0.074832
Spot 1 -0.0130046 0.0142287 -0.074832
Spot 2 -0.0119851 0.0142365 -0.074832
Spot 1 -0.0111108 0.014239 -0.074832
Spot 2 -0.0118252 0.0142348 -0.074832
Spot 1 -0.0116572 0.0142336 -0.074832
Spot 2 -0.0115051 0.014235 -0.074832


*****************************************************************coordonnees du prisme dans le repere MOUNT********************************************************************************** 
20MABNDB000069_PR031
0.0888291 -0.139422 9.20289
0.0888291 -0.139422 9.20289
0.0888291 -0.139422 9.20289
0.0888291 -0.139422 9.20289
0.0888291 -0.139422 9.20289
20MABNDB000069_PR033
-0.0141359 -0.0240645 1.28405
-0.0141359 -0.0240645 1.28405
-0.0175867 -0.0309398 1.28396
-0.0141359 -0.0240645 1.28405
-0.0141359 -0.0240645 1.28405
20MABNDB000131_PR032
-0.012318 0.090718 11.1475
-0.0123482 0.0907068 11.1475
-0.0123453 0.0907112 11.1475
-0.0123489 0.0907009 11.1475
20MABNDB000131_PR034
-0.0298244 0.0235226 3.43337
-0.0298244 0.0235226 3.43337
-0.0298244 0.0235226 3.43337
-0.0298244 0.0235226 3.43337
20MABNDA000208_PR042
0.09933 -0.0906879 9.20133
0.0879526 -0.0597061 9.20176
-0.0197906 -0.0361738 9.20246
-0.0295641 -0.0883536 9.20202
20MABNDA000208_PR046
-0.0218663 -0.000455571 1.2822
-0.0171686 0.00194084 1.28225
-0.00887596 -0.0020679 1.28221
0.00248688 0.000164483 1.28215
20MABNDA000035_PR044
-0.133883 -0.155417 11.1475
-0.104854 -0.141387 11.148
-0.189862 -0.155386 11.1468
-0.0570243 -0.155171 11.1481
20MABNDA000035_PR047
-0.0600352 -0.0389271 3.43437
-0.0214989 -0.0387697 3.43469
-0.0683569 -0.0389575 3.43425
-0.0631946 -0.0388423 3.43433


*****************************************************************coordonnees du prisme dans le repere ATLAS********************************************************************************** 
20MABNDB000069_PR031 0
3.67061 3.84856 -7.80096
3.67061 3.84856 -7.80096
3.67061 3.84856 -7.80096
3.67061 3.84856 -7.80096
3.67061 3.84856 -7.80096
20MABNDB000069_PR033 0
3.54616 -4.0704 -7.88161
3.54616 -4.0704 -7.88161
3.54272 -4.07045 -7.87473
3.54616 -4.0704 -7.88161
3.54616 -4.0704 -7.88161
20MABNDB000131_PR032 0
3.69302 3.78851 -12.8199
3.69305 3.78851 -12.8199
3.69305 3.78851 -12.8199
3.69305 3.78851 -12.8199
20MABNDB000131_PR034 0
3.71761 -3.9256 -12.8844
3.71761 -3.9256 -12.8844
3.71761 -3.9256 -12.8844
3.71761 -3.9256 -12.8844
20MABNDA000208_PR042 0
-3.58423 3.84921 -7.99627
-3.57286 3.84955 -7.96528
-3.46512 3.84944 -7.94171
-3.45534 3.84894 -7.99389
20MABNDA000208_PR046 0
-3.52245 -4.07062 -7.908
-3.52715 -4.07054 -7.9056
-3.53544 -4.07051 -7.90961
-3.5468 -4.07049 -7.90739
20MABNDA000035_PR044 0
-3.82304 3.78704 -12.7502
-3.79402 3.78752 -12.7643
-3.87902 3.7863 -12.7502
-3.74619 3.7876 -12.7505
20MABNDA000035_PR047 0
-3.75075 -3.9261 -12.8674
-3.71222 -3.92579 -12.8676
-3.75908 -3.92622 -12.8674
-3.75391 -3.92614 -12.8675


*****************************************************************Rapport********************************************************************************** 
CAM-ECTC-US-IP_ECTC-US-IP-T 2014.08.15.13.39.08 3.67061 3.84856 -7.80096 0 0 0 0 VRAI 
CAM-ECTC-US-IP_ECTC-US-IP 2014.08.15.13.39.08 3.54547 -4.07041 -7.88024 0.00137901 1.8692e-05 0.00275078 0 VRAI 
CAM-ECTC-US-HO_ECTC-US-HO-T 2014.08.15.13.39.08 3.69304 3.78851 -12.8199 1.28713e-05 0 6.30346e-06 0 VRAI 
CAM-ECTC-US-HO_ECTC-US-HO 2014.08.15.13.39.08 3.71761 -3.9256 -12.8844 0 0 0 0 VRAI 
CAM-ECTC-USA-IP_ECTC-USA-IP-T 2014.08.15.13.39.08 -3.51939 3.84928 -7.97429 0.0593955 0.000233954 0.0224137 0 VRAI 
CAM-ECTC-USA-IP_ECTC-USA-IP 2014.08.15.13.39.08 -3.53296 -4.07054 -7.90765 0.00924686 4.96609e-05 0.00143535 0 VRAI 
CAM-ECTC-USA-HO_ECTC-USA-HO-T 2014.08.15.13.39.08 -3.81057 3.78712 -12.7538 0.0481166 0.00051498 0.00603782 0 VRAI 
CAM-ECTC-USA-HO_ECTC-USA-HO 2014.08.15.13.39.08 -3.74399 -3.92606 -12.8675 0.0185828 0.000164295 7.64651e-05 0 VRAI 
