********** Fichier qui contient une sauvegarde des coordonnees images + coordonnees images transformees dans le repere BCAM (MOUNT) + coordonnees des prismes dans le repere MOUNT********** 
********************************************************************** Unite en metres (m)************************************************************************************************** 

*******************************************************************coordonnees images dans le repere CCD *********************************************************************************** 
20MABNDA000196_PR006
Spot 1   0.00199659   0.00086186
Spot 2   0.00162581   0.00085849
Spot 1   0.00199650   0.00086200
Spot 2   0.00162567   0.00085836
Spot 1   0.00199652   0.00086204
Spot 2   0.00162540   0.00085836
Spot 1   0.00199635   0.00086200
Spot 2   0.00162588   0.00085824
Spot 1   0.00199654   0.00086206
Spot 2   0.00162555   0.00085831
Spot 1   0.00199645   0.00086197
Spot 2   0.00162534   0.00085840
Spot 1   0.00199633   0.00086211
Spot 2   0.00162574   0.00085858
Spot 1   0.00199648   0.00086209
Spot 2   0.00162568   0.00085845
Spot 1   0.00199627   0.00086210
Spot 2   0.00162574   0.00085845
Spot 1   0.00199636   0.00086209
Spot 2   0.00162555   0.00085842
Spot 1   0.00199629   0.00086214
Spot 2   0.00162575   0.00085842
20MABNDA000324_PR007
Spot 1   0.00195384   0.00114940
Spot 2   0.00174632   0.00115513
Spot 1   0.00195366   0.00114966
Spot 2   0.00174613   0.00115496
Spot 1   0.00195379   0.00114938
Spot 2   0.00174632   0.00115509
Spot 1   0.00195384   0.00114928
Spot 2   0.00174630   0.00115500
Spot 1   0.00195377   0.00114934
Spot 2   0.00174633   0.00115509
Spot 1   0.00195376   0.00114939
Spot 2   0.00174648   0.00115504
Spot 1   0.00195377   0.00114943
Spot 2   0.00174643   0.00115530
Spot 1   0.00195377   0.00114937
Spot 2   0.00174637   0.00115521
Spot 1   0.00195373   0.00114944
Spot 2   0.00174654   0.00115525
Spot 1   0.00195365   0.00114945
Spot 2   0.00174630   0.00115525
Spot 1   0.00195392   0.00114951
Spot 2   0.00174618   0.00115517
20MABNDB000001_PR017
Spot 1   0.00188870   0.00084510
Spot 2   0.00225831   0.00085333
Spot 1   0.00188863   0.00084511
Spot 2   0.00225840   0.00085338
Spot 1   0.00188871   0.00084512
Spot 2   0.00225829   0.00085336
Spot 1   0.00188861   0.00084525
Spot 2   0.00225834   0.00085334
Spot 1   0.00188876   0.00084497
Spot 2   0.00225828   0.00085311
Spot 1   0.00188879   0.00084506
Spot 2   0.00225839   0.00085321
Spot 1   0.00188874   0.00084499
Spot 2   0.00225846   0.00085317
Spot 1   0.00188872   0.00084516
Spot 2   0.00225832   0.00085329
Spot 1   0.00188871   0.00084508
Spot 2   0.00225862   0.00085325
Spot 1   0.00188883   0.00084516
Spot 2   0.00225845   0.00085331
20MABNDB000260_PR019
Spot 1   0.00192438   0.00129003
Spot 2   0.00212860   0.00128919
Spot 1   0.00192460   0.00129005
Spot 2   0.00212867   0.00128900
Spot 1   0.00192444   0.00128983
Spot 2   0.00212872   0.00128919
Spot 1   0.00192445   0.00129010
Spot 2   0.00212871   0.00128904
Spot 1   0.00192446   0.00128997
Spot 2   0.00212875   0.00128886
Spot 1   0.00192442   0.00128997
Spot 2   0.00212860   0.00128895
Spot 1   0.00192445   0.00129003
Spot 2   0.00212849   0.00128895
Spot 1   0.00192446   0.00129000
Spot 2   0.00212867   0.00128911
Spot 1   0.00192448   0.00128986
Spot 2   0.00212882   0.00128904
Spot 1   0.00192445   0.00128995
Spot 2   0.00212872   0.00128919


****************************************************************coordonnees images transformees dans le repere MOUNT************************************************************************* 
20MABNDA000196_PR006
Spot 1  -0.01295300   0.01311651  -0.07967100
Spot 2  -0.01258221   0.01311511  -0.07967100
Spot 1  -0.01295291   0.01311637  -0.07967100
Spot 2  -0.01258207   0.01311524  -0.07967100
Spot 1  -0.01295293   0.01311633  -0.07967100
Spot 2  -0.01258180   0.01311524  -0.07967100
Spot 1  -0.01295276   0.01311637  -0.07967100
Spot 2  -0.01258227   0.01311537  -0.07967100
Spot 1  -0.01295295   0.01311631  -0.07967100
Spot 2  -0.01258194   0.01311529  -0.07967100
Spot 1  -0.01295286   0.01311640  -0.07967100
Spot 2  -0.01258174   0.01311520  -0.07967100
Spot 1  -0.01295274   0.01311626  -0.07967100
Spot 2  -0.01258214   0.01311502  -0.07967100
Spot 1  -0.01295289   0.01311628  -0.07967100
Spot 2  -0.01258208   0.01311515  -0.07967100
Spot 1  -0.01295268   0.01311627  -0.07967100
Spot 2  -0.01258214   0.01311515  -0.07967100
Spot 1  -0.01295277   0.01311628  -0.07967100
Spot 2  -0.01258195   0.01311518  -0.07967100
Spot 1  -0.01295270   0.01311623  -0.07967100
Spot 2  -0.01258215   0.01311518  -0.07967100
20MABNDA000324_PR007
Spot 1  -0.01256004   0.01287213  -0.07446800
Spot 2  -0.01235248   0.01286802  -0.07446800
Spot 1  -0.01255986   0.01287187  -0.07446800
Spot 2  -0.01235230   0.01286819  -0.07446800
Spot 1  -0.01255999   0.01287215  -0.07446800
Spot 2  -0.01235248   0.01286806  -0.07446800
Spot 1  -0.01256004   0.01287225  -0.07446800
Spot 2  -0.01235246   0.01286815  -0.07446800
Spot 1  -0.01255997   0.01287219  -0.07446800
Spot 2  -0.01235249   0.01286806  -0.07446800
Spot 1  -0.01255996   0.01287214  -0.07446800
Spot 2  -0.01235264   0.01286810  -0.07446800
Spot 1  -0.01255997   0.01287210  -0.07446800
Spot 2  -0.01235259   0.01286784  -0.07446800
Spot 1  -0.01255997   0.01287216  -0.07446800
Spot 2  -0.01235253   0.01286793  -0.07446800
Spot 1  -0.01255993   0.01287209  -0.07446800
Spot 2  -0.01235270   0.01286789  -0.07446800
Spot 1  -0.01255985   0.01287208  -0.07446800
Spot 2  -0.01235246   0.01286789  -0.07446800
Spot 1  -0.01256012   0.01287201  -0.07446800
Spot 2  -0.01235234   0.01286798  -0.07446800
20MABNDB000001_PR017
Spot 1  -0.01229536  -0.01314447  -0.07418400
Spot 2  -0.01192568  -0.01314015  -0.07418400
Spot 1  -0.01229543  -0.01314445  -0.07418400
Spot 2  -0.01192559  -0.01314010  -0.07418400
Spot 1  -0.01229535  -0.01314445  -0.07418400
Spot 2  -0.01192570  -0.01314012  -0.07418400
Spot 1  -0.01229545  -0.01314431  -0.07418400
Spot 2  -0.01192565  -0.01314014  -0.07418400
Spot 1  -0.01229530  -0.01314460  -0.07418400
Spot 2  -0.01192572  -0.01314037  -0.07418400
Spot 1  -0.01229527  -0.01314451  -0.07418400
Spot 2  -0.01192561  -0.01314027  -0.07418400
Spot 1  -0.01229532  -0.01314458  -0.07418400
Spot 2  -0.01192554  -0.01314031  -0.07418400
Spot 1  -0.01229534  -0.01314441  -0.07418400
Spot 2  -0.01192567  -0.01314019  -0.07418400
Spot 1  -0.01229535  -0.01314449  -0.07418400
Spot 2  -0.01192537  -0.01314023  -0.07418400
Spot 1  -0.01229523  -0.01314441  -0.07418400
Spot 2  -0.01192554  -0.01314017  -0.07418400
20MABNDB000260_PR019
Spot 1  -0.01240260  -0.01261243  -0.07492700
Spot 2  -0.01219841  -0.01260908  -0.07492700
Spot 1  -0.01240238  -0.01261241  -0.07492700
Spot 2  -0.01219833  -0.01260927  -0.07492700
Spot 1  -0.01240254  -0.01261263  -0.07492700
Spot 2  -0.01219829  -0.01260908  -0.07492700
Spot 1  -0.01240253  -0.01261236  -0.07492700
Spot 2  -0.01219829  -0.01260923  -0.07492700
Spot 1  -0.01240252  -0.01261249  -0.07492700
Spot 2  -0.01219825  -0.01260941  -0.07492700
Spot 1  -0.01240256  -0.01261249  -0.07492700
Spot 2  -0.01219840  -0.01260932  -0.07492700
Spot 1  -0.01240253  -0.01261243  -0.07492700
Spot 2  -0.01219851  -0.01260933  -0.07492700
Spot 1  -0.01240252  -0.01261246  -0.07492700
Spot 2  -0.01219833  -0.01260916  -0.07492700
Spot 1  -0.01240250  -0.01261260  -0.07492700
Spot 2  -0.01219818  -0.01260923  -0.07492700
Spot 1  -0.01240253  -0.01261251  -0.07492700
Spot 2  -0.01219829  -0.01260908  -0.07492700


*****************************************************************coordonnees du prisme dans le repere MOUNT********************************************************************************** 
20MABNDA000196_PR006
 -0.01018708   0.01281586   1.64206684
 -0.01018960   0.01281600   1.64206684
 -0.01019232   0.01281647   1.64206684
 -0.01018896   0.01281469   1.64206684
 -0.01019047   0.01281612   1.64206684
 -0.01019375   0.01281616   1.64206684
 -0.01019065   0.01281962   1.64206684
 -0.01018968   0.01281798   1.64206684
 -0.01019133   0.01281810   1.64206684
 -0.01019242   0.01281767   1.64206684
 -0.01019099   0.01281821   1.64206684
20MABNDA000324_PR007
 -0.02503821   0.02538507   2.95550394
 -0.02504550   0.02538679   2.95550394
 -0.02503920   0.02538387   2.95550394
 -0.02503857   0.02538014   2.95550394
 -0.02503938   0.02538309   2.95550394
 -0.02503663   0.02538312   2.95550394
 -0.02503744   0.02538902   2.95550394
 -0.02503861   0.02538606   2.95550394
 -0.02503606   0.02538824   2.95550394
 -0.02504237   0.02538838   2.95550394
 -0.02503942   0.02538802   2.95550394
20MABNDB000001_PR017
 -0.02428519  -0.01171092   1.64039004
 -0.02428541  -0.01171158   1.64039004
 -0.02428509  -0.01171146   1.64039004
 -0.02428455  -0.01171267   1.64039004
 -0.02428547  -0.01170710   1.64039004
 -0.02428702  -0.01170915   1.64039004
 -0.02428722  -0.01170794   1.64039004
 -0.02428551  -0.01171114   1.64039004
 -0.02428867  -0.01170978   1.64039004
 -0.02428814  -0.01171133   1.64039004
20MABNDB000260_PR019
 -0.02462233  -0.02996554   2.95633388
 -0.02462809  -0.02996230   2.95633388
 -0.02462594  -0.02996165   2.95633388
 -0.02462588  -0.02996402   2.95633388
 -0.02462700  -0.02995795   2.95633388
 -0.02462322  -0.02995964   2.95633388
 -0.02462163  -0.02996079   2.95633388
 -0.02462532  -0.02996342   2.95633388
 -0.02462875  -0.02995936   2.95633388
 -0.02462609  -0.02996402   2.95633388


*****************************************************************coordonnees du prisme dans le repere ATLAS********************************************************************************** 
20MABNDA000196_PR006 0.00000000
  2.58464694  -4.19495773   6.55076838
  2.58464932  -4.19495773   6.55076838
  2.58465219  -4.19495773   6.55076885
  2.58464885  -4.19495773   6.55076742
  2.58465028  -4.19495773   6.55076885
  2.58465362  -4.19495773   6.55076885
  2.58465052  -4.19495773   6.55077219
  2.58464956  -4.19495773   6.55077076
  2.58465099  -4.19495773   6.55077076
  2.58465219  -4.19495773   6.55077028
  2.58465075  -4.19495773   6.55077076
20MABNDA000324_PR007 0.00000000
  2.59427905  -4.13995218   6.95052767
  2.59427190  -4.13995218   6.95052624
  2.59427810  -4.13995218   6.95052910
  2.59427881  -4.13995218   6.95053291
  2.59427810  -4.13995218   6.95052958
  2.59428072  -4.13995218   6.95052958
  2.59428000  -4.13995218   6.95052385
  2.59427881  -4.13995218   6.95052671
  2.59428120  -4.13995218   6.95052481
  2.59427500  -4.13995218   6.95052433
  2.59427786  -4.13995218   6.95052481
20MABNDB000001_PR017 0.00000000
 -2.59799290  -4.19499779   6.54703236
 -2.59799314  -4.19499779   6.54703283
 -2.59799290  -4.19499779   6.54703283
 -2.59799218  -4.19499779   6.54703426
 -2.59799314  -4.19499779   6.54702854
 -2.59799480  -4.19499779   6.54703045
 -2.59799504  -4.19499779   6.54702950
 -2.59799337  -4.19499779   6.54703236
 -2.59799647  -4.19499779   6.54703140
 -2.59799600  -4.19499779   6.54703283
20MABNDB000260_PR019 0.00000000
 -2.60413551  -4.13990688   6.95067978
 -2.60412979  -4.13990688   6.95068312
 -2.60413194  -4.13990688   6.95068407
 -2.60413194  -4.13990688   6.95068169
 -2.60413098  -4.13990688   6.95068741
 -2.60413480  -4.13990688   6.95068598
 -2.60413623  -4.13990688   6.95068455
 -2.60413265  -4.13990688   6.95068216
 -2.60412908  -4.13990688   6.95068598
 -2.60413194  -4.13990688   6.95068169


*****************************************************************Rapport********************************************************************************** 
CAM-JDA-US-IP_JDA-US-IP     2014.09.05.16.04.40   2.58465047  -4.19495773   6.55076959   0.00000174   0.00000000   0.00000137 0.00000000 VRAI 
CAM-JDA-US-HO_JDA-US-HO     2014.09.05.16.04.40   2.59427814  -4.13995218   6.95052723   0.00000252   0.00000000   0.00000269 0.00000000 VRAI 
CAM-JDA-USA-IP_JDA-USA-IP   2014.09.05.16.04.40  -2.59799399  -4.19499779   6.54703174   0.00000140   0.00000000   0.00000167 0.00000000 VRAI 
CAM-JDA-USA-HO_JDA-USA-HO   2014.09.05.16.04.40  -2.60413249  -4.13990688   6.95068364   0.00000225   0.00000000   0.00000226 0.00000000 VRAI 
