********** Fichier qui contient une sauvegarde des coordonnees images + coordonnees images transformees dans le repere BCAM (MOUNT) + coordonnees des prismes dans le repere MOUNT********** 
********************************************************************** Unite en metres (m)************************************************************************************************** 

*******************************************************************coordonnees images dans le repere CCD *********************************************************************************** 
20MABNDA000196_PR006
Spot 1   0.00197669   0.00118496
Spot 2   0.00160574   0.00118014
Spot 1   0.00197671   0.00118511
Spot 2   0.00160578   0.00118030
Spot 1   0.00197679   0.00118515
Spot 2   0.00160570   0.00118023
Spot 1   0.00197665   0.00118519
Spot 2   0.00160574   0.00118012
Spot 1   0.00197659   0.00118530
Spot 2   0.00160588   0.00118016
Spot 1   0.00197665   0.00118530
Spot 2   0.00160561   0.00118016
Spot 1   0.00197667   0.00118519
Spot 2   0.00160569   0.00118032
Spot 1   0.00197662   0.00118523
Spot 2   0.00160575   0.00118026
Spot 1   0.00197668   0.00118530
Spot 2   0.00160565   0.00118049
Spot 1   0.00197677   0.00118522
Spot 2   0.00160569   0.00118035
20MABNDA000324_PR007
Spot 1   0.00195639   0.00096973
Spot 2   0.00174875   0.00097489
Spot 1   0.00195661   0.00096968
Spot 2   0.00174889   0.00097472
Spot 1   0.00195651   0.00096968
Spot 2   0.00174903   0.00097472
Spot 1   0.00195650   0.00096976
Spot 2   0.00174918   0.00097495
Spot 1   0.00195636   0.00096968
Spot 2   0.00174890   0.00097489
Spot 1   0.00195646   0.00096977
Spot 2   0.00174879   0.00097489
Spot 1   0.00195655   0.00096980
Spot 2   0.00174885   0.00097489
Spot 1   0.00195663   0.00096972
Spot 2   0.00174895   0.00097484
Spot 1   0.00195636   0.00096966
Spot 2   0.00174908   0.00097505
Spot 1   0.00195639   0.00096980
Spot 2   0.00174889   0.00097489
20MABNDB000001_PR017
Spot 1   0.00188369   0.00107155
Spot 2   0.00225384   0.00108118
Spot 1   0.00188363   0.00107159
Spot 2   0.00225366   0.00108124
Spot 1   0.00188356   0.00107158
Spot 2   0.00225391   0.00108125
Spot 1   0.00188363   0.00107151
Spot 2   0.00225385   0.00108099
Spot 1   0.00188370   0.00107161
Spot 2   0.00225385   0.00108125
Spot 1   0.00188361   0.00107169
Spot 2   0.00225392   0.00108131
Spot 1   0.00188374   0.00107160
Spot 2   0.00225376   0.00108106
Spot 1   0.00188365   0.00107164
Spot 2   0.00225367   0.00108126
Spot 1   0.00188362   0.00107170
Spot 2   0.00225378   0.00108133
Spot 1   0.00188365   0.00107172
Spot 2   0.00225356   0.00108126
20MABNDB000260_PR019
Spot 1   0.00192572   0.00116260
Spot 2   0.00212929   0.00116052
Spot 1   0.00192578   0.00116271
Spot 2   0.00212933   0.00116038
Spot 1   0.00192598   0.00116291
Spot 2   0.00212903   0.00116097
Spot 1   0.00192574   0.00116285
Spot 2   0.00212947   0.00116073
Spot 1   0.00192586   0.00116256
Spot 2   0.00212910   0.00116060
Spot 1   0.00192586   0.00116270
Spot 2   0.00212922   0.00116069
Spot 1   0.00192612   0.00116272
Spot 2   0.00212930   0.00116070
Spot 1   0.00192578   0.00116271
Spot 2   0.00212927   0.00116073
Spot 1   0.00192577   0.00116283
Spot 2   0.00212910   0.00116110
Spot 1   0.00192594   0.00116285
Spot 2   0.00212935   0.00116053


****************************************************************coordonnees images transformees dans le repere MOUNT************************************************************************* 
20MABNDA000196_PR006
Spot 1  -0.01293726   0.01279318  -0.07967100
Spot 2  -0.01256627   0.01279323  -0.07967100
Spot 1  -0.01293728   0.01279303  -0.07967100
Spot 2  -0.01256632   0.01279307  -0.07967100
Spot 1  -0.01293736   0.01279299  -0.07967100
Spot 2  -0.01256623   0.01279314  -0.07967100
Spot 1  -0.01293722   0.01279295  -0.07967100
Spot 2  -0.01256627   0.01279325  -0.07967100
Spot 1  -0.01293716   0.01279284  -0.07967100
Spot 2  -0.01256641   0.01279321  -0.07967100
Spot 1  -0.01293722   0.01279284  -0.07967100
Spot 2  -0.01256614   0.01279321  -0.07967100
Spot 1  -0.01293724   0.01279295  -0.07967100
Spot 2  -0.01256623   0.01279305  -0.07967100
Spot 1  -0.01293719   0.01279291  -0.07967100
Spot 2  -0.01256629   0.01279311  -0.07967100
Spot 1  -0.01293725   0.01279284  -0.07967100
Spot 2  -0.01256619   0.01279288  -0.07967100
Spot 1  -0.01293734   0.01279292  -0.07967100
Spot 2  -0.01256623   0.01279302  -0.07967100
20MABNDA000324_PR007
Spot 1  -0.01256400   0.01305177  -0.07446800
Spot 2  -0.01235632   0.01304823  -0.07446800
Spot 1  -0.01256422   0.01305182  -0.07446800
Spot 2  -0.01235646   0.01304840  -0.07446800
Spot 1  -0.01256412   0.01305182  -0.07446800
Spot 2  -0.01235660   0.01304840  -0.07446800
Spot 1  -0.01256410   0.01305174  -0.07446800
Spot 2  -0.01235675   0.01304817  -0.07446800
Spot 1  -0.01256397   0.01305182  -0.07446800
Spot 2  -0.01235647   0.01304823  -0.07446800
Spot 1  -0.01256406   0.01305173  -0.07446800
Spot 2  -0.01235636   0.01304823  -0.07446800
Spot 1  -0.01256415   0.01305170  -0.07446800
Spot 2  -0.01235642   0.01304823  -0.07446800
Spot 1  -0.01256424   0.01305178  -0.07446800
Spot 2  -0.01235652   0.01304828  -0.07446800
Spot 1  -0.01256397   0.01305184  -0.07446800
Spot 2  -0.01235665   0.01304807  -0.07446800
Spot 1  -0.01256399   0.01305170  -0.07446800
Spot 2  -0.01235646   0.01304823  -0.07446800
20MABNDB000001_PR017
Spot 1  -0.01229797  -0.01291797  -0.07418400
Spot 2  -0.01192774  -0.01291226  -0.07418400
Spot 1  -0.01229803  -0.01291793  -0.07418400
Spot 2  -0.01192792  -0.01291220  -0.07418400
Spot 1  -0.01229810  -0.01291794  -0.07418400
Spot 2  -0.01192767  -0.01291220  -0.07418400
Spot 1  -0.01229803  -0.01291801  -0.07418400
Spot 2  -0.01192773  -0.01291245  -0.07418400
Spot 1  -0.01229796  -0.01291792  -0.07418400
Spot 2  -0.01192773  -0.01291219  -0.07418400
Spot 1  -0.01229805  -0.01291783  -0.07418400
Spot 2  -0.01192766  -0.01291213  -0.07418400
Spot 1  -0.01229792  -0.01291793  -0.07418400
Spot 2  -0.01192782  -0.01291238  -0.07418400
Spot 1  -0.01229801  -0.01291788  -0.07418400
Spot 2  -0.01192791  -0.01291218  -0.07418400
Spot 1  -0.01229804  -0.01291782  -0.07418400
Spot 2  -0.01192780  -0.01291211  -0.07418400
Spot 1  -0.01229801  -0.01291780  -0.07418400
Spot 2  -0.01192802  -0.01291218  -0.07418400
20MABNDB000260_PR019
Spot 1  -0.01239865  -0.01273981  -0.07492700
Spot 2  -0.01219508  -0.01273771  -0.07492700
Spot 1  -0.01239859  -0.01273970  -0.07492700
Spot 2  -0.01219503  -0.01273785  -0.07492700
Spot 1  -0.01239839  -0.01273949  -0.07492700
Spot 2  -0.01219535  -0.01273727  -0.07492700
Spot 1  -0.01239863  -0.01273956  -0.07492700
Spot 2  -0.01219490  -0.01273750  -0.07492700
Spot 1  -0.01239851  -0.01273984  -0.07492700
Spot 2  -0.01219527  -0.01273764  -0.07492700
Spot 1  -0.01239851  -0.01273970  -0.07492700
Spot 2  -0.01219515  -0.01273754  -0.07492700
Spot 1  -0.01239825  -0.01273968  -0.07492700
Spot 2  -0.01219507  -0.01273753  -0.07492700
Spot 1  -0.01239859  -0.01273970  -0.07492700
Spot 2  -0.01219510  -0.01273750  -0.07492700
Spot 1  -0.01239860  -0.01273958  -0.07492700
Spot 2  -0.01219528  -0.01273714  -0.07492700
Spot 1  -0.01239843  -0.01273955  -0.07492700
Spot 2  -0.01219502  -0.01273770  -0.07492700


*****************************************************************coordonnees du prisme dans le repere MOUNT********************************************************************************** 
20MABNDA000196_PR006
 -0.01053315   0.01986415   1.64205360
 -0.01053246   0.01986752   1.64205348
 -0.01053246   0.01986720   1.64205348
 -0.01053357   0.01986644   1.64205348
 -0.01053268   0.01986807   1.64205348
 -0.01053498   0.01986810   1.64205348
 -0.01053388   0.01986862   1.64205348
 -0.01053376   0.01986841   1.64205348
 -0.01053415   0.01987169   1.64205348
 -0.01053277   0.01986927   1.64205348
20MABNDA000324_PR007
 -0.02488500   0.01830327   2.95552540
 -0.02487789   0.01829900   2.95552540
 -0.02487710   0.01829902   2.95552564
 -0.02487439   0.01830512   2.95552564
 -0.02488264   0.01830230   2.95552540
 -0.02488284   0.01830410   2.95552540
 -0.02487991   0.01830470   2.95552540
 -0.02487633   0.01830217   2.95552540
 -0.02487912   0.01830510   2.95552540
 -0.02488227   0.01830466   2.95552540
20MABNDB000001_PR017
 -0.02423412  -0.01667693   1.64038694
 -0.02423152  -0.01667806   1.64038694
 -0.02423348  -0.01667802   1.64038694
 -0.02423355  -0.01667442   1.64038694
 -0.02423435  -0.01667834   1.64038694
 -0.02423415  -0.01667988   1.64038694
 -0.02423378  -0.01667616   1.64038694
 -0.02423185  -0.01667881   1.64038694
 -0.02423274  -0.01668022   1.64038694
 -0.02423066  -0.01667969   1.64038694
20MABNDB000260_PR019
 -0.02476579  -0.02492425   2.95635748
 -0.02476775  -0.02492368   2.95635748
 -0.02476548  -0.02493921   2.95635748
 -0.02476953  -0.02493338   2.95635748
 -0.02476478  -0.02492500   2.95635748
 -0.02476705  -0.02492959   2.95635748
 -0.02477373  -0.02493032   2.95635748
 -0.02476643  -0.02493056   2.95635748
 -0.02476269  -0.02494013   2.95635748
 -0.02477118  -0.02492948   2.95635748


*****************************************************************coordonnees du prisme dans le repere ATLAS********************************************************************************** 
20MABNDA000196_PR006 0.00000000
  2.58499217  -4.19496059   6.55781698
  2.58499146  -4.19496059   6.55782032
  2.58499146  -4.19496059   6.55781984
  2.58499265  -4.19496059   6.55781889
  2.58499169  -4.19496059   6.55782080
  2.58499408  -4.19496059   6.55782080
  2.58499289  -4.19496059   6.55782127
  2.58499289  -4.19496059   6.55782127
  2.58499312  -4.19496059   6.55782413
  2.58499193  -4.19496059   6.55782175
20MABNDA000324_PR007 0.00000000
  2.59443164  -4.13992548   6.95760965
  2.59443855  -4.13992548   6.95761395
  2.59443951  -4.13992500   6.95761395
  2.59444213  -4.13992500   6.95760775
  2.59443402  -4.13992548   6.95761061
  2.59443378  -4.13992548   6.95760870
  2.59443665  -4.13992548   6.95760822
  2.59444022  -4.13992548   6.95761061
  2.59443736  -4.13992548   6.95760775
  2.59443426  -4.13992548   6.95760822
20MABNDB000001_PR017 0.00000000
 -2.59794354  -4.19498396   6.55199814
 -2.59794092  -4.19498396   6.55199957
 -2.59794307  -4.19498396   6.55199957
 -2.59794307  -4.19498396   6.55199575
 -2.59794378  -4.19498396   6.55199957
 -2.59794354  -4.19498396   6.55200148
 -2.59794331  -4.19498396   6.55199766
 -2.59794140  -4.19498396   6.55200005
 -2.59794211  -4.19498396   6.55200148
 -2.59794021  -4.19498396   6.55200100
20MABNDB000260_PR019 0.00000000
 -2.60399389  -4.13988733   6.95572138
 -2.60399199  -4.13988733   6.95572186
 -2.60399413  -4.13988733   6.95570660
 -2.60399008  -4.13988733   6.95571232
 -2.60399485  -4.13988733   6.95572042
 -2.60399270  -4.13988733   6.95571613
 -2.60398602  -4.13988733   6.95571518
 -2.60399318  -4.13988733   6.95571518
 -2.60399699  -4.13988733   6.95570564
 -2.60398841  -4.13988733   6.95571613


*****************************************************************Rapport********************************************************************************** 
CAM-JDA-US-IP_JDA-US-IP     2014.09.05.11.02.55   2.58499243  -4.19496059   6.55782061   0.00000080   0.00000000   0.00000177 0.00000000 VRAI 
CAM-JDA-US-HO_JDA-US-HO     2014.09.05.11.02.55   2.59443681  -4.13992538   6.95760994   0.00000317   0.00000019   0.00000224 0.00000000 VRAI 
CAM-JDA-USA-IP_JDA-USA-IP   2014.09.05.11.02.55  -2.59794250  -4.19498396   6.55199943   0.00000119   0.00000000   0.00000172 0.00000000 VRAI 
CAM-JDA-USA-HO_JDA-USA-HO   2014.09.05.11.02.55  -2.60399222  -4.13988733   6.95571508   0.00000308   0.00000000   0.00000534 0.00000000 VRAI 
