********** Fichier qui contient une sauvegarde des coordonnees images + coordonnees images transformees dans le repere BCAM (MOUNT) + coordonnees des prismes dans le repere MOUNT********** 
********************************************************************** Unite en metres (m)************************************************************************************************** 

*******************************************************************coordonnees images dans le repere CCD *********************************************************************************** 
20MABNDB000135_PR027
Spot 1 0.003375 2.5e-05
Spot 2 0.001735 0.000155
Spot 1 0.003375 2.5e-05
Spot 2 0.001735 0.000155
Spot 1 0.003375 2.5e-05
Spot 2 0.001735 0.000155
Spot 1 0.003375 2.5e-05
Spot 2 0.001735 0.000155
Spot 1 0.003375 2.5e-05
Spot 2 0.001735 0.000155
Spot 1 0.003375 2.5e-05
Spot 2 0.001735 0.000155
20MABNDB000126_PR028
Spot 1 0.001615 9.5e-05
Spot 2 0.00328405 0.00033595
Spot 1 0.001615 9.5e-05
Spot 2 0.00328405 0.00033595
Spot 1 0.001615 9.5e-05
Spot 2 0.00328364 0.00033636
Spot 1 0.001615 9.5e-05
Spot 2 0.00328364 0.00033636
Spot 1 0.001615 9.5e-05
Spot 2 0.00328405 0.00033595
20MABNDA000272_PR038
Spot 1 0.000365 9.5e-05
Spot 2 0.000705 0.000125
Spot 1 0.000365 9.5e-05
Spot 2 0.000705 0.000125
Spot 1 0.000365 9.5e-05
Spot 2 0.000705 0.000125
Spot 1 0.000365 9.5e-05
Spot 2 0.000705 0.000125
Spot 1 0.000365 9.5e-05
Spot 2 0.002445 0.000265
20MABNDA000003_PR039
Spot 1 0.001035 5.5e-05
Spot 2 0.000865 0.000695
Spot 1 0.001035 5.5e-05
Spot 2 0.000865 0.000695
Spot 1 0.002745 0.000865
Spot 2 0.001035 5.5e-05
Spot 1 0.001035 5.5e-05
Spot 2 0.000865 0.000695
Spot 1 0.000865 0.000695
Spot 2 0.001035 5.5e-05


****************************************************************coordonnees images transformees dans le repere MOUNT************************************************************************* 
20MABNDB000135_PR027
Spot 1 -0.0110397 -0.0141045 -0.074647
Spot 2 -0.0126781 -0.0139562 -0.074647
Spot 1 -0.0110397 -0.0141045 -0.074647
Spot 2 -0.0126781 -0.0139562 -0.074647
Spot 1 -0.0110397 -0.0141045 -0.074647
Spot 2 -0.0126781 -0.0139562 -0.074647
Spot 1 -0.0110397 -0.0141045 -0.074647
Spot 2 -0.0126781 -0.0139562 -0.074647
Spot 1 -0.0110397 -0.0141045 -0.074647
Spot 2 -0.0126781 -0.0139562 -0.074647
Spot 1 -0.0110397 -0.0141045 -0.074647
Spot 2 -0.0126781 -0.0139562 -0.074647
20MABNDB000126_PR028
Spot 1 -0.0125543 -0.0140873 -0.075004
Spot 2 -0.0108866 -0.0138374 -0.075004
Spot 1 -0.0125543 -0.0140873 -0.075004
Spot 2 -0.0108866 -0.0138374 -0.075004
Spot 1 -0.0125543 -0.0140873 -0.075004
Spot 2 -0.010887 -0.013837 -0.075004
Spot 1 -0.0125543 -0.0140873 -0.075004
Spot 2 -0.010887 -0.013837 -0.075004
Spot 1 -0.0125543 -0.0140873 -0.075004
Spot 2 -0.0108866 -0.0138374 -0.075004
20MABNDA000272_PR038
Spot 1 -0.0111991 0.0140137 -0.074179
Spot 2 -0.0115392 0.0139843 -0.074179
Spot 1 -0.0111991 0.0140137 -0.074179
Spot 2 -0.0115392 0.0139843 -0.074179
Spot 1 -0.0111991 0.0140137 -0.074179
Spot 2 -0.0115392 0.0139843 -0.074179
Spot 1 -0.0111991 0.0140137 -0.074179
Spot 2 -0.0115392 0.0139843 -0.074179
Spot 1 -0.0111991 0.0140137 -0.074179
Spot 2 -0.0132794 0.0138474 -0.074179
20MABNDA000003_PR039
Spot 1 -0.0118313 0.0139948 -0.073734
Spot 2 -0.011663 0.0133544 -0.073734
Spot 1 -0.0118313 0.0139948 -0.073734
Spot 2 -0.011663 0.0133544 -0.073734
Spot 1 -0.0135434 0.0131892 -0.073734
Spot 2 -0.0118313 0.0139948 -0.073734
Spot 1 -0.0118313 0.0139948 -0.073734
Spot 2 -0.011663 0.0133544 -0.073734
Spot 1 -0.011663 0.0133544 -0.073734
Spot 2 -0.0118313 0.0139948 -0.073734


*****************************************************************coordonnees du prisme dans le repere MOUNT********************************************************************************** 
20MABNDB000135_PR027
-0.0410104 0.0206918 2.74903
-0.0410104 0.0206918 2.74903
-0.0410104 0.0206918 2.74903
-0.0410104 0.0206918 2.74903
-0.0410104 0.0206918 2.74903
-0.0410104 0.0206918 2.74903
20MABNDB000126_PR028
-0.0395273 0.0120873 2.14665
-0.0395273 0.0120873 2.14665
-0.0395214 0.0120815 2.14665
-0.0395214 0.0120815 2.14665
-0.0395273 0.0120873 2.14665
20MABNDA000272_PR038
-0.060084 -0.0199211 2.74905
-0.060084 -0.0199211 2.74905
-0.060084 -0.0199211 2.74905
-0.060084 -0.0199211 2.74905
-0.0282059 -0.0174172 2.74945
20MABNDA000003_PR039
-0.0400536 -0.00301992 2.14888
-0.0400536 -0.00301992 2.14888
-0.0131818 -0.000660142 2.14907
-0.0400536 -0.00301992 2.14888
-0.0400536 -0.00302002 2.14888


*****************************************************************coordonnees du prisme dans le repere ATLAS********************************************************************************** 
20MABNDB000135_PR027 0
2.58025 -4.19768 -3.85454
2.58025 -4.19768 -3.85454
2.58025 -4.19768 -3.85454
2.58025 -4.19768 -3.85454
2.58025 -4.19768 -3.85454
2.58025 -4.19768 -3.85454
20MABNDB000126_PR028 0
2.58636 -4.19738 -5.94429
2.58636 -4.19738 -5.94429
2.58637 -4.19738 -5.94429
2.58637 -4.19738 -5.94429
2.58636 -4.19738 -5.94429
20MABNDA000272_PR038 0
-2.56445 -4.19757 -3.85842
-2.56445 -4.19757 -3.85842
-2.56445 -4.19757 -3.85842
-2.56445 -4.19757 -3.85842
-2.59633 -4.19719 -3.85591
20MABNDA000003_PR039 0
-2.58167 -4.19727 -5.93578
-2.58167 -4.19727 -5.93578
-2.60854 -4.19705 -5.93343
-2.58167 -4.19727 -5.93578
-2.58167 -4.19727 -5.93578


*****************************************************************Rapport********************************************************************************** 
CAM-EBC-US-IP_EBC-US-IP 2014.08.15.16.33.54 2.58025 -4.19768 -3.85454 0 0 0 0 VRAI 
CAM-EBC-US-HO_EBC-US-HO 2014.08.15.16.33.54 2.58637 -4.19738 -5.94429 2.92002e-06 2.33602e-07 2.80322e-06 0 VRAI 
CAM-EBC-USA-IP_EBC-USA-IP 2014.08.15.16.33.54 -2.57083 -4.1975 -3.85791 0.0127512 0.000152779 0.00100384 0 VRAI 
CAM-EBC-USA-HO_EBC-USA-HO 2014.08.15.16.33.54 -2.58704 -4.19722 -5.93531 0.0107488 8.60214e-05 0.000942469 0 VRAI 
