********** Fichier qui contient une sauvegarde des coordonnees images + coordonnees images transformees dans le repere BCAM (MOUNT) + coordonnees des prismes dans le repere MOUNT********** 
********************************************************************** Unite en metres (m)************************************************************************************************** 

*******************************************************************coordonnees images dans le repere CCD *********************************************************************************** 
20MABNDA000196_PR006
Spot 1   0.00198219   0.00074770
Spot 2   0.00161153   0.00074306
Spot 1   0.00198223   0.00074773
Spot 2   0.00161180   0.00074318
Spot 1   0.00198219   0.00074766
Spot 2   0.00161173   0.00074325
Spot 1   0.00198220   0.00074780
Spot 2   0.00161157   0.00074337
Spot 1   0.00198228   0.00074783
Spot 2   0.00161185   0.00074331
Spot 1   0.00198223   0.00074784
Spot 2   0.00161165   0.00074341
Spot 1   0.00198217   0.00074783
Spot 2   0.00161161   0.00074333
Spot 1   0.00198229   0.00074774
Spot 2   0.00161159   0.00074323
Spot 1   0.00198234   0.00074795
Spot 2   0.00161169   0.00074331
Spot 1   0.00198221   0.00074779
Spot 2   0.00161163   0.00074327
20MABNDA000324_PR007
Spot 1   0.00195217   0.00121318
Spot 2   0.00174595   0.00121905
Spot 1   0.00195214   0.00121330
Spot 2   0.00174600   0.00121911
Spot 1   0.00195216   0.00121311
Spot 2   0.00174609   0.00121909
Spot 1   0.00195212   0.00121322
Spot 2   0.00174590   0.00121914
Spot 1   0.00195208   0.00121326
Spot 2   0.00174610   0.00121917
Spot 1   0.00195234   0.00121311
Spot 2   0.00174617   0.00121927
Spot 1   0.00195213   0.00121328
Spot 2   0.00174602   0.00121931
Spot 1   0.00195228   0.00121308
Spot 2   0.00174611   0.00121924
Spot 1   0.00195211   0.00121325
Spot 2   0.00174612   0.00121908
Spot 1   0.00195220   0.00121309
Spot 2   0.00174610   0.00121922
20MABNDB000001_PR017
Spot 1   0.00187211   0.00046750
Spot 2   0.00224190   0.00047649
Spot 1   0.00187218   0.00046735
Spot 2   0.00224193   0.00047645
Spot 1   0.00187200   0.00046743
Spot 2   0.00224189   0.00047654
Spot 1   0.00187196   0.00046756
Spot 2   0.00224189   0.00047670
Spot 1   0.00187188   0.00046748
Spot 2   0.00224168   0.00047664
Spot 1   0.00187205   0.00046742
Spot 2   0.00224173   0.00047680
Spot 1   0.00187217   0.00046758
Spot 2   0.00224197   0.00047656
Spot 1   0.00187216   0.00046760
Spot 2   0.00224185   0.00047666
Spot 1   0.00187219   0.00046753
Spot 2   0.00224184   0.00047668
Spot 1   0.00187230   0.00046745
Spot 2   0.00224194   0.00047667
20MABNDB000260_PR019
Spot 1   0.00192878   0.00149871
Spot 2   0.00213327   0.00149927
Spot 1   0.00192873   0.00149884
Spot 2   0.00213331   0.00149929
Spot 1   0.00192864   0.00149904
Spot 2   0.00213300   0.00149940
Spot 1   0.00192865   0.00149880
Spot 2   0.00213318   0.00149942
Spot 1   0.00192861   0.00149869
Spot 2   0.00213367   0.00149953
Spot 1   0.00192854   0.00149888
Spot 2   0.00213327   0.00149913
Spot 1   0.00192849   0.00149906
Spot 2   0.00213327   0.00149967
Spot 1   0.00192857   0.00149875
Spot 2   0.00213300   0.00149940
Spot 1   0.00192861   0.00149894
Spot 2   0.00213342   0.00149934


****************************************************************coordonnees images transformees dans le repere MOUNT************************************************************************* 
20MABNDA000196_PR006
Spot 1  -0.01293713   0.01323048  -0.07967100
Spot 2  -0.01256644   0.01323035  -0.07967100
Spot 1  -0.01293717   0.01323045  -0.07967100
Spot 2  -0.01256672   0.01323024  -0.07967100
Spot 1  -0.01293713   0.01323052  -0.07967100
Spot 2  -0.01256665   0.01323016  -0.07967100
Spot 1  -0.01293714   0.01323038  -0.07967100
Spot 2  -0.01256649   0.01323004  -0.07967100
Spot 1  -0.01293723   0.01323035  -0.07967100
Spot 2  -0.01256677   0.01323011  -0.07967100
Spot 1  -0.01293718   0.01323034  -0.07967100
Spot 2  -0.01256657   0.01323000  -0.07967100
Spot 1  -0.01293712   0.01323035  -0.07967100
Spot 2  -0.01256653   0.01323008  -0.07967100
Spot 1  -0.01293723   0.01323044  -0.07967100
Spot 2  -0.01256651   0.01323018  -0.07967100
Spot 1  -0.01293729   0.01323023  -0.07967100
Spot 2  -0.01256661   0.01323010  -0.07967100
Spot 1  -0.01293715   0.01323039  -0.07967100
Spot 2  -0.01256655   0.01323014  -0.07967100
20MABNDA000324_PR007
Spot 1  -0.01255787   0.01280836  -0.07446800
Spot 2  -0.01235162   0.01280410  -0.07446800
Spot 1  -0.01255784   0.01280824  -0.07446800
Spot 2  -0.01235166   0.01280404  -0.07446800
Spot 1  -0.01255787   0.01280843  -0.07446800
Spot 2  -0.01235176   0.01280406  -0.07446800
Spot 1  -0.01255782   0.01280832  -0.07446800
Spot 2  -0.01235156   0.01280401  -0.07446800
Spot 1  -0.01255778   0.01280828  -0.07446800
Spot 2  -0.01235176   0.01280398  -0.07446800
Spot 1  -0.01255804   0.01280843  -0.07446800
Spot 2  -0.01235183   0.01280388  -0.07446800
Spot 1  -0.01255783   0.01280826  -0.07446800
Spot 2  -0.01235168   0.01280384  -0.07446800
Spot 1  -0.01255799   0.01280846  -0.07446800
Spot 2  -0.01235177   0.01280391  -0.07446800
Spot 1  -0.01255781   0.01280829  -0.07446800
Spot 2  -0.01235178   0.01280407  -0.07446800
Spot 1  -0.01255791   0.01280845  -0.07446800
Spot 2  -0.01235176   0.01280393  -0.07446800
20MABNDB000001_PR017
Spot 1  -0.01231595  -0.01352187  -0.07418400
Spot 2  -0.01194608  -0.01351679  -0.07418400
Spot 1  -0.01231588  -0.01352202  -0.07418400
Spot 2  -0.01194605  -0.01351683  -0.07418400
Spot 1  -0.01231606  -0.01352194  -0.07418400
Spot 2  -0.01194609  -0.01351674  -0.07418400
Spot 1  -0.01231610  -0.01352181  -0.07418400
Spot 2  -0.01194609  -0.01351658  -0.07418400
Spot 1  -0.01231618  -0.01352189  -0.07418400
Spot 2  -0.01194630  -0.01351664  -0.07418400
Spot 1  -0.01231601  -0.01352195  -0.07418400
Spot 2  -0.01194625  -0.01351648  -0.07418400
Spot 1  -0.01231589  -0.01352179  -0.07418400
Spot 2  -0.01194601  -0.01351672  -0.07418400
Spot 1  -0.01231590  -0.01352177  -0.07418400
Spot 2  -0.01194613  -0.01351662  -0.07418400
Spot 1  -0.01231587  -0.01352184  -0.07418400
Spot 2  -0.01194614  -0.01351660  -0.07418400
Spot 1  -0.01231576  -0.01352192  -0.07418400
Spot 2  -0.01194604  -0.01351661  -0.07418400
20MABNDB000260_PR019
Spot 1  -0.01240248  -0.01240370  -0.07492700
Spot 2  -0.01219804  -0.01239895  -0.07492700
Spot 1  -0.01240253  -0.01240358  -0.07492700
Spot 2  -0.01219800  -0.01239893  -0.07492700
Spot 1  -0.01240263  -0.01240338  -0.07492700
Spot 2  -0.01219832  -0.01239883  -0.07492700
Spot 1  -0.01240261  -0.01240362  -0.07492700
Spot 2  -0.01219814  -0.01239880  -0.07492700
Spot 1  -0.01240265  -0.01240373  -0.07492700
Spot 2  -0.01219765  -0.01239868  -0.07492700
Spot 1  -0.01240272  -0.01240354  -0.07492700
Spot 2  -0.01219804  -0.01239909  -0.07492700
Spot 1  -0.01240278  -0.01240336  -0.07492700
Spot 2  -0.01219805  -0.01239855  -0.07492700
Spot 1  -0.01240269  -0.01240367  -0.07492700
Spot 2  -0.01219832  -0.01239883  -0.07492700
Spot 1  -0.01240265  -0.01240348  -0.07492700
Spot 2  -0.01219789  -0.01239888  -0.07492700


*****************************************************************coordonnees du prisme dans le repere MOUNT********************************************************************************** 
20MABNDA000196_PR006
 -0.01053261   0.01031204   1.64206481
 -0.01052920   0.01031362   1.64206481
 -0.01053040   0.01031366   1.64206481
 -0.01053201   0.01031651   1.64206481
 -0.01052807   0.01031613   1.64206481
 -0.01053079   0.01031737   1.64206481
 -0.01053189   0.01031640   1.64206481
 -0.01053083   0.01031431   1.64206481
 -0.01052915   0.01031746   1.64206481
 -0.01053126   0.01031529   1.64206481
20MABNDA000324_PR007
 -0.02509793   0.02789768   2.95549226
 -0.02509756   0.02790122   2.95549226
 -0.02509536   0.02789712   2.95549226
 -0.02509992   0.02790023   2.95549226
 -0.02509677   0.02790164   2.95549226
 -0.02509028   0.02790071   2.95549226
 -0.02509739   0.02790476   2.95549226
 -0.02509263   0.02789950   2.95549226
 -0.02509578   0.02789966   2.95549226
 -0.02509441   0.02789928   2.95549226
20MABNDB000001_PR017
 -0.02383708  -0.00346981   1.64036572
 -0.02383815  -0.00346774   1.64036572
 -0.02383577  -0.00346961   1.64036572
 -0.02383537  -0.00347280   1.64036572
 -0.02383217  -0.00347130   1.64036572
 -0.02383459  -0.00347236   1.64036572
 -0.02383851  -0.00347145   1.64036572
 -0.02383711  -0.00347277   1.64036572
 -0.02383732  -0.00347223   1.64036572
 -0.02383960  -0.00347122   1.64036572
20MABNDB000260_PR019
 -0.02463157  -0.03821342   2.95627499
 -0.02463133  -0.03821636   2.95627499
 -0.02462332  -0.03822230   2.95627499
 -0.02462715  -0.03821806   2.95627499
 -0.02463601  -0.03821824   2.95627499
 -0.02462684  -0.03821390   2.95627499
 -0.02462555  -0.03822805   2.95627475
 -0.02462205  -0.03821656   2.95627499
 -0.02463108  -0.03821931   2.95627499


*****************************************************************coordonnees du prisme dans le repere ATLAS********************************************************************************** 
20MABNDA000196_PR006 0.00000000
  2.58499265  -4.19496346   6.54826450
  2.58498931  -4.19496346   6.54826641
  2.58499050  -4.19496346   6.54826641
  2.58499217  -4.19496346   6.54826927
  2.58498812  -4.19496346   6.54826880
  2.58499074  -4.19496346   6.54827023
  2.58499193  -4.19496346   6.54826927
  2.58499098  -4.19496346   6.54826689
  2.58498931  -4.19496346   6.54827023
  2.58499122  -4.19496346   6.54826784
20MABNDA000324_PR007 0.00000000
  2.59421968  -4.13996601   6.94801521
  2.59422016  -4.13996601   6.94801188
  2.59422231  -4.13996601   6.94801569
  2.59421778  -4.13996601   6.94801283
  2.59422088  -4.13996601   6.94801140
  2.59422731  -4.13996601   6.94801235
  2.59422016  -4.13996601   6.94800806
  2.59422493  -4.13996601   6.94801331
  2.59422183  -4.13996601   6.94801331
  2.59422326  -4.13996601   6.94801378
20MABNDB000001_PR017 0.00000000
 -2.59754205  -4.19505072   6.53879166
 -2.59754300  -4.19505072   6.53878927
 -2.59754062  -4.19505072   6.53879118
 -2.59754038  -4.19505072   6.53879452
 -2.59753704  -4.19505072   6.53879309
 -2.59753942  -4.19505072   6.53879404
 -2.59754348  -4.19505072   6.53879309
 -2.59754205  -4.19505072   6.53879452
 -2.59754229  -4.19505072   6.53879404
 -2.59754443  -4.19505072   6.53879309
20MABNDB000260_PR019 0.00000000
 -2.60412359  -4.13995934   6.94243193
 -2.60412383  -4.13995934   6.94242907
 -2.60413170  -4.13995934   6.94242334
 -2.60412788  -4.13995934   6.94242764
 -2.60411906  -4.13995934   6.94242716
 -2.60412812  -4.13995934   6.94243145
 -2.60412955  -4.13995934   6.94241762
 -2.60413313  -4.13995934   6.94242907
 -2.60412407  -4.13995934   6.94242620


*****************************************************************Rapport********************************************************************************** 
CAM-JDA-US-IP_JDA-US-IP     2014.09.12.14.54.03   2.58499069  -4.19496346   6.54826798   0.00000136   0.00000000   0.00000180 0.00000000 VRAI 
CAM-JDA-US-HO_JDA-US-HO     2014.09.12.14.54.03   2.59422183  -4.13996601   6.94801278   0.00000264   0.00000000   0.00000203 0.00000000 VRAI 
CAM-JDA-USA-IP_JDA-USA-IP   2014.09.12.14.54.03  -2.59754148  -4.19505072   6.53879285   0.00000205   0.00000000   0.00000160 0.00000000 VRAI 
CAM-JDA-USA-HO_JDA-USA-HO   2014.09.12.14.54.03  -2.60412677  -4.13995934   6.94242705   0.00000423   0.00000000   0.00000415 0.00000000 VRAI 
