********** Fichier qui contient une sauvegarde des coordonnees images + coordonnees images transformees dans le repere BCAM (MOUNT) + coordonnees des prismes dans le repere MOUNT********** 
********************************************************************** Unite en metres (m)************************************************************************************************** 

*******************************************************************coordonnees images dans le repere CCD *********************************************************************************** 
20MABNDA000318_PR004
Spot 1 0.003395 0.000125
Spot 2 0.001905 0.000255
Spot 1 0.003395 0.000125
Spot 2 0.002455 0.000535
Spot 1 0.00321833 0.00011167
Spot 2 0.003395 0.000125
Spot 1 0.00321833 0.00011167
Spot 2 0.003395 0.000125
Spot 1 0.003395 0.000125
Spot 2 0.001905 0.000255
20MABNDA000334_PR005
Spot 1 0.002375 3.5e-05
Spot 2 0.003115 0.000585
Spot 1 0.002375 3.5e-05
Spot 2 0.003115 0.000585
Spot 1 0.002375 3.5e-05
Spot 2 0.003115 0.000585
Spot 1 0.002375 3.5e-05
Spot 2 0.003115 0.000585
Spot 1 0.002375 3.5e-05
Spot 2 0.00259 0.00023
20MABNDB000317_PR015
Spot 1 0.002705 0.000115
Spot 2 0.001805 0.000145
Spot 1 0.002705 0.000115
Spot 2 0.001805 0.000145
Spot 1 0.002705 0.000115
Spot 2 0.001805 0.000145
Spot 1 0.002705 0.000115
Spot 2 0.001805 0.000145
20MABNDB000146_PR016
Spot 1 0.002575 0.000115
Spot 2 0.001575 0.000235
Spot 1 0.002575 0.000115
Spot 2 0.001575 0.000235
Spot 1 0.002575 0.000115
Spot 2 0.001575 0.000235
Spot 1 0.002575 0.000115
Spot 2 0.001575 0.000235


****************************************************************coordonnees images transformees dans le repere MOUNT************************************************************************* 
20MABNDA000318_PR004
Spot 1 -0.0141192 0.0139666 -0.073106
Spot 2 -0.0126288 0.0138409 -0.073106
Spot 1 -0.0141192 0.0139666 -0.073106
Spot 2 -0.013178 0.0135593 -0.073106
Spot 1 -0.0139426 0.0139804 -0.073106
Spot 2 -0.0141192 0.0139666 -0.073106
Spot 1 -0.0139426 0.0139804 -0.073106
Spot 2 -0.0141192 0.0139666 -0.073106
Spot 1 -0.0141192 0.0139666 -0.073106
Spot 2 -0.0126288 0.0138409 -0.073106
20MABNDA000334_PR005
Spot 1 -0.0130166 0.0140933 -0.073241
Spot 2 -0.0137572 0.013544 -0.073241
Spot 1 -0.0130166 0.0140933 -0.073241
Spot 2 -0.0137572 0.013544 -0.073241
Spot 1 -0.0130166 0.0140933 -0.073241
Spot 2 -0.0137572 0.013544 -0.073241
Spot 1 -0.0130166 0.0140933 -0.073241
Spot 2 -0.0137572 0.013544 -0.073241
Spot 1 -0.0130166 0.0140933 -0.073241
Spot 2 -0.0132318 0.0138985 -0.073241
20MABNDB000317_PR015
Spot 1 -0.0114321 -0.0139688 -0.073261
Spot 2 -0.0123324 -0.0139493 -0.073261
Spot 1 -0.0114321 -0.0139688 -0.073261
Spot 2 -0.0123324 -0.0139493 -0.073261
Spot 1 -0.0114321 -0.0139688 -0.073261
Spot 2 -0.0123324 -0.0139493 -0.073261
Spot 1 -0.0114321 -0.0139688 -0.073261
Spot 2 -0.0123324 -0.0139493 -0.073261
20MABNDB000146_PR016
Spot 1 -0.0116307 -0.0136761 -0.074505
Spot 2 -0.0126309 -0.0135583 -0.074505
Spot 1 -0.0116307 -0.0136761 -0.074505
Spot 2 -0.0126309 -0.0135583 -0.074505
Spot 1 -0.0116307 -0.0136761 -0.074505
Spot 2 -0.0126309 -0.0135583 -0.074505
Spot 1 -0.0116307 -0.0136761 -0.074505
Spot 2 -0.0126309 -0.0135583 -0.074505


*****************************************************************coordonnees du prisme dans le repere MOUNT********************************************************************************** 
20MABNDA000318_PR004 0
0.0141899 -0.0142281 2.7494
0.0242629 -0.00906171 2.74933
0.038282 -0.0167827 2.74903
0.038282 -0.0167827 2.74903
0.0141899 -0.0142281 2.7494
20MABNDA000334_PR005 0
0.00746864 -0.0047913 2.1497
0.00746864 -0.0047913 2.1497
0.00746864 -0.0047913 2.1497
0.00746864 -0.0047913 2.1497
-3.75685e-05 -0.0098567 2.14971
20MABNDB000317_PR015 0
-0.0419273 0.0191273 2.75087
-0.0419273 0.0191273 2.75087
-0.0419273 0.0191273 2.75087
-0.0419273 0.0191273 2.75087
20MABNDB000146_PR016 0
-0.027676 0.0014938 2.15199
-0.027676 0.0014938 2.15199
-0.027676 0.0014938 2.15199
-0.027676 0.0014938 2.15199


*****************************************************************coordonnees du prisme dans le repere ATLAS********************************************************************************** 
20MABNDA000318_PR004 0
2.6359 -4.19721 3.85126
2.64597 -4.19728 3.8461
2.65999 -4.19757 3.85382
2.65999 -4.19757 3.85382
2.6359 -4.19721 3.85126
20MABNDA000334_PR005 0
2.62846 -4.19709 5.93405
2.62846 -4.19709 5.93405
2.62846 -4.19709 5.93405
2.62846 -4.19709 5.93405
2.62096 -4.19709 5.93912
20MABNDB000317_PR015 0
-2.57501 -4.19658 3.86561
-2.57501 -4.19658 3.86561
-2.57501 -4.19658 3.86561
-2.57501 -4.19658 3.86561
20MABNDB000146_PR016 0
-2.59862 -4.19703 5.93184
-2.59862 -4.19703 5.93184
-2.59862 -4.19703 5.93184
-2.59862 -4.19703 5.93184


*****************************************************************Rapport********************************************************************************** 
CAM-EBA-US-IP_EBA-US-IP 2014.08.14.11.34.13 2.64755 -4.19737 3.85125 0.0108033 0.000163968 0.00281922 0VRAI 
CAM-EBA-US-HO_EBA-US-HO 2014.08.14.11.34.13 2.62696 -4.19709 5.93507 0.00300264 1.33514e-06 0.00202579 0VRAI 
CAM-EBA-USA-IP_EBA-USA-IP 2014.08.14.11.34.13 -2.57501 -4.19658 3.86561 0 0 0 0VRAI 
CAM-EBA-USA-HO_EBA-USA-HO 2014.08.14.11.34.13 -2.59862 -4.19703 5.93184 0 0 0 0VRAI 
