********** Fichier qui contient une sauvegarde des coordonnees images + coordonnees images transformees dans le repere BCAM (MOUNT) + coordonnees des prismes dans le repere MOUNT********** 
********************************************************************** Unite en metres (m)************************************************************************************************** 

*******************************************************************coordonnees images dans le repere CCD *********************************************************************************** 
20MABNDA000196_PR006
Spot 1   0.00200736   0.00068943
Spot 2   0.00163634   0.00068552
Spot 1   0.00200729   0.00068959
Spot 2   0.00163634   0.00068565
Spot 1   0.00200726   0.00068948
Spot 2   0.00163647   0.00068552
Spot 1   0.00200725   0.00068954
Spot 2   0.00163639   0.00068569
Spot 1   0.00200718   0.00068968
Spot 2   0.00163630   0.00068574
Spot 1   0.00200725   0.00068971
Spot 2   0.00163635   0.00068574
Spot 1   0.00200727   0.00068971
Spot 2   0.00163627   0.00068570
Spot 1   0.00200726   0.00068966
Spot 2   0.00163622   0.00068574
Spot 1   0.00200720   0.00068977
Spot 2   0.00163626   0.00068578
Spot 1   0.00200721   0.00068968
Spot 2   0.00163635   0.00068583
Spot 1   0.00200722   0.00068980
Spot 2   0.00163626   0.00068578
20MABNDA000324_PR007
Spot 1   0.00195285   0.00124427
Spot 2   0.00174528   0.00124982
Spot 1   0.00195290   0.00124418
Spot 2   0.00174537   0.00124953
Spot 1   0.00195283   0.00124407
Spot 2   0.00174520   0.00124970
Spot 1   0.00195282   0.00124427
Spot 2   0.00174553   0.00124975
Spot 1   0.00195302   0.00124442
Spot 2   0.00174524   0.00124958
Spot 1   0.00195292   0.00124431
Spot 2   0.00174532   0.00124962
Spot 1   0.00195270   0.00124414
Spot 2   0.00174536   0.00124974
Spot 1   0.00195309   0.00124408
Spot 2   0.00174520   0.00124968
Spot 1   0.00195285   0.00124423
Spot 2   0.00174549   0.00124959
Spot 1   0.00195278   0.00124413
Spot 2   0.00174533   0.00124967
20MABNDB000001_PR017
Spot 1   0.00187449   0.00045501
Spot 2   0.00224457   0.00046413
Spot 1   0.00187473   0.00045524
Spot 2   0.00224483   0.00046431
Spot 1   0.00187466   0.00045520
Spot 2   0.00224461   0.00046409
Spot 1   0.00187473   0.00045539
Spot 2   0.00224465   0.00046413
Spot 1   0.00187454   0.00045528
Spot 2   0.00224478   0.00046405
Spot 1   0.00187495   0.00045532
Spot 2   0.00224479   0.00046418
Spot 1   0.00187463   0.00045536
Spot 2   0.00224465   0.00046421
Spot 1   0.00187466   0.00045522
Spot 2   0.00224465   0.00046404
Spot 1   0.00187494   0.00045534
Spot 2   0.00224487   0.00046430
Spot 1   0.00187471   0.00045524
Spot 2   0.00224478   0.00046430
20MABNDB000260_PR019
Spot 1   0.00192030   0.00150375
Spot 2   0.00212400   0.00150250
Spot 1   0.00192035   0.00150377
Spot 2   0.00212372   0.00150269
Spot 1   0.00192027   0.00150377
Spot 2   0.00212342   0.00150263
Spot 1   0.00192036   0.00150374
Spot 2   0.00212338   0.00150230
Spot 1   0.00192028   0.00150375
Spot 2   0.00212372   0.00150223
Spot 1   0.00192044   0.00150382
Spot 2   0.00212372   0.00150223
Spot 1   0.00192041   0.00150371
Spot 2   0.00212348   0.00150283
Spot 1   0.00192036   0.00150376
Spot 2   0.00212364   0.00150205
Spot 1   0.00192048   0.00150386
Spot 2   0.00212391   0.00150217
Spot 1   0.00192039   0.00150379
Spot 2   0.00212316   0.00150237


****************************************************************coordonnees images transformees dans le repere MOUNT************************************************************************* 
20MABNDA000196_PR006
Spot 1  -0.01296155   0.01328907  -0.07967100
Spot 2  -0.01259051   0.01328821  -0.07967100
Spot 1  -0.01296148   0.01328890  -0.07967100
Spot 2  -0.01259051   0.01328808  -0.07967100
Spot 1  -0.01296145   0.01328901  -0.07967100
Spot 2  -0.01259064   0.01328821  -0.07967100
Spot 1  -0.01296144   0.01328895  -0.07967100
Spot 2  -0.01259056   0.01328804  -0.07967100
Spot 1  -0.01296138   0.01328881  -0.07967100
Spot 2  -0.01259048   0.01328798  -0.07967100
Spot 1  -0.01296145   0.01328878  -0.07967100
Spot 2  -0.01259053   0.01328799  -0.07967100
Spot 1  -0.01296147   0.01328878  -0.07967100
Spot 2  -0.01259044   0.01328802  -0.07967100
Spot 1  -0.01296146   0.01328883  -0.07967100
Spot 2  -0.01259040   0.01328798  -0.07967100
Spot 1  -0.01296140   0.01328872  -0.07967100
Spot 2  -0.01259044   0.01328794  -0.07967100
Spot 1  -0.01296141   0.01328881  -0.07967100
Spot 2  -0.01259053   0.01328790  -0.07967100
Spot 1  -0.01296142   0.01328869  -0.07967100
Spot 2  -0.01259044   0.01328794  -0.07967100
20MABNDA000324_PR007
Spot 1  -0.01255831   0.01277727  -0.07446800
Spot 2  -0.01235070   0.01277334  -0.07446800
Spot 1  -0.01255836   0.01277735  -0.07446800
Spot 2  -0.01235080   0.01277363  -0.07446800
Spot 1  -0.01255829   0.01277747  -0.07446800
Spot 2  -0.01235063   0.01277346  -0.07446800
Spot 1  -0.01255828   0.01277727  -0.07446800
Spot 2  -0.01235096   0.01277340  -0.07446800
Spot 1  -0.01255848   0.01277711  -0.07446800
Spot 2  -0.01235067   0.01277358  -0.07446800
Spot 1  -0.01255838   0.01277723  -0.07446800
Spot 2  -0.01235075   0.01277354  -0.07446800
Spot 1  -0.01255816   0.01277740  -0.07446800
Spot 2  -0.01235079   0.01277342  -0.07446800
Spot 1  -0.01255855   0.01277745  -0.07446800
Spot 2  -0.01235063   0.01277348  -0.07446800
Spot 1  -0.01255831   0.01277731  -0.07446800
Spot 2  -0.01235092   0.01277356  -0.07446800
Spot 1  -0.01255824   0.01277741  -0.07446800
Spot 2  -0.01235076   0.01277349  -0.07446800
20MABNDB000001_PR017
Spot 1  -0.01231370  -0.01353438  -0.07418400
Spot 2  -0.01194354  -0.01352918  -0.07418400
Spot 1  -0.01231346  -0.01353416  -0.07418400
Spot 2  -0.01194328  -0.01352900  -0.07418400
Spot 1  -0.01231353  -0.01353419  -0.07418400
Spot 2  -0.01194350  -0.01352922  -0.07418400
Spot 1  -0.01231346  -0.01353401  -0.07418400
Spot 2  -0.01194346  -0.01352918  -0.07418400
Spot 1  -0.01231365  -0.01353411  -0.07418400
Spot 2  -0.01194333  -0.01352926  -0.07418400
Spot 1  -0.01231324  -0.01353408  -0.07418400
Spot 2  -0.01194332  -0.01352913  -0.07418400
Spot 1  -0.01231355  -0.01353403  -0.07418400
Spot 2  -0.01194346  -0.01352910  -0.07418400
Spot 1  -0.01231353  -0.01353417  -0.07418400
Spot 2  -0.01194346  -0.01352927  -0.07418400
Spot 1  -0.01231325  -0.01353406  -0.07418400
Spot 2  -0.01194324  -0.01352901  -0.07418400
Spot 1  -0.01231348  -0.01353415  -0.07418400
Spot 2  -0.01194333  -0.01352901  -0.07418400
20MABNDB000260_PR019
Spot 1  -0.01241106  -0.01239884  -0.07492700
Spot 2  -0.01220738  -0.01239591  -0.07492700
Spot 1  -0.01241101  -0.01239882  -0.07492700
Spot 2  -0.01220766  -0.01239573  -0.07492700
Spot 1  -0.01241109  -0.01239882  -0.07492700
Spot 2  -0.01220796  -0.01239579  -0.07492700
Spot 1  -0.01241100  -0.01239885  -0.07492700
Spot 2  -0.01220799  -0.01239613  -0.07492700
Spot 1  -0.01241108  -0.01239884  -0.07492700
Spot 2  -0.01220765  -0.01239619  -0.07492700
Spot 1  -0.01241092  -0.01239877  -0.07492700
Spot 2  -0.01220765  -0.01239619  -0.07492700
Spot 1  -0.01241095  -0.01239888  -0.07492700
Spot 2  -0.01220790  -0.01239559  -0.07492700
Spot 1  -0.01241100  -0.01239883  -0.07492700
Spot 2  -0.01220773  -0.01239637  -0.07492700
Spot 1  -0.01241088  -0.01239873  -0.07492700
Spot 2  -0.01220746  -0.01239624  -0.07492700
Spot 1  -0.01241097  -0.01239880  -0.07492700
Spot 2  -0.01220821  -0.01239606  -0.07492700


*****************************************************************coordonnees du prisme dans le repere MOUNT********************************************************************************** 
20MABNDA000196_PR006
 -0.01000294   0.00904002   1.64206147
 -0.01000366   0.00904319   1.64206147
 -0.01000260   0.00904056   1.64206147
 -0.01000356   0.00904308   1.64206147
 -0.01000528   0.00904518   1.64206147
 -0.01000396   0.00904550   1.64206147
 -0.01000462   0.00904506   1.64206147
 -0.01000528   0.00904497   1.64206147
 -0.01000547   0.00904660   1.64206147
 -0.01000439   0.00904616   1.64206147
 -0.01000525   0.00904693   1.64206147
20MABNDA000324_PR007
 -0.02510721   0.02911498   2.95548582
 -0.02510439   0.02910752   2.95548606
 -0.02510912   0.02910866   2.95548606
 -0.02510285   0.02911363   2.95548606
 -0.02510463   0.02911322   2.95548606
 -0.02510501   0.02911185   2.95548606
 -0.02510855   0.02911084   2.95548606
 -0.02510400   0.02910851   2.95548606
 -0.02510303   0.02910971   2.95548606
 -0.02510756   0.02910927   2.95548606
20MABNDB000001_PR017
 -0.02388937  -0.00319767   1.64036381
 -0.02389489  -0.00320209   1.64036381
 -0.02389169  -0.00319929   1.64036381
 -0.02389291  -0.00320178   1.64036381
 -0.02389224  -0.00319972   1.64036381
 -0.02389685  -0.00320153   1.64036381
 -0.02389184  -0.00320234   1.64036381
 -0.02389212  -0.00319896   1.64036381
 -0.02389763  -0.00320305   1.64036381
 -0.02389413  -0.00320200   1.64036381
20MABNDB000260_PR019
 -0.02427879  -0.03836907   2.95627499
 -0.02427416  -0.03837311   2.95627499
 -0.02426670  -0.03837179   2.95627499
 -0.02426782  -0.03836471   2.95627499
 -0.02427297  -0.03836362   2.95627499
 -0.02427611  -0.03836507   2.95627499
 -0.02427059  -0.03837461   2.95627499
 -0.02427305  -0.03836029   2.95627499
 -0.02428064  -0.03836478   2.95627499
 -0.02426406  -0.03836700   2.95627499


*****************************************************************coordonnees du prisme dans le repere ATLAS********************************************************************************** 
20MABNDA000196_PR006 0.00000000
  2.58446312  -4.19496870   6.54699278
  2.58446383  -4.19496870   6.54699564
  2.58446288  -4.19496870   6.54699326
  2.58446383  -4.19496870   6.54699564
  2.58446550  -4.19496870   6.54699755
  2.58446407  -4.19496870   6.54699802
  2.58446479  -4.19496870   6.54699755
  2.58446550  -4.19496870   6.54699755
  2.58446574  -4.19496870   6.54699898
  2.58446455  -4.19496870   6.54699898
  2.58446550  -4.19496870   6.54699945
20MABNDA000324_PR007 0.00000000
  2.59421062  -4.13997316   6.94679785
  2.59421349  -4.13997269   6.94680548
  2.59420872  -4.13997269   6.94680405
  2.59421492  -4.13997269   6.94679928
  2.59421325  -4.13997269   6.94679976
  2.59421277  -4.13997269   6.94680119
  2.59420919  -4.13997269   6.94680214
  2.59421372  -4.13997269   6.94680452
  2.59421468  -4.13997269   6.94680309
  2.59421015  -4.13997269   6.94680357
20MABNDB000001_PR017 0.00000000
 -2.59759426  -4.19505310   6.53851938
 -2.59759974  -4.19505310   6.53852367
 -2.59759641  -4.19505310   6.53852081
 -2.59759784  -4.19505310   6.53852367
 -2.59759712  -4.19505310   6.53852129
 -2.59760165  -4.19505310   6.53852320
 -2.59759665  -4.19505310   6.53852415
 -2.59759688  -4.19505310   6.53852081
 -2.59760237  -4.19505310   6.53852463
 -2.59759903  -4.19505310   6.53852367
20MABNDB000260_PR019 0.00000000
 -2.60447621  -4.13995934   6.94227648
 -2.60448074  -4.13995934   6.94227219
 -2.60448837  -4.13995934   6.94227362
 -2.60448718  -4.13995934   6.94228077
 -2.60448194  -4.13995934   6.94228172
 -2.60447884  -4.13995934   6.94228029
 -2.60448432  -4.13995934   6.94227076
 -2.60448194  -4.13995934   6.94228506
 -2.60447431  -4.13995934   6.94228077
 -2.60449100  -4.13995934   6.94227839


*****************************************************************Rapport********************************************************************************** 
CAM-JDA-US-IP_JDA-US-IP     2014.09.04.11.37.30   2.58446448  -4.19496870   6.54699685   0.00000096   0.00000000   0.00000216 0.00000000 VRAI 
CAM-JDA-US-HO_JDA-US-HO     2014.09.04.11.37.30   2.59421215  -4.13997273   6.94680209   0.00000216   0.00000014   0.00000238 0.00000000 VRAI 
CAM-JDA-USA-IP_JDA-USA-IP   2014.09.04.11.37.30  -2.59759820  -4.19505310   6.53852253   0.00000238   0.00000000   0.00000170 0.00000000 VRAI 
CAM-JDA-USA-HO_JDA-USA-HO   2014.09.04.11.37.30  -2.60448248  -4.13995934   6.94227800   0.00000506   0.00000000   0.00000438 0.00000000 VRAI 
