********** Fichier qui contient une sauvegarde des coordonnees images + coordonnees images transformees dans le repere BCAM (MOUNT) + coordonnees des prismes dans le repere MOUNT********** 
********************************************************************** Unite en metres (m)************************************************************************************************** 

*******************************************************************coordonnees images dans le repere CCD *********************************************************************************** 
20MABNDB000135_PR027
Spot 1 0.00185482 0.00124738
Spot 2 0.00209325 0.00124941
Spot 1 0.00185504 0.00124739
Spot 2 0.0020932 0.00124931
Spot 1 0.001855 0.00124754
Spot 2 0.00209337 0.00124935
Spot 1 0.00185486 0.0012474
Spot 2 0.00209329 0.00124924
Spot 1 0.00185489 0.00124732
Spot 2 0.00209326 0.00124941
Spot 1 0.001855 0.00124733
Spot 2 0.00209328 0.00124921
Spot 1 0.00185504 0.00124746
Spot 2 0.00209333 0.00124926
Spot 1 0.00185486 0.0012474
Spot 2 0.00209333 0.00124933
Spot 1 0.001855 0.00124727
Spot 2 0.00209329 0.00124941
20MABNDB000126_PR028
Spot 1 0.00184809 0.00140818
Spot 2 0.00153237 0.00140688
Spot 1 0.001848 0.00140805
Spot 2 0.00153231 0.00140682
Spot 1 0.00184811 0.00140811
Spot 2 0.00153233 0.00140693
Spot 1 0.00184804 0.00140811
Spot 2 0.00153233 0.00140677
Spot 1 0.00184806 0.0014081
Spot 2 0.00153245 0.00140672
Spot 1 0.00184807 0.00140813
Spot 2 0.0015324 0.00140701
Spot 1 0.00184808 0.00140812
Spot 2 0.00153236 0.0014068
Spot 1 0.00184808 0.00140822
Spot 2 0.00153238 0.00140689
20MABNDA000272_PR038
Spot 1 0.00203348 0.00138649
Spot 2 0.00179101 0.00138444
Spot 1 0.00203343 0.00138647
Spot 2 0.00179107 0.00138444
Spot 1 0.00203346 0.00138644
Spot 2 0.00179092 0.00138454
Spot 1 0.00203332 0.00138646
Spot 2 0.00179098 0.00138435
Spot 1 0.00203337 0.00138644
Spot 2 0.00179113 0.00138465
Spot 1 0.00203343 0.00138648
Spot 2 0.00179106 0.00138449
Spot 1 0.00203354 0.00138643
Spot 2 0.00179102 0.00138434
Spot 1 0.00203338 0.00138655
Spot 2 0.00179101 0.00138444
20MABNDA000003_PR039
Spot 1 0.00211582 0.00112536
Spot 2 0.00180225 0.00112699
Spot 1 0.00211591 0.0011253
Spot 2 0.00180213 0.00112702
Spot 1 0.0021158 0.00112528
Spot 2 0.00180221 0.00112707
Spot 1 0.0021158 0.00112534
Spot 2 0.00180225 0.00112701
Spot 1 0.00211575 0.00112538
Spot 2 0.00180222 0.001127
Spot 1 0.00211588 0.00112534
Spot 2 0.00180217 0.00112705
Spot 1 0.00211575 0.00112534
Spot 2 0.00180226 0.00112699
Spot 1 0.00211582 0.00112534
Spot 2 0.00180219 0.001127


****************************************************************coordonnees images transformees dans le repere MOUNT************************************************************************* 
20MABNDB000135_PR027
Spot 1 -0.0125462 -0.0128653 -0.074647
Spot 2 -0.0123077 -0.0128659 -0.074647
Spot 1 -0.0125459 -0.0128652 -0.074647
Spot 2 -0.0123078 -0.012866 -0.074647
Spot 1 -0.012546 -0.0128651 -0.074647
Spot 2 -0.0123076 -0.0128659 -0.074647
Spot 1 -0.0125461 -0.0128652 -0.074647
Spot 2 -0.0123077 -0.0128661 -0.074647
Spot 1 -0.0125461 -0.0128653 -0.074647
Spot 2 -0.0123077 -0.0128659 -0.074647
Spot 1 -0.012546 -0.0128653 -0.074647
Spot 2 -0.0123077 -0.0128661 -0.074647
Spot 1 -0.0125459 -0.0128652 -0.074647
Spot 2 -0.0123076 -0.012866 -0.074647
Spot 1 -0.0125461 -0.0128652 -0.074647
Spot 2 -0.0123076 -0.012866 -0.074647
Spot 1 -0.012546 -0.0128654 -0.074647
Spot 2 -0.0123077 -0.0128659 -0.074647
20MABNDB000126_PR028
Spot 1 -0.0123282 -0.0127729 -0.075004
Spot 2 -0.0126439 -0.0127759 -0.075004
Spot 1 -0.0123283 -0.012773 -0.075004
Spot 2 -0.012644 -0.0127759 -0.075004
Spot 1 -0.0123282 -0.012773 -0.075004
Spot 2 -0.012644 -0.0127758 -0.075004
Spot 1 -0.0123283 -0.012773 -0.075004
Spot 2 -0.012644 -0.012776 -0.075004
Spot 1 -0.0123283 -0.012773 -0.075004
Spot 2 -0.0126439 -0.012776 -0.075004
Spot 1 -0.0123283 -0.0127729 -0.075004
Spot 2 -0.0126439 -0.0127758 -0.075004
Spot 1 -0.0123282 -0.012773 -0.075004
Spot 2 -0.012644 -0.012776 -0.075004
Spot 1 -0.0123282 -0.0127729 -0.075004
Spot 2 -0.0126439 -0.0127759 -0.075004
20MABNDA000272_PR038
Spot 1 -0.0128699 0.0127252 -0.074179
Spot 2 -0.0126274 0.0127268 -0.074179
Spot 1 -0.0128699 0.0127252 -0.074179
Spot 2 -0.0126275 0.0127268 -0.074179
Spot 1 -0.0128699 0.0127252 -0.074179
Spot 2 -0.0126273 0.0127267 -0.074179
Spot 1 -0.0128697 0.0127252 -0.074179
Spot 2 -0.0126274 0.0127269 -0.074179
Spot 1 -0.0128698 0.0127252 -0.074179
Spot 2 -0.0126275 0.0127266 -0.074179
Spot 1 -0.0128699 0.0127252 -0.074179
Spot 2 -0.0126275 0.0127267 -0.074179
Spot 1 -0.01287 0.0127252 -0.074179
Spot 2 -0.0126274 0.0127269 -0.074179
Spot 1 -0.0128698 0.0127251 -0.074179
Spot 2 -0.0126274 0.0127268 -0.074179
20MABNDA000003_PR039
Spot 1 -0.0129149 0.0129272 -0.073734
Spot 2 -0.0126013 0.0129248 -0.073734
Spot 1 -0.012915 0.0129273 -0.073734
Spot 2 -0.0126012 0.0129247 -0.073734
Spot 1 -0.0129149 0.0129273 -0.073734
Spot 2 -0.0126013 0.0129247 -0.073734
Spot 1 -0.0129149 0.0129272 -0.073734
Spot 2 -0.0126013 0.0129247 -0.073734
Spot 1 -0.0129148 0.0129272 -0.073734
Spot 2 -0.0126013 0.0129248 -0.073734
Spot 1 -0.0129149 0.0129272 -0.073734
Spot 2 -0.0126012 0.0129247 -0.073734
Spot 1 -0.0129148 0.0129272 -0.073734
Spot 2 -0.0126013 0.0129248 -0.073734
Spot 1 -0.0129149 0.0129272 -0.073734
Spot 2 -0.0126012 0.0129248 -0.073734


*****************************************************************coordonnees du prisme dans le repere MOUNT********************************************************************************** 
20MABNDB000135_PR027
-0.0201829 -0.0220197 2.74936
-0.020186 -0.022018 2.74936
-0.0201885 -0.0220214 2.74936
-0.0201844 -0.0220169 2.74936
-0.0201844 -0.0220185 2.74936
-0.0201867 -0.022015 2.74936
-0.0201884 -0.0220183 2.74936
-0.0201851 -0.0220185 2.74936
-0.020187 -0.0220176 2.74936
20MABNDB000126_PR028
-0.0177041 -0.0217757 2.14694
-0.017702 -0.021773 2.14694
-0.0177039 -0.0217754 2.14694
-0.0177029 -0.0217731 2.14694
-0.0177049 -0.0217723 2.14694
-0.0177043 -0.0217768 2.14694
-0.0177039 -0.0217737 2.14694
-0.0177041 -0.0217764 2.14694
20MABNDA000272_PR038
-0.00954032 0.0267238 2.74962
-0.00954015 0.0267234 2.74962
-0.00954233 0.0267247 2.74962
-0.00954382 0.0267216 2.74962
-0.00954013 0.0267267 2.74962
-0.00954034 0.0267245 2.74962
-0.00953906 0.0267208 2.74962
-0.00954214 0.0267249 2.74962
20MABNDA000003_PR039
-0.0111601 0.0183764 2.1491
-0.0111605 0.018376 2.1491
-0.0111609 0.0183764 2.1491
-0.0111604 0.0183764 2.1491
-0.0111615 0.0183768 2.1491
-0.0111604 0.018377 2.1491
-0.0111609 0.0183761 2.1491
-0.0111609 0.0183763 2.1491


*****************************************************************coordonnees du prisme dans le repere ATLAS********************************************************************************** 
20MABNDB000135_PR027
2.60132 -4.19783 -3.81195
2.60131 -4.19783 -3.81195
2.60131 -4.19783 -3.81195
2.60132 -4.19783 -3.81195
2.60132 -4.19783 -3.81195
2.60131 -4.19783 -3.81195
2.60131 -4.19783 -3.81195
2.60132 -4.19783 -3.81195
2.60131 -4.19783 -3.81195
20MABNDB000126_PR028
2.6082 -4.19695 -5.91044
2.60821 -4.19695 -5.91045
2.6082 -4.19695 -5.91044
2.60821 -4.19695 -5.91045
2.6082 -4.19695 -5.91045
2.6082 -4.19695 -5.91044
2.6082 -4.19695 -5.91045
2.6082 -4.19695 -5.91044
20MABNDA000272_PR038
-2.61499 -4.19702 -3.81176
-2.61499 -4.19702 -3.81176
-2.61499 -4.19702 -3.81176
-2.61499 -4.19702 -3.81176
-2.61499 -4.19702 -3.81176
-2.61499 -4.19702 -3.81176
-2.61499 -4.19702 -3.81176
-2.61499 -4.19702 -3.81176
20MABNDA000003_PR039
-2.61056 -4.19693 -5.91439
-2.61056 -4.19693 -5.91439
-2.61056 -4.19693 -5.91439
-2.61056 -4.19693 -5.91439
-2.61056 -4.19693 -5.91439
-2.61056 -4.19693 -5.91439
-2.61056 -4.19693 -5.91439
-2.61056 -4.19693 -5.91439


*****************************************************************Rapport********************************************************************************** 
CAM-EBC-US-IP_EBC-US-IP 2014.08.13.15.36.26 2.60131 -4.19783 -3.81195 1.78809e-06 0 1.66367e-06 VRAI 
CAM-EBC-US-HO_EBC-US-HO 2014.08.13.15.36.26 2.6082 -4.19695 -5.91044 8.51325e-07 2.38419e-07 1.65181e-06 VRAI 
CAM-EBC-USA-IP_EBC-USA-IP 2014.08.13.15.36.26 -2.61499 -4.19702 -3.81176 1.47935e-06 0 1.80298e-06 VRAI 
CAM-EBC-USA-HO_EBC-USA-HO 2014.08.13.15.36.26 -2.61056 -4.19693 -5.91439 4.11876e-07 0 3.72231e-07 VRAI 
