********** Fichier qui contient une sauvegarde des coordonnees images + coordonnees images transformees dans le repere BCAM (MOUNT) + coordonnees des prismes dans le repere MOUNT********** 
********************************************************************** Unite en metres (m)************************************************************************************************** 

*******************************************************************coordonnees images dans le repere CCD *********************************************************************************** 
20MABNDB000135_PR027
Spot 1 0.002835 0.001165
Spot 2 0.003375 2.5e-05
Spot 1 0.002835 0.001165
Spot 2 0.003375 2.5e-05
Spot 1 0.002835 0.001165
Spot 2 0.003375 2.5e-05
Spot 1 0.002835 0.001165
Spot 2 0.003375 2.5e-05
Spot 1 0.002835 0.001165
Spot 2 0.003375 2.5e-05
Spot 1 0.002835 0.001165
Spot 2 0.003375 2.5e-05
20MABNDB000126_PR028
Spot 1 0.001615 9.5e-05
Spot 2 0.00328382 0.00033618
Spot 1 0.001615 9.5e-05
Spot 2 0.00328357 0.00033643
Spot 1 0.001615 9.5e-05
Spot 2 0.00328382 0.00033618
Spot 1 0.001615 9.5e-05
Spot 2 0.0032835 0.0003365
Spot 1 0.000375 0.001175
Spot 2 0.002665 0.002195
20MABNDA000272_PR038
Spot 1 0.000705 0.000125
Spot 2 0.003265 5.5e-05
Spot 1 0.000255 2.5e-05
Spot 2 0.000985 0.000105
Spot 1 0.003265 5.5e-05
Spot 2 0.000985 0.000105
Spot 1 0.000985 0.000105
Spot 2 0.000255 2.5e-05
Spot 1 0.003265 5.5e-05
Spot 2 0.000255 2.5e-05
20MABNDA000003_PR039
Spot 1 0.001035 5.5e-05
Spot 2 0.001635 0.000185
Spot 1 0.001035 5.5e-05
Spot 2 0.001635 0.000185
Spot 1 0.001035 5.5e-05
Spot 2 0.001635 0.000185
Spot 1 0.001035 5.5e-05
Spot 2 0.001635 0.000185
Spot 1 0.001035 5.5e-05
Spot 2 0.001385 7.5e-05


****************************************************************coordonnees images transformees dans le repere MOUNT************************************************************************* 
20MABNDB000135_PR027
Spot 1 -0.011567 -0.0129585 -0.074647
Spot 2 -0.0110397 -0.0141045 -0.074647
Spot 1 -0.011567 -0.0129585 -0.074647
Spot 2 -0.0110397 -0.0141045 -0.074647
Spot 1 -0.011567 -0.0129585 -0.074647
Spot 2 -0.0110397 -0.0141045 -0.074647
Spot 1 -0.011567 -0.0129585 -0.074647
Spot 2 -0.0110397 -0.0141045 -0.074647
Spot 1 -0.011567 -0.0129585 -0.074647
Spot 2 -0.0110397 -0.0141045 -0.074647
Spot 1 -0.011567 -0.0129585 -0.074647
Spot 2 -0.0110397 -0.0141045 -0.074647
20MABNDB000126_PR028
Spot 1 -0.0125543 -0.0140873 -0.075004
Spot 2 -0.0108868 -0.0138372 -0.075004
Spot 1 -0.0125543 -0.0140873 -0.075004
Spot 2 -0.0108871 -0.013837 -0.075004
Spot 1 -0.0125543 -0.0140873 -0.075004
Spot 2 -0.0108868 -0.0138372 -0.075004
Spot 1 -0.0125543 -0.0140873 -0.075004
Spot 2 -0.0108871 -0.0138369 -0.075004
Spot 1 -0.0138001 -0.0130139 -0.075004
Spot 2 -0.0115155 -0.0119817 -0.075004
20MABNDA000272_PR038
Spot 1 -0.0115392 0.0139843 -0.074179
Spot 2 -0.0140991 0.0140588 -0.074179
Spot 1 -0.011089 0.0140835 -0.074179
Spot 2 -0.0118192 0.0140048 -0.074179
Spot 1 -0.0140991 0.0140588 -0.074179
Spot 2 -0.0118192 0.0140048 -0.074179
Spot 1 -0.0118192 0.0140048 -0.074179
Spot 2 -0.011089 0.0140835 -0.074179
Spot 1 -0.0140991 0.0140588 -0.074179
Spot 2 -0.011089 0.0140835 -0.074179
20MABNDA000003_PR039
Spot 1 -0.0118313 0.0139948 -0.073734
Spot 2 -0.0124317 0.0138663 -0.073734
Spot 1 -0.0118313 0.0139948 -0.073734
Spot 2 -0.0124317 0.0138663 -0.073734
Spot 1 -0.0118313 0.0139948 -0.073734
Spot 2 -0.0124317 0.0138663 -0.073734
Spot 1 -0.0118313 0.0139948 -0.073734
Spot 2 -0.0124317 0.0138663 -0.073734
Spot 1 -0.0118313 0.0139948 -0.073734
Spot 2 -0.0121814 0.0139757 -0.073734


*****************************************************************coordonnees du prisme dans le repere MOUNT********************************************************************************** 
20MABNDB000135_PR027
-0.0613805 0.00239963 2.74891
-0.0613805 0.00239963 2.74891
-0.0613805 0.00239963 2.74891
-0.0613805 0.00239963 2.74891
-0.0613805 0.00239963 2.74891
-0.0613805 0.00239963 2.74891
20MABNDB000126_PR028
-0.039524 0.012084 2.14665
-0.0395204 0.0120805 2.14665
-0.039524 0.012084 2.14665
-0.0395194 0.0120795 2.14665
-0.0128093 -0.0296594 2.1469
20MABNDA000272_PR038
-0.00695824 -0.0207527 2.74945
-0.0569731 -0.0215758 2.74908
-0.00182926 -0.021128 2.74943
-0.0569733 -0.0215758 2.74908
-0.0152069 -0.0225701 2.74943
20MABNDA000003_PR039
-0.0290688 -0.0103365 2.14892
-0.0290688 -0.0103365 2.14892
-0.0290688 -0.0103365 2.14892
-0.0290688 -0.0103365 2.14892
-0.0326451 -0.0118988 2.14887


*****************************************************************coordonnees du prisme dans le repere ATLAS********************************************************************************** 
20MABNDB000135_PR027 0.003
2.55998 -4.19452 -3.83613
2.55998 -4.19452 -3.83613
2.55998 -4.19452 -3.83613
2.55998 -4.19452 -3.83613
2.55998 -4.19452 -3.83613
2.55998 -4.19452 -3.83613
20MABNDB000126_PR028 0.003
2.58637 -4.19438 -5.94429
2.58637 -4.19438 -5.94429
2.58637 -4.19438 -5.94429
2.58637 -4.19438 -5.94429
2.6131 -4.19396 -5.90256
20MABNDA000272_PR038 0.003
-2.61758 -4.1942 -3.85924
-2.56757 -4.19454 -3.86007
-2.62271 -4.19422 -3.85961
-2.56757 -4.19454 -3.86007
-2.60933 -4.19422 -3.86106
20MABNDA000003_PR039 0.003
-2.59265 -4.19425 -5.9431
-2.59265 -4.19425 -5.9431
-2.59265 -4.19425 -5.9431
-2.59265 -4.19425 -5.9431
-2.58908 -4.1943 -5.94466


*****************************************************************Rapport********************************************************************************** 
CAM-EBC-US-IP_EBC-US-IP 2014.08.20.16.02.30 2.55998 -4.19452 -3.83613 0 0 0 0.003 VRAI 
CAM-EBC-US-HO_EBC-US-HO 2014.08.20.16.02.30 2.59172 -4.1943 -5.93594 0.0106936 0.000170517 0.0166906 0.003 VRAI 
CAM-EBC-USA-IP_EBC-USA-IP 2014.08.20.16.02.30 -2.59695 -4.19435 -3.86001 0.0243696 0.000161418 0.000609482 0.003 VRAI 
CAM-EBC-USA-HO_EBC-USA-HO 2014.08.20.16.02.30 -2.59194 -4.19426 -5.94341 0.00143051 2.25067e-05 0.000624657 0.003 VRAI 
