********** Fichier qui contient une sauvegarde des coordonnees images + coordonnees images transformees dans le repere BCAM (MOUNT) + coordonnees des prismes dans le repere MOUNT********** 
********************************************************************** Unite en metres (m)************************************************************************************************** 

*******************************************************************coordonnees images dans le repere CCD *********************************************************************************** 
20MABNDA000196_PR006
Spot 1   0.00198227   0.00074769
Spot 2   0.00161165   0.00074321
Spot 1   0.00198211   0.00074764
Spot 2   0.00161176   0.00074318
Spot 1   0.00198227   0.00074762
Spot 2   0.00161175   0.00074315
Spot 1   0.00198231   0.00074772
Spot 2   0.00161172   0.00074312
Spot 1   0.00198229   0.00074774
Spot 2   0.00161179   0.00074331
Spot 1   0.00198230   0.00074770
Spot 2   0.00161169   0.00074323
Spot 1   0.00198225   0.00074782
Spot 2   0.00161168   0.00074340
Spot 1   0.00198215   0.00074781
Spot 2   0.00161164   0.00074322
Spot 1   0.00198218   0.00074792
Spot 2   0.00161175   0.00074343
Spot 1   0.00198222   0.00074781
Spot 2   0.00161169   0.00074347
Spot 1   0.00198225   0.00074789
Spot 2   0.00161157   0.00074339
20MABNDA000324_PR007
Spot 1   0.00195216   0.00121318
Spot 2   0.00174607   0.00121902
Spot 1   0.00195214   0.00121309
Spot 2   0.00174614   0.00121897
Spot 1   0.00195214   0.00121322
Spot 2   0.00174612   0.00121915
Spot 1   0.00195215   0.00121323
Spot 2   0.00174616   0.00121909
Spot 1   0.00195203   0.00121311
Spot 2   0.00174587   0.00121904
Spot 1   0.00195220   0.00121322
Spot 2   0.00174626   0.00121914
Spot 1   0.00195204   0.00121327
Spot 2   0.00174618   0.00121909
Spot 1   0.00195195   0.00121317
Spot 2   0.00174615   0.00121910
Spot 1   0.00195200   0.00121319
Spot 2   0.00174623   0.00121927
Spot 1   0.00195208   0.00121330
Spot 2   0.00174595   0.00121923
20MABNDB000001_PR017
Spot 1   0.00187216   0.00046735
Spot 2   0.00224194   0.00047651
Spot 1   0.00187211   0.00046734
Spot 2   0.00224197   0.00047645
Spot 1   0.00187217   0.00046752
Spot 2   0.00224187   0.00047673
Spot 1   0.00187209   0.00046742
Spot 2   0.00224174   0.00047657
Spot 1   0.00187213   0.00046740
Spot 2   0.00224178   0.00047665
Spot 1   0.00187206   0.00046747
Spot 2   0.00224174   0.00047653
Spot 1   0.00187216   0.00046741
Spot 2   0.00224176   0.00047654
Spot 1   0.00187205   0.00046753
Spot 2   0.00224157   0.00047661
Spot 1   0.00187219   0.00046758
Spot 2   0.00224190   0.00047651
Spot 1   0.00187223   0.00046738
Spot 2   0.00224194   0.00047645
20MABNDB000260_PR019
Spot 1   0.00192880   0.00149865
Spot 2   0.00213333   0.00149923
Spot 1   0.00192865   0.00149891
Spot 2   0.00213316   0.00149921
Spot 1   0.00192857   0.00149871
Spot 2   0.00213300   0.00149940
Spot 1   0.00192843   0.00149895
Spot 2   0.00213279   0.00149968
Spot 1   0.00192869   0.00149873
Spot 2   0.00213316   0.00149947
Spot 1   0.00192862   0.00149891
Spot 2   0.00213318   0.00149955
Spot 1   0.00192857   0.00149864
Spot 2   0.00213316   0.00149921
Spot 1   0.00192848   0.00149885
Spot 2   0.00213300   0.00149913
Spot 1   0.00192843   0.00149872
Spot 2   0.00213316   0.00149947
Spot 1   0.00192839   0.00149886
Spot 2   0.00213316   0.00149947


****************************************************************coordonnees images transformees dans le repere MOUNT************************************************************************* 
20MABNDA000196_PR006
Spot 1  -0.01293721   0.01323049  -0.07967100
Spot 2  -0.01256657   0.01323020  -0.07967100
Spot 1  -0.01293705   0.01323054  -0.07967100
Spot 2  -0.01256668   0.01323023  -0.07967100
Spot 1  -0.01293721   0.01323056  -0.07967100
Spot 2  -0.01256667   0.01323026  -0.07967100
Spot 1  -0.01293725   0.01323046  -0.07967100
Spot 2  -0.01256664   0.01323029  -0.07967100
Spot 1  -0.01293723   0.01323044  -0.07967100
Spot 2  -0.01256671   0.01323010  -0.07967100
Spot 1  -0.01293724   0.01323048  -0.07967100
Spot 2  -0.01256661   0.01323018  -0.07967100
Spot 1  -0.01293719   0.01323036  -0.07967100
Spot 2  -0.01256660   0.01323001  -0.07967100
Spot 1  -0.01293710   0.01323037  -0.07967100
Spot 2  -0.01256656   0.01323019  -0.07967100
Spot 1  -0.01293713   0.01323026  -0.07967100
Spot 2  -0.01256667   0.01322998  -0.07967100
Spot 1  -0.01293716   0.01323037  -0.07967100
Spot 2  -0.01256661   0.01322994  -0.07967100
Spot 1  -0.01293720   0.01323029  -0.07967100
Spot 2  -0.01256649   0.01323002  -0.07967100
20MABNDA000324_PR007
Spot 1  -0.01255787   0.01280836  -0.07446800
Spot 2  -0.01235174   0.01280413  -0.07446800
Spot 1  -0.01255785   0.01280845  -0.07446800
Spot 2  -0.01235181   0.01280418  -0.07446800
Spot 1  -0.01255784   0.01280832  -0.07446800
Spot 2  -0.01235178   0.01280400  -0.07446800
Spot 1  -0.01255785   0.01280831  -0.07446800
Spot 2  -0.01235182   0.01280406  -0.07446800
Spot 1  -0.01255774   0.01280843  -0.07446800
Spot 2  -0.01235154   0.01280411  -0.07446800
Spot 1  -0.01255790   0.01280832  -0.07446800
Spot 2  -0.01235192   0.01280401  -0.07446800
Spot 1  -0.01255774   0.01280827  -0.07446800
Spot 2  -0.01235184   0.01280406  -0.07446800
Spot 1  -0.01255765   0.01280837  -0.07446800
Spot 2  -0.01235181   0.01280405  -0.07446800
Spot 1  -0.01255770   0.01280835  -0.07446800
Spot 2  -0.01235189   0.01280388  -0.07446800
Spot 1  -0.01255778   0.01280824  -0.07446800
Spot 2  -0.01235161   0.01280392  -0.07446800
20MABNDB000001_PR017
Spot 1  -0.01231590  -0.01352202  -0.07418400
Spot 2  -0.01194604  -0.01351677  -0.07418400
Spot 1  -0.01231595  -0.01352203  -0.07418400
Spot 2  -0.01194601  -0.01351683  -0.07418400
Spot 1  -0.01231589  -0.01352185  -0.07418400
Spot 2  -0.01194611  -0.01351655  -0.07418400
Spot 1  -0.01231597  -0.01352195  -0.07418400
Spot 2  -0.01194624  -0.01351671  -0.07418400
Spot 1  -0.01231593  -0.01352197  -0.07418400
Spot 2  -0.01194620  -0.01351663  -0.07418400
Spot 1  -0.01231600  -0.01352190  -0.07418400
Spot 2  -0.01194624  -0.01351675  -0.07418400
Spot 1  -0.01231590  -0.01352196  -0.07418400
Spot 2  -0.01194622  -0.01351674  -0.07418400
Spot 1  -0.01231601  -0.01352184  -0.07418400
Spot 2  -0.01194641  -0.01351667  -0.07418400
Spot 1  -0.01231587  -0.01352179  -0.07418400
Spot 2  -0.01194608  -0.01351677  -0.07418400
Spot 1  -0.01231583  -0.01352199  -0.07418400
Spot 2  -0.01194604  -0.01351683  -0.07418400
20MABNDB000260_PR019
Spot 1  -0.01240246  -0.01240376  -0.07492700
Spot 2  -0.01219798  -0.01239899  -0.07492700
Spot 1  -0.01240261  -0.01240351  -0.07492700
Spot 2  -0.01219815  -0.01239901  -0.07492700
Spot 1  -0.01240269  -0.01240371  -0.07492700
Spot 2  -0.01219832  -0.01239883  -0.07492700
Spot 1  -0.01240283  -0.01240347  -0.07492700
Spot 2  -0.01219853  -0.01239855  -0.07492700
Spot 1  -0.01240257  -0.01240369  -0.07492700
Spot 2  -0.01219816  -0.01239875  -0.07492700
Spot 1  -0.01240264  -0.01240351  -0.07492700
Spot 2  -0.01219814  -0.01239867  -0.07492700
Spot 1  -0.01240269  -0.01240378  -0.07492700
Spot 2  -0.01219815  -0.01239901  -0.07492700
Spot 1  -0.01240278  -0.01240357  -0.07492700
Spot 2  -0.01219831  -0.01239910  -0.07492700
Spot 1  -0.01240283  -0.01240370  -0.07492700
Spot 2  -0.01219816  -0.01239875  -0.07492700
Spot 1  -0.01240287  -0.01240356  -0.07492700
Spot 2  -0.01219816  -0.01239875  -0.07492700


*****************************************************************coordonnees du prisme dans le repere MOUNT********************************************************************************** 
20MABNDA000196_PR006
 -0.01053040   0.01031354   1.64206481
 -0.01053097   0.01031267   1.64206481
 -0.01052933   0.01031211   1.64206481
 -0.01052921   0.01031287   1.64206481
 -0.01052864   0.01031515   1.64206481
 -0.01052964   0.01031386   1.64206481
 -0.01053025   0.01031703   1.64206481
 -0.01053181   0.01031498   1.64206481
 -0.01053024   0.01031846   1.64206481
 -0.01053046   0.01031768   1.64206481
 -0.01053145   0.01031770   1.64206481
20MABNDA000324_PR007
 -0.02509574   0.02789710   2.95549226
 -0.02509475   0.02789437   2.95549226
 -0.02509519   0.02790045   2.95549226
 -0.02509420   0.02789948   2.95549226
 -0.02510223   0.02789607   2.95549226
 -0.02509125   0.02790031   2.95549226
 -0.02509598   0.02790025   2.95549226
 -0.02509833   0.02789847   2.95549226
 -0.02509578   0.02790223   2.95549226
 -0.02509974   0.02790357   2.95549226
20MABNDB000001_PR017
 -0.02383805  -0.00346839   1.64036572
 -0.02383782  -0.00346763   1.64036572
 -0.02383743  -0.00347265   1.64036572
 -0.02383511  -0.00346984   1.64036572
 -0.02383599  -0.00347049   1.64036572
 -0.02383479  -0.00346996   1.64036572
 -0.02383609  -0.00346939   1.64036572
 -0.02383283  -0.00347150   1.64036572
 -0.02383796  -0.00347090   1.64036572
 -0.02383880  -0.00346805   1.64036572
20MABNDB000260_PR019
 -0.02463318  -0.03821148   2.95627499
 -0.02462678  -0.03821608   2.95627499
 -0.02462207  -0.03821577   2.95627499
 -0.02461497  -0.03822587   2.95627499
 -0.02462756  -0.03821766   2.95627499
 -0.02462645  -0.03822276   2.95627499
 -0.02462532  -0.03821073   2.95627499
 -0.02462035  -0.03821320   2.95627499
 -0.02462244  -0.03821737   2.95627499
 -0.02462159  -0.03822010   2.95627499


*****************************************************************coordonnees du prisme dans le repere ATLAS********************************************************************************** 
20MABNDA000196_PR006 0.00000000
  2.58499050  -4.19496346   6.54826641
  2.58499098  -4.19496346   6.54826546
  2.58498931  -4.19496346   6.54826450
  2.58498931  -4.19496346   6.54826546
  2.58498859  -4.19496346   6.54826784
  2.58498979  -4.19496346   6.54826641
  2.58499026  -4.19496346   6.54826975
  2.58499193  -4.19496346   6.54826784
  2.58499026  -4.19496346   6.54827118
  2.58499050  -4.19496346   6.54827023
  2.58499146  -4.19496346   6.54827023
20MABNDA000324_PR007 0.00000000
  2.59422183  -4.13996601   6.94801569
  2.59422278  -4.13996601   6.94801855
  2.59422255  -4.13996601   6.94801235
  2.59422350  -4.13996601   6.94801331
  2.59421539  -4.13996601   6.94801664
  2.59422636  -4.13996601   6.94801283
  2.59422159  -4.13996601   6.94801283
  2.59421921  -4.13996601   6.94801426
  2.59422183  -4.13996601   6.94801044
  2.59421802  -4.13996601   6.94800949
20MABNDB000001_PR017 0.00000000
 -2.59754300  -4.19505072   6.53879023
 -2.59754276  -4.19505072   6.53878927
 -2.59754229  -4.19505072   6.53879452
 -2.59753990  -4.19505072   6.53879166
 -2.59754086  -4.19505072   6.53879213
 -2.59753966  -4.19505072   6.53879166
 -2.59754109  -4.19505072   6.53879118
 -2.59753776  -4.19505072   6.53879309
 -2.59754276  -4.19505072   6.53879261
 -2.59754372  -4.19505072   6.53878975
20MABNDB000260_PR019 0.00000000
 -2.60412192  -4.13995934   6.94243383
 -2.60412836  -4.13995934   6.94242954
 -2.60413289  -4.13995934   6.94242954
 -2.60414004  -4.13995934   6.94241953
 -2.60412741  -4.13995934   6.94242764
 -2.60412860  -4.13995934   6.94242287
 -2.60412979  -4.13995934   6.94243479
 -2.60413480  -4.13995934   6.94243240
 -2.60413265  -4.13995934   6.94242811
 -2.60413337  -4.13995934   6.94242525


*****************************************************************Rapport********************************************************************************** 
CAM-JDA-US-IP_JDA-US-IP     2014.09.12.15.03.35   2.58499026  -4.19496346   6.54826775   0.00000094   0.00000000   0.00000219 0.00000000 VRAI 
CAM-JDA-US-HO_JDA-US-HO     2014.09.12.15.03.35   2.59422131  -4.13996601   6.94801364   0.00000291   0.00000000   0.00000261 0.00000000 VRAI 
CAM-JDA-USA-IP_JDA-USA-IP   2014.09.12.15.03.35  -2.59754138  -4.19505072   6.53879161   0.00000177   0.00000000   0.00000151 0.00000000 VRAI 
CAM-JDA-USA-HO_JDA-USA-HO   2014.09.12.15.03.35  -2.60413098  -4.13995934   6.94242835   0.00000466   0.00000000   0.00000457 0.00000000 VRAI 
