********** Fichier qui contient une sauvegarde des coordonnees images + coordonnees images transformees dans le repere BCAM (MOUNT) + coordonnees des prismes dans le repere MOUNT********** 
********************************************************************** Unite en metres (m)************************************************************************************************** 

*******************************************************************coordonnees images dans le repere CCD *********************************************************************************** 
20MABNDA000196_PR006
Spot 1   0.00200668   0.00068939
Spot 2   0.00163571   0.00068544
Spot 1   0.00200672   0.00068937
Spot 2   0.00163572   0.00068545
Spot 1   0.00200661   0.00068937
Spot 2   0.00163589   0.00068554
Spot 1   0.00200673   0.00068942
Spot 2   0.00163585   0.00068558
Spot 1   0.00200678   0.00068959
Spot 2   0.00163589   0.00068567
Spot 1   0.00200665   0.00068970
Spot 2   0.00163562   0.00068567
Spot 1   0.00200691   0.00068958
Spot 2   0.00163558   0.00068572
Spot 1   0.00200670   0.00068967
Spot 2   0.00163576   0.00068558
Spot 1   0.00200677   0.00068966
Spot 2   0.00163579   0.00068588
Spot 1   0.00200673   0.00068969
Spot 2   0.00163580   0.00068563
Spot 1   0.00200670   0.00068962
Spot 2   0.00163572   0.00068563
20MABNDA000324_PR007
Spot 1   0.00195298   0.00124420
Spot 2   0.00174536   0.00124956
Spot 1   0.00195269   0.00124386
Spot 2   0.00174528   0.00124950
Spot 1   0.00195287   0.00124413
Spot 2   0.00174516   0.00124962
Spot 1   0.00195283   0.00124420
Spot 2   0.00174524   0.00124956
Spot 1   0.00195286   0.00124411
Spot 2   0.00174545   0.00124965
Spot 1   0.00195293   0.00124402
Spot 2   0.00174520   0.00124957
Spot 1   0.00195289   0.00124425
Spot 2   0.00174545   0.00124963
Spot 1   0.00195277   0.00124412
Spot 2   0.00174533   0.00124957
Spot 1   0.00195290   0.00124405
Spot 2   0.00174532   0.00124966
Spot 1   0.00195291   0.00124428
Spot 2   0.00174520   0.00124974
20MABNDB000001_PR017
Spot 1   0.00187496   0.00045470
Spot 2   0.00224487   0.00046385
Spot 1   0.00187495   0.00045479
Spot 2   0.00224496   0.00046385
Spot 1   0.00187525   0.00045484
Spot 2   0.00224496   0.00046404
Spot 1   0.00187487   0.00045471
Spot 2   0.00224491   0.00046372
Spot 1   0.00187510   0.00045480
Spot 2   0.00224496   0.00046390
Spot 1   0.00187482   0.00045475
Spot 2   0.00224496   0.00046381
Spot 1   0.00187503   0.00045486
Spot 2   0.00224496   0.00046385
Spot 1   0.00187486   0.00045485
Spot 2   0.00224500   0.00046394
Spot 1   0.00187480   0.00045485
Spot 2   0.00224496   0.00046395
Spot 1   0.00187500   0.00045496
Spot 2   0.00224487   0.00046389
20MABNDB000260_PR019
Spot 1   0.00192047   0.00150402
Spot 2   0.00212321   0.00150286
Spot 1   0.00192049   0.00150417
Spot 2   0.00212315   0.00150278
Spot 1   0.00192065   0.00150407
Spot 2   0.00212352   0.00150241
Spot 1   0.00192054   0.00150400
Spot 2   0.00212372   0.00150269
Spot 1   0.00192084   0.00150400
Spot 2   0.00212532   0.00150210
Spot 1   0.00192064   0.00150414
Spot 2   0.00212389   0.00150333
Spot 1   0.00192064   0.00150404
Spot 2   0.00212346   0.00150231
Spot 1   0.00192056   0.00150418
Spot 2   0.00212338   0.00150284
Spot 1   0.00192054   0.00150392
Spot 2   0.00212419   0.00150284
Spot 1   0.00192054   0.00150414
Spot 2   0.00212379   0.00150258


****************************************************************coordonnees images transformees dans le repere MOUNT************************************************************************* 
20MABNDA000196_PR006
Spot 1  -0.01296087   0.01328910  -0.07967100
Spot 2  -0.01258988   0.01328828  -0.07967100
Spot 1  -0.01296091   0.01328912  -0.07967100
Spot 2  -0.01258989   0.01328827  -0.07967100
Spot 1  -0.01296080   0.01328912  -0.07967100
Spot 2  -0.01259006   0.01328818  -0.07967100
Spot 1  -0.01296092   0.01328907  -0.07967100
Spot 2  -0.01259002   0.01328814  -0.07967100
Spot 1  -0.01296097   0.01328890  -0.07967100
Spot 2  -0.01259006   0.01328805  -0.07967100
Spot 1  -0.01296085   0.01328879  -0.07967100
Spot 2  -0.01258979   0.01328805  -0.07967100
Spot 1  -0.01296110   0.01328891  -0.07967100
Spot 2  -0.01258976   0.01328800  -0.07967100
Spot 1  -0.01296089   0.01328882  -0.07967100
Spot 2  -0.01258993   0.01328814  -0.07967100
Spot 1  -0.01296096   0.01328883  -0.07967100
Spot 2  -0.01258997   0.01328784  -0.07967100
Spot 1  -0.01296093   0.01328880  -0.07967100
Spot 2  -0.01258997   0.01328809  -0.07967100
Spot 1  -0.01296089   0.01328887  -0.07967100
Spot 2  -0.01258989   0.01328809  -0.07967100
20MABNDA000324_PR007
Spot 1  -0.01255844   0.01277733  -0.07446800
Spot 2  -0.01235079   0.01277360  -0.07446800
Spot 1  -0.01255815   0.01277768  -0.07446800
Spot 2  -0.01235071   0.01277366  -0.07446800
Spot 1  -0.01255833   0.01277740  -0.07446800
Spot 2  -0.01235059   0.01277354  -0.07446800
Spot 1  -0.01255829   0.01277734  -0.07446800
Spot 2  -0.01235067   0.01277360  -0.07446800
Spot 1  -0.01255832   0.01277743  -0.07446800
Spot 2  -0.01235088   0.01277350  -0.07446800
Spot 1  -0.01255839   0.01277751  -0.07446800
Spot 2  -0.01235063   0.01277359  -0.07446800
Spot 1  -0.01255835   0.01277728  -0.07446800
Spot 2  -0.01235088   0.01277352  -0.07446800
Spot 1  -0.01255823   0.01277742  -0.07446800
Spot 2  -0.01235076   0.01277359  -0.07446800
Spot 1  -0.01255836   0.01277748  -0.07446800
Spot 2  -0.01235075   0.01277350  -0.07446800
Spot 1  -0.01255837   0.01277725  -0.07446800
Spot 2  -0.01235063   0.01277342  -0.07446800
20MABNDB000001_PR017
Spot 1  -0.01231323  -0.01353470  -0.07418400
Spot 2  -0.01194325  -0.01352946  -0.07418400
Spot 1  -0.01231324  -0.01353461  -0.07418400
Spot 2  -0.01194316  -0.01352947  -0.07418400
Spot 1  -0.01231294  -0.01353456  -0.07418400
Spot 2  -0.01194315  -0.01352928  -0.07418400
Spot 1  -0.01231332  -0.01353469  -0.07418400
Spot 2  -0.01194321  -0.01352959  -0.07418400
Spot 1  -0.01231309  -0.01353460  -0.07418400
Spot 2  -0.01194316  -0.01352942  -0.07418400
Spot 1  -0.01231337  -0.01353465  -0.07418400
Spot 2  -0.01194316  -0.01352951  -0.07418400
Spot 1  -0.01231316  -0.01353454  -0.07418400
Spot 2  -0.01194316  -0.01352947  -0.07418400
Spot 1  -0.01231333  -0.01353455  -0.07418400
Spot 2  -0.01194311  -0.01352938  -0.07418400
Spot 1  -0.01231339  -0.01353455  -0.07418400
Spot 2  -0.01194315  -0.01352937  -0.07418400
Spot 1  -0.01231319  -0.01353444  -0.07418400
Spot 2  -0.01194325  -0.01352942  -0.07418400
20MABNDB000260_PR019
Spot 1  -0.01241090  -0.01239857  -0.07492700
Spot 2  -0.01220817  -0.01239557  -0.07492700
Spot 1  -0.01241088  -0.01239842  -0.07492700
Spot 2  -0.01220823  -0.01239565  -0.07492700
Spot 1  -0.01241072  -0.01239851  -0.07492700
Spot 2  -0.01220786  -0.01239601  -0.07492700
Spot 1  -0.01241083  -0.01239858  -0.07492700
Spot 2  -0.01220766  -0.01239573  -0.07492700
Spot 1  -0.01241053  -0.01239858  -0.07492700
Spot 2  -0.01220605  -0.01239629  -0.07492700
Spot 1  -0.01241073  -0.01239844  -0.07492700
Spot 2  -0.01220751  -0.01239508  -0.07492700
Spot 1  -0.01241073  -0.01239854  -0.07492700
Spot 2  -0.01220791  -0.01239611  -0.07492700
Spot 1  -0.01241081  -0.01239840  -0.07492700
Spot 2  -0.01220800  -0.01239559  -0.07492700
Spot 1  -0.01241082  -0.01239866  -0.07492700
Spot 2  -0.01220720  -0.01239557  -0.07492700
Spot 1  -0.01241083  -0.01239844  -0.07492700
Spot 2  -0.01220759  -0.01239584  -0.07492700


*****************************************************************coordonnees du prisme dans le repere MOUNT********************************************************************************** 
20MABNDA000196_PR006
 -0.01001727   0.00903889   1.64206147
 -0.01001672   0.00903877   1.64206147
 -0.01001605   0.00903976   1.64206147
 -0.01001516   0.00904072   1.64206147
 -0.01001415   0.00904354   1.64206147
 -0.01001850   0.00904480   1.64206147
 -0.01001610   0.00904401   1.64206147
 -0.01001645   0.00904346   1.64206147
 -0.01001532   0.00904662   1.64206147
 -0.01001566   0.00904421   1.64206147
 -0.01001687   0.00904348   1.64206147
20MABNDA000324_PR007
 -0.02510301   0.02910851   2.95548606
 -0.02511025   0.02910058   2.95548606
 -0.02510913   0.02910827   2.95548606
 -0.02510833   0.02910846   2.95548606
 -0.02510362   0.02910851   2.95548606
 -0.02510712   0.02910514   2.95548606
 -0.02510303   0.02911088   2.95548606
 -0.02510774   0.02910710   2.95548606
 -0.02510538   0.02910752   2.95548606
 -0.02510759   0.02911359   2.95548582
20MABNDB000001_PR017
 -0.02389772  -0.00319114   1.64036357
 -0.02389861  -0.00319211   1.64036357
 -0.02390191  -0.00319470   1.64036357
 -0.02389717  -0.00318983   1.64036357
 -0.02390025  -0.00319276   1.64036357
 -0.02389718  -0.00319125   1.64036357
 -0.02389949  -0.00319287   1.64036357
 -0.02389808  -0.00319375   1.64036357
 -0.02389698  -0.00319388   1.64036357
 -0.02389820  -0.00319441   1.64036357
20MABNDB000260_PR019
 -0.02426632  -0.03838121   2.95627499
 -0.02426551  -0.03838259   2.95627499
 -0.02427611  -0.03837355   2.95627499
 -0.02427782  -0.03837771   2.95627499
 -0.02431545  -0.03836687   2.95627499
 -0.02428280  -0.03839319   2.95627475
 -0.02427479  -0.03837094   2.95627499
 -0.02427138  -0.03838407   2.95627499
 -0.02428704  -0.03837927   2.95627499
 -0.02427917  -0.03837834   2.95627499


*****************************************************************coordonnees du prisme dans le repere ATLAS********************************************************************************** 
20MABNDA000196_PR006 0.00000000
  2.58447742  -4.19496870   6.54699135
  2.58447695  -4.19496870   6.54699135
  2.58447623  -4.19496870   6.54699230
  2.58447528  -4.19496870   6.54699326
  2.58447433  -4.19496870   6.54699612
  2.58447862  -4.19496870   6.54699755
  2.58447623  -4.19496870   6.54699659
  2.58447671  -4.19496870   6.54699612
  2.58447552  -4.19496870   6.54699898
  2.58447576  -4.19496870   6.54699659
  2.58447695  -4.19496870   6.54699612
20MABNDA000324_PR007 0.00000000
  2.59421468  -4.13997269   6.94680452
  2.59420753  -4.13997269   6.94681215
  2.59420872  -4.13997269   6.94680452
  2.59420943  -4.13997269   6.94680452
  2.59421420  -4.13997269   6.94680452
  2.59421062  -4.13997269   6.94680786
  2.59421468  -4.13997269   6.94680214
  2.59421015  -4.13997269   6.94680595
  2.59421253  -4.13997269   6.94680548
  2.59421015  -4.13997316   6.94679928
20MABNDB000001_PR017 0.00000000
 -2.59760261  -4.19505358   6.53851271
 -2.59760332  -4.19505358   6.53851366
 -2.59760666  -4.19505358   6.53851652
 -2.59760189  -4.19505358   6.53851175
 -2.59760499  -4.19505358   6.53851461
 -2.59760189  -4.19505358   6.53851318
 -2.59760427  -4.19505358   6.53851461
 -2.59760284  -4.19505358   6.53851557
 -2.59760189  -4.19505358   6.53851557
 -2.59760308  -4.19505358   6.53851604
20MABNDB000260_PR019 0.00000000
 -2.60448861  -4.13995934   6.94226408
 -2.60448956  -4.13995934   6.94226265
 -2.60447884  -4.13995934   6.94227171
 -2.60447717  -4.13995934   6.94226789
 -2.60443950  -4.13995934   6.94227839
 -2.60447216  -4.13995981   6.94225216
 -2.60448027  -4.13995934   6.94227457
 -2.60448360  -4.13995934   6.94226122
 -2.60446787  -4.13995934   6.94226599
 -2.60447574  -4.13995934   6.94226694


*****************************************************************Rapport********************************************************************************** 
CAM-JDA-US-IP_JDA-US-IP     2014.09.05.10.44.40   2.58447636  -4.19496870   6.54699512   0.00000111   0.00000000   0.00000249 0.00000000 VRAI 
CAM-JDA-US-HO_JDA-US-HO     2014.09.05.10.44.40   2.59421127  -4.13997273   6.94680510   0.00000245   0.00000014   0.00000320 0.00000000 VRAI 
CAM-JDA-USA-IP_JDA-USA-IP   2014.09.05.10.44.40  -2.59760334  -4.19505358   6.53851442   0.00000148   0.00000000   0.00000148 0.00000000 VRAI 
CAM-JDA-USA-HO_JDA-USA-HO   2014.09.05.10.44.40  -2.60447533  -4.13995938   6.94226656   0.00001356   0.00000014   0.00000700 0.00000000 VRAI 
