********** Fichier qui contient une sauvegarde des coordonnees images + coordonnees images transformees dans le repere BCAM (MOUNT) + coordonnees des prismes dans le repere MOUNT********** 
********************************************************************** Unite en metres (m)************************************************************************************************** 

*******************************************************************coordonnees images dans le repere CCD *********************************************************************************** 
20MABNDB000135_PR027
Spot 1 0.00185496 0.00124725
Spot 2 0.00209343 0.00124933
Spot 1 0.00185504 0.00124723
Spot 2 0.00209331 0.00124937
Spot 1 0.00185504 0.00124744
Spot 2 0.00209328 0.00124933
Spot 1 0.00185482 0.00124731
Spot 2 0.00209336 0.00124951
Spot 1 0.00185497 0.00124745
Spot 2 0.00209335 0.00124936
Spot 1 0.001855 0.00124738
Spot 2 0.0020934 0.00124953
Spot 1 0.001855 0.0012474
Spot 2 0.00209334 0.00124936
Spot 1 0.001855 0.00124743
Spot 2 0.00209344 0.00124931
Spot 1 0.00185504 0.00124741
Spot 2 0.00209333 0.00124933
20MABNDB000126_PR028
Spot 1 0.0018481 0.00140801
Spot 2 0.00153248 0.00140678
Spot 1 0.00184809 0.00140804
Spot 2 0.00153235 0.00140676
Spot 1 0.00184812 0.00140796
Spot 2 0.00153249 0.00140675
Spot 1 0.00184807 0.00140803
Spot 2 0.00153241 0.00140678
Spot 1 0.00184814 0.00140798
Spot 2 0.00153236 0.00140668
Spot 1 0.00184806 0.00140804
Spot 2 0.00153251 0.00140679
Spot 1 0.00184805 0.00140797
Spot 2 0.00153248 0.00140664
Spot 1 0.00184812 0.00140806
Spot 2 0.00153249 0.00140687
20MABNDA000272_PR038
Spot 1 0.00203347 0.0013865
Spot 2 0.00179102 0.00138476
Spot 1 0.00203348 0.00138646
Spot 2 0.00179099 0.0013847
Spot 1 0.00203346 0.00138648
Spot 2 0.00179088 0.00138485
Spot 1 0.00203338 0.0013865
Spot 2 0.00179101 0.0013848
Spot 1 0.00203354 0.00138649
Spot 2 0.00179112 0.00138485
Spot 1 0.00203348 0.00138649
Spot 2 0.00179101 0.0013849
Spot 1 0.00203358 0.00138645
Spot 2 0.00179109 0.0013846
Spot 1 0.0020335 0.00138657
Spot 2 0.00179108 0.00138485
20MABNDA000003_PR039
Spot 1 0.00211575 0.00112528
Spot 2 0.00180223 0.00112702
Spot 1 0.00211579 0.00112531
Spot 2 0.00180221 0.00112696
Spot 1 0.00211577 0.00112528
Spot 2 0.00180218 0.00112696
Spot 1 0.00211579 0.00112537
Spot 2 0.00180216 0.00112705
Spot 1 0.0021158 0.00112532
Spot 2 0.00180219 0.00112707
Spot 1 0.00211573 0.00112519
Spot 2 0.00180213 0.00112698
Spot 1 0.00211582 0.0011253
Spot 2 0.00180214 0.00112693
Spot 1 0.0021158 0.00112537
Spot 2 0.00180213 0.00112699


****************************************************************coordonnees images transformees dans le repere MOUNT************************************************************************* 
20MABNDB000135_PR027
Spot 1 -0.012546 -0.0128654 -0.074647
Spot 2 -0.0123075 -0.012866 -0.074647
Spot 1 -0.0125459 -0.0128654 -0.074647
Spot 2 -0.0123077 -0.0128659 -0.074647
Spot 1 -0.0125459 -0.0128652 -0.074647
Spot 2 -0.0123077 -0.012866 -0.074647
Spot 1 -0.0125462 -0.0128653 -0.074647
Spot 2 -0.0123076 -0.0128658 -0.074647
Spot 1 -0.012546 -0.0128652 -0.074647
Spot 2 -0.0123076 -0.0128659 -0.074647
Spot 1 -0.012546 -0.0128653 -0.074647
Spot 2 -0.0123076 -0.0128658 -0.074647
Spot 1 -0.012546 -0.0128652 -0.074647
Spot 2 -0.0123076 -0.0128659 -0.074647
Spot 1 -0.012546 -0.0128652 -0.074647
Spot 2 -0.0123075 -0.012866 -0.074647
Spot 1 -0.0125459 -0.0128652 -0.074647
Spot 2 -0.0123076 -0.012866 -0.074647
20MABNDB000126_PR028
Spot 1 -0.0123282 -0.0127731 -0.075004
Spot 2 -0.0126438 -0.012776 -0.075004
Spot 1 -0.0123282 -0.012773 -0.075004
Spot 2 -0.012644 -0.012776 -0.075004
Spot 1 -0.0123282 -0.0127731 -0.075004
Spot 2 -0.0126438 -0.012776 -0.075004
Spot 1 -0.0123283 -0.012773 -0.075004
Spot 2 -0.0126439 -0.012776 -0.075004
Spot 1 -0.0123282 -0.0127731 -0.075004
Spot 2 -0.012644 -0.0127761 -0.075004
Spot 1 -0.0123283 -0.012773 -0.075004
Spot 2 -0.0126438 -0.012776 -0.075004
Spot 1 -0.0123283 -0.0127731 -0.075004
Spot 2 -0.0126438 -0.0127761 -0.075004
Spot 1 -0.0123282 -0.012773 -0.075004
Spot 2 -0.0126438 -0.0127759 -0.075004
20MABNDA000272_PR038
Spot 1 -0.0128699 0.0127252 -0.074179
Spot 2 -0.0126274 0.0127265 -0.074179
Spot 1 -0.0128699 0.0127252 -0.074179
Spot 2 -0.0126274 0.0127265 -0.074179
Spot 1 -0.0128699 0.0127252 -0.074179
Spot 2 -0.0126273 0.0127264 -0.074179
Spot 1 -0.0128698 0.0127252 -0.074179
Spot 2 -0.0126274 0.0127264 -0.074179
Spot 1 -0.01287 0.0127252 -0.074179
Spot 2 -0.0126275 0.0127264 -0.074179
Spot 1 -0.0128699 0.0127252 -0.074179
Spot 2 -0.0126274 0.0127263 -0.074179
Spot 1 -0.01287 0.0127252 -0.074179
Spot 2 -0.0126275 0.0127266 -0.074179
Spot 1 -0.0128699 0.0127251 -0.074179
Spot 2 -0.0126275 0.0127264 -0.074179
20MABNDA000003_PR039
Spot 1 -0.0129148 0.0129273 -0.073734
Spot 2 -0.0126013 0.0129247 -0.073734
Spot 1 -0.0129148 0.0129272 -0.073734
Spot 2 -0.0126013 0.0129248 -0.073734
Spot 1 -0.0129148 0.0129273 -0.073734
Spot 2 -0.0126012 0.0129248 -0.073734
Spot 1 -0.0129148 0.0129272 -0.073734
Spot 2 -0.0126012 0.0129247 -0.073734
Spot 1 -0.0129149 0.0129272 -0.073734
Spot 2 -0.0126012 0.0129247 -0.073734
Spot 1 -0.0129148 0.0129274 -0.073734
Spot 2 -0.0126012 0.0129248 -0.073734
Spot 1 -0.0129149 0.0129273 -0.073734
Spot 2 -0.0126012 0.0129248 -0.073734
Spot 1 -0.0129149 0.0129272 -0.073734
Spot 2 -0.0126012 0.0129248 -0.073734


*****************************************************************coordonnees du prisme dans le repere MOUNT********************************************************************************** 
20MABNDB000135_PR027
-0.0201888 -0.0220157 2.74936
-0.020188 -0.0220161 2.74936
-0.0201875 -0.0220193 2.74936
-0.020185 -0.0220202 2.74936
-0.0201875 -0.02202 2.74936
-0.020189 -0.0220218 2.74936
-0.0201879 -0.0220191 2.74936
-0.0201897 -0.0220187 2.74936
-0.0201884 -0.0220187 2.74936
20MABNDB000126_PR028
-0.0177059 -0.0217718 2.14694
-0.0177039 -0.021772 2.14694
-0.0177063 -0.0217707 2.14694
-0.0177044 -0.0217721 2.14694
-0.0177048 -0.02177 2.14694
-0.0177057 -0.0217724 2.14694
-0.0177052 -0.0217693 2.14694
-0.0177063 -0.0217738 2.14694
20MABNDA000272_PR038
-0.00954032 0.0267298 2.74962
-0.00954068 0.026728 2.74962
-0.00954305 0.0267311 2.74962
-0.00954214 0.0267305 2.74962
-0.0095372 0.0267313 2.74962
-0.00954032 0.0267322 2.74962
-0.00953703 0.026726 2.74962
-0.00953866 0.0267327 2.74962
20MABNDA000003_PR039
-0.0111614 0.0183757 2.1491
-0.0111611 0.0183753 2.1491
-0.0111618 0.0183748 2.1491
-0.0111618 0.0183774 2.1491
-0.0111612 0.018377 2.1491
-0.0111631 0.0183738 2.1491
-0.0111617 0.0183747 2.1491
-0.0111621 0.0183765 2.1491


*****************************************************************coordonnees du prisme dans le repere ATLAS********************************************************************************** 
20MABNDB000135_PR027
2.60131 -4.19783 -3.81195
2.60131 -4.19783 -3.81195
2.60131 -4.19783 -3.81195
2.60132 -4.19783 -3.81195
2.60131 -4.19783 -3.81195
2.60131 -4.19783 -3.81195
2.60131 -4.19783 -3.81195
2.60131 -4.19783 -3.81195
2.60131 -4.19783 -3.81195
20MABNDB000126_PR028
2.6082 -4.19695 -5.91045
2.6082 -4.19695 -5.91045
2.6082 -4.19695 -5.91045
2.6082 -4.19695 -5.91045
2.6082 -4.19695 -5.91045
2.6082 -4.19695 -5.91045
2.6082 -4.19695 -5.91045
2.6082 -4.19695 -5.91045
20MABNDA000272_PR038
-2.61499 -4.19702 -3.81176
-2.61499 -4.19702 -3.81176
-2.61499 -4.19702 -3.81175
-2.61499 -4.19702 -3.81175
-2.61499 -4.19702 -3.81175
-2.61499 -4.19702 -3.81175
-2.61499 -4.19702 -3.81176
-2.61499 -4.19702 -3.81175
20MABNDA000003_PR039
-2.61056 -4.19693 -5.91439
-2.61056 -4.19693 -5.91439
-2.61056 -4.19693 -5.91439
-2.61056 -4.19693 -5.91439
-2.61056 -4.19693 -5.91439
-2.61056 -4.19693 -5.91439
-2.61056 -4.19693 -5.91439
-2.61056 -4.19693 -5.91439


*****************************************************************Rapport********************************************************************************** 
CAM-EBC-US-IP_EBC-US-IP 2014.08.13.16.18.13 2.60131 -4.19783 -3.81195 1.28201e-06 0 1.7608e-06 VRAI 
CAM-EBC-US-HO_EBC-US-HO 2014.08.13.16.18.13 2.6082 -4.19695 -5.91045 8.33933e-07 1.57699e-07 1.32746e-06 VRAI 
CAM-EBC-USA-IP_EBC-USA-IP 2014.08.13.16.18.13 -2.61499 -4.19702 -3.81175 2.02217e-06 0 2.10544e-06 VRAI 
CAM-EBC-USA-HO_EBC-USA-HO 2014.08.13.16.18.13 -2.61056 -4.19693 -5.91439 5.55955e-07 0 1.23886e-06 VRAI 
