********** Fichier qui contient une sauvegarde des coordonnees images + coordonnees images transformees dans le repere BCAM (MOUNT) + coordonnees des prismes dans le repere MOUNT********** 
********************************************************************** Unite en metres (m)************************************************************************************************** 

*******************************************************************coordonnees images dans le repere CCD *********************************************************************************** 
20MABNDL000077_PR002
Spot 1 0.00233448 0.00163362
Spot 2 0.002395 0.00163
Spot 1 0.00233444 0.00163388
Spot 2 0.0024 0.00163
Spot 1 0.00233442 0.00163397
Spot 2 0.002399 0.001629
Spot 1 0.00233451 0.00163388
Spot 2 0.002401 0.001629
Spot 1 0.00233419 0.00163384
Spot 2 0.0024 0.00163
Spot 1 0.00233485 0.00163376
Spot 2 0.0024 0.00163
Spot 1 0.00233467 0.00163386
Spot 2 0.002395 0.001635
Spot 1 0.00233448 0.00163407
Spot 2 0.0024 0.00163
20MABNDL000077_PR003
Spot 1 -1e-06 -1e-06
Spot 2 -1e-06 -1e-06
Spot 1 -1e-06 -1e-06
Spot 2 -1e-06 -1e-06
Spot 1 -1e-06 -1e-06
Spot 2 -1e-06 -1e-06
Spot 1 -1e-06 -1e-06
Spot 2 -1e-06 -1e-06
Spot 1 -1e-06 -1e-06
Spot 2 -1e-06 -1e-06
Spot 1 -1e-06 -1e-06
Spot 2 -1e-06 -1e-06
Spot 1 -1e-06 -1e-06
Spot 2 -1e-06 -1e-06
Spot 1 -1e-06 -1e-06
Spot 2 -1e-06 -1e-06
20MABNDL000077_PR024
Spot 1 -1e-06 -1e-06
Spot 2 -1e-06 -1e-06
Spot 1 -1e-06 -1e-06
Spot 2 -1e-06 -1e-06
Spot 1 -1e-06 -1e-06
Spot 2 -1e-06 -1e-06
Spot 1 -1e-06 -1e-06
Spot 2 -1e-06 -1e-06
Spot 1 -1e-06 -1e-06
Spot 2 -1e-06 -1e-06
Spot 1 -1e-06 -1e-06
Spot 2 -1e-06 -1e-06
Spot 1 -1e-06 -1e-06
Spot 2 -1e-06 -1e-06
Spot 1 -1e-06 -1e-06
Spot 2 -1e-06 -1e-06
20MABNDL000077_20MAB
Spot 1 0.00233455 0.00163362
Spot 2 0.002395 0.001625
Spot 1 0.00233455 0.00163368
Spot 2 0.002395 0.001635
Spot 1 0.00233441 0.00163386
Spot 2 0.002399 0.001629
Spot 1 0.00233466 0.00163352
Spot 2 -1e-06 -1e-06
Spot 1 0.0023344 0.00163394
Spot 2 0.002399 0.001631
Spot 1 0.00233496 0.00163377
Spot 2 0.0024 0.00163
Spot 1 0.00233448 0.0016337
Spot 2 -1e-06 -1e-06
20MABNDM000020_PR013
Spot 1 0.00154984 0.00077355
Spot 2 -1e-06 -1e-06
Spot 1 0.00154895 0.00077276
Spot 2 -1e-06 -1e-06
Spot 1 0.00154935 0.00077299
Spot 2 -1e-06 -1e-06
Spot 1 0.00154916 0.00077287
Spot 2 -1e-06 -1e-06
Spot 1 0.00154905 0.00077241
Spot 2 -1e-06 -1e-06
Spot 1 0.0015492 0.0007736
Spot 2 -1e-06 -1e-06
Spot 1 0.00154951 0.00077277
Spot 2 -1e-06 -1e-06
20MABNDM000020_PR014
Spot 1 -1e-06 -1e-06
Spot 2 -1e-06 -1e-06
Spot 1 -1e-06 -1e-06
Spot 2 -1e-06 -1e-06
Spot 1 -1e-06 -1e-06
Spot 2 -1e-06 -1e-06
Spot 1 -1e-06 -1e-06
Spot 2 -1e-06 -1e-06
Spot 1 -1e-06 -1e-06
Spot 2 -1e-06 -1e-06
Spot 1 -1e-06 -1e-06
Spot 2 -1e-06 -1e-06
Spot 1 -1e-06 -1e-06
Spot 2 -1e-06 -1e-06
20MABNDM000020_PR035
Spot 1 -1e-06 -1e-06
Spot 2 -1e-06 -1e-06
Spot 1 -1e-06 -1e-06
Spot 2 -1e-06 -1e-06
Spot 1 -1e-06 -1e-06
Spot 2 -1e-06 -1e-06
Spot 1 -1e-06 -1e-06
Spot 2 -1e-06 -1e-06
Spot 1 -1e-06 -1e-06
Spot 2 -1e-06 -1e-06
Spot 1 -1e-06 -1e-06
Spot 2 -1e-06 -1e-06
Spot 1 -1e-06 -1e-06
Spot 2 -1e-06 -1e-06
20MABNDM000020_20MAB
Spot 1 0.00154931 0.00077331
Spot 2 -1e-06 -1e-06
Spot 1 0.00154915 0.00077284
Spot 2 -1e-06 -1e-06
Spot 1 0.00154937 0.00077314
Spot 2 -1e-06 -1e-06
Spot 1 0.00154922 0.00077285
Spot 2 -1e-06 -1e-06
Spot 1 0.00154901 0.00077251
Spot 2 -1e-06 -1e-06
Spot 1 0.0015492 0.00077341
Spot 2 -1e-06 -1e-06
Spot 1 0.00154938 0.00077276
Spot 2 -1e-06 -1e-06


****************************************************************coordonnees images transformees dans le repere MOUNT************************************************************************* 
20MABNDL000077_PR002
Spot 1 0.013406 0.0356943 -0.074632
Spot 2 0.0134665 0.0356901 -0.074632
Spot 1 -0.0131742 0.0356907 -0.006954
Spot 2 -0.0132347 0.0356864 -0.006954
Spot 1 0.013406 0.0356945 -0.074632
Spot 2 0.0134715 0.03569 -0.074632
Spot 1 -0.0131742 0.0356909 -0.006954
Spot 2 -0.0132397 0.0356864 -0.006954
Spot 1 0.013406 0.0356946 -0.074632
Spot 2 0.0134705 0.035689 -0.074632
Spot 1 -0.0131741 0.035691 -0.006954
Spot 2 -0.0132387 0.0356854 -0.006954
Spot 1 0.0134061 0.0356945 -0.074632
Spot 2 0.0134725 0.035689 -0.074632
Spot 1 -0.0131742 0.0356909 -0.006954
Spot 2 -0.0132407 0.0356854 -0.006954
Spot 1 0.0134057 0.0356945 -0.074632
Spot 2 0.0134715 0.03569 -0.074632
Spot 1 -0.0131739 0.0356909 -0.006954
Spot 2 -0.0132397 0.0356864 -0.006954
Spot 1 0.0134064 0.0356944 -0.074632
Spot 2 0.0134715 0.03569 -0.074632
Spot 1 -0.0131746 0.0356908 -0.006954
Spot 2 -0.0132397 0.0356864 -0.006954
Spot 1 0.0134062 0.0356945 -0.074632
Spot 2 0.0134665 0.0356951 -0.074632
Spot 1 -0.0131744 0.0356909 -0.006954
Spot 2 -0.0132347 0.0356914 -0.006954
Spot 1 0.013406 0.0356947 -0.074632
Spot 2 0.0134715 0.03569 -0.074632
Spot 1 -0.0131742 0.0356911 -0.006954
Spot 2 -0.0132397 0.0356864 -0.006954


*****************************************************************coordonnees du prisme dans le repere MOUNT********************************************************************************** 
20MABNDL000077_PR002
-0.0240709 0.0154745 3.70688
-0.0367706 0.0154965 3.66657
-3.58295 -0.0228402 -0.988686
-3.59565 -0.0228181 -1.029
3.57814 -0.020767 1.01247
3.56544 -0.020745 0.972156
0.0258199 0.0148801 -3.74718
0.0131201 0.0149021 -3.7875
-0.0241934 0.0154693 3.70688
-0.0368932 0.0154913 3.66657
-3.58297 -0.0228495 -0.988602
-3.59567 -0.0228275 -1.02892
3.57816 -0.0207763 1.01238
3.56546 -0.0207543 0.972066
0.0259432 0.0148749 -3.74718
0.0132434 0.0148969 -3.7875
-0.024168 0.0154916 3.70688
-0.0368678 0.0155136 3.66657
-3.58297 -0.0227888 -0.98862
-3.59567 -0.0227668 -1.02893
3.57816 -0.0207153 1.0124
3.56546 -0.0206933 0.972085
0.0259176 0.0148973 -3.74718
0.0132178 0.0149193 -3.7875
-0.0242196 0.0154942 3.70688
-0.0369194 0.0155162 3.66656
-3.58298 -0.0227792 -0.988584
-3.59568 -0.0227572 -1.0289
3.57817 -0.0207058 1.01236
3.56547 -0.0206838 0.972047
0.0259695 0.0149 -3.74718
0.0132697 0.014922 -3.7875
-0.0241872 0.0154702 3.70688
-0.036887 0.0154922 3.66657
-3.58297 -0.0228472 -0.988606
-3.59567 -0.0228252 -1.02892
3.57816 -0.020774 1.01239
3.56546 -0.020752 0.97207
0.0259369 0.0148758 -3.74718
0.0132372 0.0148978 -3.7875
-0.0242035 0.0154723 3.70688
-0.0369033 0.0154943 3.66657
-3.58297 -0.0228406 -0.988595
-3.59567 -0.0228186 -1.02891
3.57817 -0.0207672 1.01237
3.56547 -0.0207452 0.972059
0.0259533 0.014878 -3.74718
0.0132536 0.0149 -3.7875
-0.0240768 0.0153452 3.70688
-0.0367765 0.0153672 3.66657
-3.58295 -0.023199 -0.988681
-3.59565 -0.023177 -1.029
3.57813 -0.0211272 1.01246
3.56544 -0.0211052 0.97215
0.0258259 0.0147499 -3.74718
0.0131261 0.0147719 -3.7875
-0.0241944 0.0154646 3.70688
-0.0368942 0.0154866 3.66657
-3.58297 -0.0228625 -0.988601
-3.59567 -0.0228405 -1.02892
3.57816 -0.0207894 1.01238
3.56546 -0.0207674 0.972065
0.0259442 0.0148702 -3.74718
0.0132445 0.0148922 -3.7875


*****************************************************************coordonnees du prisme dans le repere ATLAS********************************************************************************** 
20MABNDL000077_PR002 0
2.84154 -3.76859 6.48606
2.84148 -3.78124 6.44573
2.87412 -7.32169 1.78608
2.87405 -7.33434 1.74575
2.87629 -0.163069 3.79606
2.87622 -0.175719 3.75573
2.83484 -3.70951 -0.96793
2.83478 -3.72216 -1.00826
2.84155 -3.76871 6.48606
2.84148 -3.78136 6.44573
2.87413 -7.32171 1.78616
2.87406 -7.33436 1.74583
2.8763 -0.163044 3.79597
2.87623 -0.175694 3.75564
2.83485 -3.70938 -0.967929
2.83478 -3.72203 -1.00826
2.84153 -3.76868 6.48606
2.84146 -3.78133 6.44573
2.87407 -7.3217 1.78615
2.874 -7.33435 1.74581
2.87624 -0.163048 3.79599
2.87617 -0.175698 3.75566
2.83482 -3.70941 -0.96793
2.83476 -3.72206 -1.00826
2.84152 -3.76874 6.48606
2.84146 -3.78139 6.44573
2.87406 -7.32171 1.78618
2.87399 -7.33436 1.74585
2.87623 -0.163037 3.79595
2.87616 -0.175687 3.75562
2.83482 -3.70936 -0.967929
2.83476 -3.72201 -1.00826
2.84155 -3.7687 6.48606
2.84148 -3.78135 6.44573
2.87413 -7.32171 1.78616
2.87406 -7.33436 1.74583
2.87629 -0.163045 3.79598
2.87623 -0.175695 3.75565
2.83485 -3.70939 -0.967929
2.83478 -3.72204 -1.00826
2.84155 -3.76872 6.48606
2.84148 -3.78137 6.44573
2.87412 -7.32171 1.78617
2.87405 -7.33436 1.74584
2.87629 -0.163042 3.79597
2.87622 -0.175691 3.75563
2.83484 -3.70937 -0.967929
2.83478 -3.72202 -1.00826
2.84167 -3.76859 6.48606
2.84161 -3.78124 6.44573
2.87448 -7.32168 1.78608
2.87441 -7.33433 1.74575
2.87665 -0.163073 3.79606
2.87658 -0.175723 3.75573
2.83497 -3.7095 -0.96793
2.83491 -3.72215 -1.00826
2.84155 -3.76871 6.48606
2.84149 -3.78136 6.44573
2.87414 -7.32171 1.78616
2.87408 -7.33436 1.74583
2.87631 -0.163044 3.79597
2.87624 -0.175694 3.75564
2.83485 -3.70938 -0.967929
2.83479 -3.72203 -1.00826


*****************************************************************Rapport********************************************************************************** 
CAM-LBA-US_EBA-US-HO-H 2014.08.15.10.59.34 2.85669 -3.74704 2.7549 0.0186833 2.53106 2.72962 0 VRAI 
