********** Fichier qui contient une sauvegarde des coordonnees images + coordonnees images transformees dans le repere BCAM (MOUNT) + coordonnees des prismes dans le repere MOUNT********** 
********************************************************************** Unite en metres (m)************************************************************************************************** 

*******************************************************************coordonnees images dans le repere CCD *********************************************************************************** 
20MABNDB000135_PR027
Spot 1     0.00189205     0.00092490
Spot 2     0.00211036     0.00092775
Spot 1     0.00189180     0.00092507
Spot 2     0.00211035     0.00092777
Spot 1     0.00189183     0.00092514
Spot 2     0.00211019     0.00092797
Spot 1     0.00189184     0.00092527
Spot 2     0.00211016     0.00092807
Spot 1     0.00189186     0.00092521
Spot 2     0.00211019     0.00092784
Spot 1     0.00189194     0.00092493
Spot 2     0.00211039     0.00092781
Spot 1     0.00189198     0.00092517
Spot 2     0.00211028     0.00092790
Spot 1     0.00189195     0.00092524
Spot 2     0.00211028     0.00092797
Spot 1     0.00189188     0.00092507
Spot 2     0.00211033     0.00092790
20MABNDB000126_PR028
Spot 1     0.00193477     0.00200512
Spot 2     0.00165277     0.00200293
Spot 1     0.00193483     0.00200497
Spot 2     0.00165282     0.00200286
Spot 1     0.00193472     0.00200497
Spot 2     0.00165276     0.00200296
Spot 1     0.00193466     0.00200494
Spot 2     0.00165269     0.00200296
Spot 1     0.00193466     0.00200497
Spot 2     0.00165287     0.00200291
Spot 1     0.00193472     0.00200500
Spot 2     0.00165280     0.00200296
Spot 1     0.00193466     0.00200503
Spot 2     0.00165267     0.00200291
Spot 1     0.00193483     0.00200508
Spot 2     0.00165270     0.00200282
20MABNDA000272_PR038
Spot 1     0.00192244     0.00097108
Spot 2     0.00169869     0.00097107
Spot 1     0.00192234     0.00097111
Spot 2     0.00169853     0.00097105
Spot 1     0.00192223     0.00097113
Spot 2     0.00169887     0.00097113
Spot 1     0.00192225     0.00097124
Spot 2     0.00169865     0.00097135
Spot 1     0.00192238     0.00097105
Spot 2     0.00169887     0.00097137
Spot 1     0.00192238     0.00097103
Spot 2     0.00169871     0.00097100
Spot 1     0.00192240     0.00097126
Spot 2     0.00169853     0.00097124
Spot 1     0.00192214     0.00097093
Spot 2     0.00169881     0.00097125
20MABNDA000003_PR039
Spot 1     0.00200621     0.00192975
Spot 2     0.00228417     0.00192908
Spot 1     0.00200616     0.00192978
Spot 2     0.00228402     0.00192912
Spot 1     0.00200620     0.00192968
Spot 2     0.00228406     0.00192903
Spot 1     0.00200628     0.00192976
Spot 2     0.00228414     0.00192905
Spot 1     0.00200621     0.00192978
Spot 2     0.00228411     0.00192901
Spot 1     0.00200617     0.00192974
Spot 2     0.00228396     0.00192892
Spot 1     0.00200620     0.00192976
Spot 2     0.00228402     0.00192900
Spot 1     0.00200617     0.00192965
Spot 2     0.00228407     0.00192909


****************************************************************coordonnees images transformees dans le repere MOUNT************************************************************************* 
20MABNDB000135_PR027
Spot 1    -0.01251252    -0.01318813    -0.07464699
Spot 2    -0.01229419    -0.01318771    -0.07464699
Spot 1    -0.01251277    -0.01318796    -0.07464699
Spot 2    -0.01229420    -0.01318769    -0.07464699
Spot 1    -0.01251274    -0.01318789    -0.07464699
Spot 2    -0.01229436    -0.01318749    -0.07464699
Spot 1    -0.01251273    -0.01318776    -0.07464699
Spot 2    -0.01229439    -0.01318739    -0.07464699
Spot 1    -0.01251271    -0.01318782    -0.07464699
Spot 2    -0.01229436    -0.01318762    -0.07464699
Spot 1    -0.01251263    -0.01318810    -0.07464699
Spot 2    -0.01229416    -0.01318765    -0.07464699
Spot 1    -0.01251259    -0.01318786    -0.07464699
Spot 2    -0.01229427    -0.01318756    -0.07464699
Spot 1    -0.01251262    -0.01318779    -0.07464699
Spot 2    -0.01229427    -0.01318749    -0.07464699
Spot 1    -0.01251269    -0.01318796    -0.07464699
Spot 2    -0.01229422    -0.01318756    -0.07464699
20MABNDB000126_PR028
Spot 1    -0.01224475    -0.01217550    -0.07500400
Spot 2    -0.01252673    -0.01217920    -0.07500400
Spot 1    -0.01224469    -0.01217565    -0.07500400
Spot 2    -0.01252668    -0.01217927    -0.07500400
Spot 1    -0.01224480    -0.01217565    -0.07500400
Spot 2    -0.01252674    -0.01217917    -0.07500400
Spot 1    -0.01224486    -0.01217568    -0.07500400
Spot 2    -0.01252681    -0.01217917    -0.07500400
Spot 1    -0.01224486    -0.01217565    -0.07500400
Spot 2    -0.01252663    -0.01217922    -0.07500400
Spot 1    -0.01224480    -0.01217562    -0.07500400
Spot 2    -0.01252670    -0.01217917    -0.07500400
Spot 1    -0.01224486    -0.01217559    -0.07500400
Spot 2    -0.01252683    -0.01217922    -0.07500400
Spot 1    -0.01224469    -0.01217554    -0.07500400
Spot 2    -0.01252680    -0.01217931    -0.07500400
20MABNDA000272_PR038
Spot 1    -0.01275813     0.01314039    -0.07417900
Spot 2    -0.01253438     0.01314000    -0.07417900
Spot 1    -0.01275803     0.01314036    -0.07417900
Spot 2    -0.01253422     0.01314002    -0.07417900
Spot 1    -0.01275792     0.01314034    -0.07417900
Spot 2    -0.01253456     0.01313994    -0.07417900
Spot 1    -0.01275794     0.01314023    -0.07417900
Spot 2    -0.01253434     0.01313972    -0.07417900
Spot 1    -0.01275807     0.01314042    -0.07417900
Spot 2    -0.01253456     0.01313970    -0.07417900
Spot 1    -0.01275807     0.01314044    -0.07417900
Spot 2    -0.01253440     0.01314007    -0.07417900
Spot 1    -0.01275809     0.01314021    -0.07417900
Spot 2    -0.01253422     0.01313983    -0.07417900
Spot 1    -0.01275783     0.01314054    -0.07417900
Spot 2    -0.01253450     0.01313982    -0.07417900
20MABNDA000003_PR039
Spot 1    -0.01280730     0.01212253    -0.07373400
Spot 2    -0.01308526     0.01212391    -0.07373400
Spot 1    -0.01280725     0.01212250    -0.07373400
Spot 2    -0.01308511     0.01212387    -0.07373400
Spot 1    -0.01280729     0.01212260    -0.07373400
Spot 2    -0.01308515     0.01212396    -0.07373400
Spot 1    -0.01280737     0.01212252    -0.07373400
Spot 2    -0.01308523     0.01212394    -0.07373400
Spot 1    -0.01280730     0.01212250    -0.07373400
Spot 2    -0.01308520     0.01212397    -0.07373400
Spot 1    -0.01280726     0.01212254    -0.07373400
Spot 2    -0.01308505     0.01212407    -0.07373400
Spot 1    -0.01280729     0.01212252    -0.07373400
Spot 2    -0.01308511     0.01212399    -0.07373400
Spot 1    -0.01280726     0.01212263    -0.07373400
Spot 2    -0.01308516     0.01212389    -0.07373400


*****************************************************************coordonnees du prisme dans le repere MOUNT********************************************************************************** 
20MABNDB000135_PR027
   -0.02104776    -0.01019828     2.74937129
   -0.02104305    -0.01020181     2.74937153
   -0.02104071    -0.01020680     2.74937153
   -0.02104038    -0.01021100     2.74937153
   -0.02104125    -0.01020569     2.74937153
   -0.02104631    -0.01019993     2.74937153
   -0.02104510    -0.01020600     2.74937153
   -0.02104458    -0.01020859     2.74937153
   -0.02104417    -0.01020418     2.74937153
20MABNDB000126_PR028
   -0.02056444    -0.03879402     2.14679646
   -0.02056604    -0.03879090     2.14679646
   -0.02056360    -0.03879231     2.14679646
   -0.02056175    -0.03879187     2.14679646
   -0.02056432    -0.03879160     2.14679646
   -0.02056416    -0.03879275     2.14679646
   -0.02056147    -0.03879244     2.14679646
   -0.02056432    -0.03879190     2.14679646
20MABNDA000272_PR038
   -0.01329340     0.01154449     2.74965906
   -0.01329816     0.01154468     2.74965906
   -0.01329395     0.01154650     2.74965906
   -0.01329760     0.01155256     2.74965906
   -0.01329120     0.01154944     2.74965906
   -0.01329414     0.01154229     2.74965906
   -0.01329705     0.01155090     2.74965906
   -0.01329669     0.01154503     2.74965906
20MABNDA000003_PR039
   -0.00578133     0.04131997     2.14891410
   -0.00578418     0.04132097     2.14891410
   -0.00578304     0.04131825     2.14891410
   -0.00578075     0.04131968     2.14891410
   -0.00578219     0.04131940     2.14891410
   -0.00578491     0.04131753     2.14891410
   -0.00578361     0.04131897     2.14891410
   -0.00578333     0.04131869     2.14891410


*****************************************************************coordonnees du prisme dans le repere ATLAS********************************************************************************** 
20MABNDB000135_PR027 0.00000000
    2.60038590    -4.19776487    -3.82376575
    2.60039067    -4.19776440    -3.82376242
    2.60039306    -4.19776440    -3.82375741
    2.60039353    -4.19776440    -3.82375312
    2.60039258    -4.19776440    -3.82375836
    2.60038733    -4.19776440    -3.82376409
    2.60038877    -4.19776440    -3.82375813
    2.60038924    -4.19776440    -3.82375550
    2.60038948    -4.19776440    -3.82376003
20MABNDB000126_PR028 0.00000000
    2.60535240    -4.19702005    -5.89342308
    2.60535097    -4.19702005    -5.89342594
    2.60535336    -4.19702005    -5.89342451
    2.60535526    -4.19702005    -5.89342499
    2.60535264    -4.19702005    -5.89342546
    2.60535264    -4.19702005    -5.89342403
    2.60535550    -4.19702005    -5.89342451
    2.60535264    -4.19702005    -5.89342499
20MABNDA000272_PR038 0.00000000
   -2.61123991    -4.19698238    -3.82694125
   -2.61123514    -4.19698238    -3.82694101
   -2.61123943    -4.19698238    -3.82693911
   -2.61123562    -4.19698238    -3.82693315
   -2.61124206    -4.19698238    -3.82693624
   -2.61123919    -4.19698238    -3.82694340
   -2.61123633    -4.19698238    -3.82693481
   -2.61123657    -4.19698238    -3.82694054
20MABNDA000003_PR039 0.00000000
   -2.61594462    -4.19702291    -5.89144564
   -2.61594176    -4.19702291    -5.89144468
   -2.61594296    -4.19702291    -5.89144754
   -2.61594510    -4.19702291    -5.89144611
   -2.61594367    -4.19702291    -5.89144611
   -2.61594105    -4.19702291    -5.89144802
   -2.61594224    -4.19702291    -5.89144659
   -2.61594248    -4.19702291    -5.89144707


*****************************************************************Rapport********************************************************************************** 
CAM-EBC-US-IP_EBC-US-IP        2014.12.02.09.18.10     2.60039006    -4.19776445    -3.82375942     0.00000248     0.00000015     0.00000385 0.00000000 VRAI 
CAM-EBC-US-HO_EBC-US-HO        2014.12.02.09.18.10     2.60535318    -4.19702005    -5.89342469     0.00000142     0.00000000     0.00000082 0.00000000 VRAI 
CAM-EBC-USA-IP_EBC-USA-IP      2014.12.02.09.18.10    -2.61123803    -4.19698238    -3.82693869     0.00000230     0.00000000     0.00000334 0.00000000 VRAI 
CAM-EBC-USA-HO_EBC-USA-HO      2014.12.02.09.18.10    -2.61594298    -4.19702291    -5.89144647     0.00000131     0.00000000     0.00000100 0.00000000 VRAI 
