********** Fichier qui contient une sauvegarde des coordonnees images + coordonnees images transformees dans le repere BCAM (MOUNT) + coordonnees des prismes dans le repere MOUNT********** 
********************************************************************** Unite en metres (m)************************************************************************************************** 

*******************************************************************coordonnees images dans le repere CCD *********************************************************************************** 
20MABNDL000077_PR002
Spot 1 0.00233514 0.00163377
Spot 2 0.0024 0.00163
Spot 1 0.00233474 0.00163359
Spot 2 -1e-06 -1e-06
Spot 1 0.00233472 0.00163391
Spot 2 0.0024 0.00163
Spot 1 0.00233485 0.00163389
Spot 2 0.0024 0.00163
Spot 1 0.00233475 0.00163388
Spot 2 0.002399 0.001631
Spot 1 0.00233509 0.00163384
Spot 2 0.002401 0.001631
Spot 1 0.00233468 0.00163383
Spot 2 0.0024 0.00163
Spot 1 0.00233474 0.00163381
Spot 2 0.0024 0.00163
20MABNDL000077_PR003
Spot 1 -1e-06 -1e-06
Spot 2 -1e-06 -1e-06
Spot 1 -1e-06 -1e-06
Spot 2 -1e-06 -1e-06
Spot 1 -1e-06 -1e-06
Spot 2 -1e-06 -1e-06
Spot 1 -1e-06 -1e-06
Spot 2 -1e-06 -1e-06
Spot 1 -1e-06 -1e-06
Spot 2 -1e-06 -1e-06
Spot 1 -1e-06 -1e-06
Spot 2 -1e-06 -1e-06
Spot 1 -1e-06 -1e-06
Spot 2 -1e-06 -1e-06
Spot 1 -1e-06 -1e-06
Spot 2 -1e-06 -1e-06
20MABNDL000077_20MABNDM000168
Spot 1 0.00233489 0.00163358
Spot 2 -1e-06 -1e-06
Spot 1 0.00233509 0.00163383
Spot 2 0.0024 0.00163
Spot 1 0.00233479 0.00163369
Spot 2 0.0024 0.00163
Spot 1 0.00233478 0.00163369
Spot 2 0.0024 0.00163
Spot 1 0.00233475 0.00163383
Spot 2 0.00239833 0.00162833
Spot 1 0.00233483 0.00163371
Spot 2 0.002399 0.001629
Spot 1 0.00233486 0.00163384
Spot 2 0.0024 0.00163
20MABNDM000020_PR013
Spot 1 0.00154936 0.00077298
Spot 2 -1e-06 -1e-06
Spot 1 0.00154938 0.00077265
Spot 2 -1e-06 -1e-06
Spot 1 0.00155013 0.0007732
Spot 2 -1e-06 -1e-06
Spot 1 0.0015496 0.00077264
Spot 2 -1e-06 -1e-06
Spot 1 0.00154959 0.00077357
Spot 2 -1e-06 -1e-06
Spot 1 0.00154926 0.00077238
Spot 2 -1e-06 -1e-06
Spot 1 0.00154895 0.00077303
Spot 2 -1e-06 -1e-06
20MABNDM000020_PR014
Spot 1 -1e-06 -1e-06
Spot 2 -1e-06 -1e-06
Spot 1 -1e-06 -1e-06
Spot 2 -1e-06 -1e-06
Spot 1 -1e-06 -1e-06
Spot 2 -1e-06 -1e-06
Spot 1 -1e-06 -1e-06
Spot 2 -1e-06 -1e-06
Spot 1 -1e-06 -1e-06
Spot 2 -1e-06 -1e-06
Spot 1 -1e-06 -1e-06
Spot 2 -1e-06 -1e-06
Spot 1 -1e-06 -1e-06
Spot 2 -1e-06 -1e-06
20MABNDM000020_20MABNDL000196
Spot 1 0.00154919 0.00077299
Spot 2 -1e-06 -1e-06
Spot 1 0.00154934 0.00077271
Spot 2 -1e-06 -1e-06
Spot 1 0.00154961 0.00077327
Spot 2 -1e-06 -1e-06
Spot 1 0.00154944 0.00077242
Spot 2 -1e-06 -1e-06
Spot 1 0.00155001 0.00077372
Spot 2 -1e-06 -1e-06
Spot 1 0.00154911 0.00077267
Spot 2 -1e-06 -1e-06
Spot 1 0.00154889 0.00077299
Spot 2 -1e-06 -1e-06


****************************************************************coordonnees images transformees dans le repere MOUNT************************************************************************* 
20MABNDL000077_PR002
Spot 1 0.0134067 0.0356944 -0.074632
Spot 2 0.0134715 0.03569 -0.074632
Spot 1 -0.0131749 0.0356908 -0.006954
Spot 2 -0.0132397 0.0356864 -0.006954
Spot 1 0.0134063 0.0356942 -0.074632
Spot 2 0.0110549 0.0340822 -0.074632
Spot 1 -0.0131745 0.0356906 -0.006954
Spot 2 -0.0108221 0.03408 -0.006954
Spot 1 0.0134063 0.0356946 -0.074632
Spot 2 0.0134715 0.03569 -0.074632
Spot 1 -0.0131744 0.035691 -0.006954
Spot 2 -0.0132397 0.0356864 -0.006954
Spot 1 0.0134064 0.0356945 -0.074632
Spot 2 0.0134715 0.03569 -0.074632
Spot 1 -0.0131746 0.0356909 -0.006954
Spot 2 -0.0132397 0.0356864 -0.006954
Spot 1 0.0134063 0.0356945 -0.074632
Spot 2 0.0134705 0.035691 -0.074632
Spot 1 -0.0131745 0.0356909 -0.006954
Spot 2 -0.0132387 0.0356874 -0.006954
Spot 1 0.0134066 0.0356945 -0.074632
Spot 2 0.0134725 0.035691 -0.074632
Spot 1 -0.0131748 0.0356909 -0.006954
Spot 2 -0.0132407 0.0356874 -0.006954
Spot 1 0.0134062 0.0356945 -0.074632
Spot 2 0.0134715 0.03569 -0.074632
Spot 1 -0.0131744 0.0356909 -0.006954
Spot 2 -0.0132397 0.0356864 -0.006954
Spot 1 0.0134063 0.0356945 -0.074632
Spot 2 0.0134715 0.03569 -0.074632
Spot 1 -0.0131745 0.0356909 -0.006954
Spot 2 -0.0132397 0.0356864 -0.006954


*****************************************************************coordonnees du prisme dans le repere MOUNT********************************************************************************** 
20MABNDL000077_PR002
-0.0242107 0.0154721 3.70688
-0.0369104 0.0154941 3.66656
-3.58298 -0.0228408 -0.98859
-3.59568 -0.0228188 -1.02891
3.57817 -0.0207674 1.01237
3.56547 -0.0207454 0.972053
0.0259605 0.0148778 -3.74718
0.0132608 0.0148999 -3.7875
0.0354898 0.0551905 3.707
0.0227901 0.0552125 3.66669
-3.57146 0.089748 -1.03138
-3.58416 0.08977 -1.07169
3.56492 0.0922364 1.05798
3.55222 0.0922584 1.01766
-0.034116 0.0547931 -3.74713
-0.0468158 0.0548151 -3.78745
-0.0242003 0.0154686 3.70688
-0.0369001 0.0154906 3.66657
-3.58297 -0.022851 -0.988597
-3.59567 -0.022829 -1.02891
3.57817 -0.0207778 1.01238
3.56547 -0.0207558 0.972061
0.0259501 0.0148742 -3.74718
0.0132504 0.0148962 -3.7875
-0.0242035 0.0154691 3.70688
-0.0369033 0.0154911 3.66657
-3.58297 -0.0228496 -0.988595
-3.59567 -0.0228276 -1.02891
3.57817 -0.0207762 1.01237
3.56547 -0.0207542 0.972058
0.0259533 0.0148748 -3.74718
0.0132536 0.0148968 -3.7875
-0.0241766 0.0154444 3.70688
-0.0368764 0.0154664 3.66657
-3.58297 -0.0229192 -0.988613
-3.59567 -0.0228972 -1.02893
3.57816 -0.0208462 1.01239
3.56546 -0.0208242 0.972078
0.0259263 0.0148499 -3.74718
0.0132265 0.0148719 -3.7875
-0.0242344 0.0154459 3.70688
-0.0369341 0.0154679 3.66656
-3.58298 -0.0229126 -0.988574
-3.59568 -0.0228906 -1.02889
3.57817 -0.0208395 1.01235
3.56547 -0.0208175 0.972036
0.0259844 0.0148515 -3.74718
0.0132846 0.0148735 -3.7875
-0.0241993 0.0154706 3.70688
-0.0368991 0.0154926 3.66657
-3.58297 -0.0228457 -0.988598
-3.59567 -0.0228237 -1.02891
3.57817 -0.0207725 1.01238
3.56547 -0.0207505 0.972062
0.0259491 0.0148762 -3.74718
0.0132494 0.0148982 -3.7875
-0.0242008 0.0154711 3.70688
-0.0369006 0.0154931 3.66657
-3.58297 -0.0228441 -0.988597
-3.59567 -0.0228221 -1.02891
3.57817 -0.0207709 1.01238
3.56547 -0.0207489 0.972061
0.0259506 0.0148767 -3.74718
0.0132508 0.0148987 -3.7875


*****************************************************************coordonnees du prisme dans le repere ATLAS********************************************************************************** 
20MABNDL000077_PR002 0
2.84155 -3.76873 6.48606
2.84148 -3.78138 6.44573
2.87412 -7.32171 1.78617
2.87405 -7.33436 1.74584
2.87629 -0.16304 3.79596
2.87622 -0.17569 3.75563
2.83484 -3.70936 -0.967929
2.83478 -3.72201 -1.00826
2.80185 -3.70901 6.4863
2.80178 -3.72166 6.44597
2.76149 -7.31011 1.74351
2.76143 -7.32276 1.70318
2.76332 -0.176309 3.84166
2.76326 -0.18896 3.80133
2.79491 -3.76943 -0.967911
2.79484 -3.78208 -1.00824
2.84155 -3.76872 6.48606
2.84148 -3.78137 6.44573
2.87413 -7.32171 1.78617
2.87406 -7.33436 1.74584
2.8763 -0.163043 3.79597
2.87623 -0.175693 3.75564
2.83485 -3.70937 -0.967929
2.83478 -3.72202 -1.00826
2.84155 -3.76872 6.48606
2.84148 -3.78137 6.44573
2.87413 -7.32171 1.78617
2.87406 -7.33436 1.74584
2.8763 -0.163042 3.79597
2.87623 -0.175692 3.75563
2.83485 -3.70937 -0.967929
2.83478 -3.72202 -1.00826
2.84157 -3.76869 6.48606
2.84151 -3.78134 6.44573
2.8742 -7.3217 1.78615
2.87413 -7.33435 1.74582
2.87637 -0.163048 3.79598
2.8763 -0.175698 3.75565
2.83487 -3.7094 -0.967929
2.83481 -3.72205 -1.00826
2.84157 -3.76875 6.48606
2.84151 -3.7814 6.44573
2.87419 -7.32171 1.78619
2.87413 -7.33436 1.74586
2.87636 -0.163036 3.79594
2.87629 -0.175686 3.75561
2.83487 -3.70934 -0.967929
2.8348 -3.72199 -1.00826
2.84155 -3.76872 6.48606
2.84148 -3.78137 6.44573
2.87413 -7.32171 1.78617
2.87406 -7.33436 1.74584
2.87629 -0.163043 3.79597
2.87623 -0.175693 3.75564
2.83485 -3.70938 -0.967929
2.83478 -3.72203 -1.00826
2.84155 -3.76872 6.48606
2.84148 -3.78137 6.44573
2.87412 -7.32171 1.78617
2.87406 -7.33436 1.74584
2.87629 -0.163042 3.79597
2.87623 -0.175692 3.75564
2.83484 -3.70937 -0.967929
2.83478 -3.72202 -1.00826


*****************************************************************Rapport********************************************************************************** 
CAM-LBA-US_EBA-US-HO-H 2014.08.15.14.42.01 2.84714 -3.7471 2.755 0.0313637 2.52997 2.73067 0 VRAI 
