********** Fichier qui contient une sauvegarde des coordonnees images + coordonnees images transformees dans le repere BCAM (MOUNT) + coordonnees des prismes dans le repere MOUNT********** 
********************************************************************** Unite en metres (m)************************************************************************************************** 

*******************************************************************coordonnees images dans le repere CCD *********************************************************************************** 
20MABNDM000168_PR025
Spot 1 0.002859 3.7e-05
Spot 2 0.00098833 3.5e-05
Spot 1 0.002657 4.9e-05
Spot 2 0.001485 6.9e-05
Spot 1 0.002845 3.25e-05
Spot 2 0.003345 3.5e-05
Spot 1 0.00141214 5.357e-05
Spot 2 0.001291 3.7e-05
Spot 1 0.000855 6.786e-05
Spot 2 0.0032925 3.25e-05
20MABNDM000168_PR026
Spot 1 0.00329 4e-05
Spot 2 0.00235 5e-05
Spot 1 0.00235 4.75e-05
Spot 2 0.00191 5.5e-05
Spot 1 0.00328167 4.5e-05
Spot 2 0.00246167 5.5e-05
Spot 1 0.000995 3.25e-05
Spot 2 0.002805 4.25e-05
Spot 1 0.0013025 5.5e-05
Spot 2 0.00095833 3.5e-05
20MABNDM000168_PR001
Spot 1 0.00276019 0.0016287
Spot 2 0.00220652 0.00135723
Spot 1 0.00276012 0.0016288
Spot 2 0.00220644 0.00135732
Spot 1 0.00276016 0.0016297
Spot 2 0.00220635 0.00135789
Spot 1 0.0027601 0.00162949
Spot 2 0.00220632 0.00135781
20MABNDM000168_20MABNDL000077
Spot 1 0.00157163 0.00139914
Spot 2 0.00139436 0.00125885
Spot 1 0.00157131 0.00139884
Spot 2 0.00142451 0.00087565
Spot 1 0.00157139 0.00139888
Spot 2 0.00133072 0.00104568
Spot 1 0.00157158 0.0013993
Spot 2 0.00133058 0.00104596
20MABNDL000196_PR036
Spot 1 0.000705 8.5e-05
Spot 2 0.000935 0.000115
Spot 1 0.001735 7.5e-05
Spot 2 0.001125 0.000115
Spot 1 0.003015 0.000195
Spot 2 0.002435 0.000285
Spot 1 0.002595 0.000145
Spot 2 0.00045167 0.00025833
20MABNDL000196_PR037
Spot 1 0.000735 0.000125
Spot 2 0.002055 0.000135
Spot 1 0.001365 0.000245
Spot 2 0.001125 6.5e-05
Spot 1 0.00314 5e-05
Spot 2 0.0016 6e-05
Spot 1 0.00081167 0.000275
Spot 2 0.001165 5.5e-05
20MABNDL000196_PR012
Spot 1 0.00084855 0.00179171
Spot 2 0.00140011 0.0016626
Spot 1 0.0008485 0.00179174
Spot 2 0.0014001 0.00166284
Spot 1 0.00084852 0.00179163
Spot 2 0.0014001 0.0016629
Spot 1 0.00084856 0.00179182
Spot 2 0.00140018 0.00166223
20MABNDL000196_20MABNDM000020
Spot 1 0.00184158 0.00129871
Spot 2 0.00225822 0.0006832
Spot 1 0.00184156 0.00129978
Spot 2 0.00225831 0.00068297
Spot 1 0.00184149 0.00129987
Spot 2 0.00225846 0.00068297
Spot 1 0.00184147 0.00129981
Spot 2 0.00225837 0.00068289


****************************************************************coordonnees images transformees dans le repere MOUNT************************************************************************* 
20MABNDM000168_PR025
Spot 1 0.0115851 -0.0340185 -0.074451
Spot 2 0.0134556 -0.0340439 -0.074451
Spot 1 0.0117869 -0.0340334 -0.074451
Spot 2 0.0129585 -0.0340706 -0.074451
Spot 1 0.0115991 -0.0340142 -0.074451
Spot 2 0.0110992 -0.0340094 -0.074451
Spot 1 0.0130315 -0.0340562 -0.074451
Spot 2 0.0131529 -0.0340414 -0.074451
Spot 1 0.0135884 -0.0340787 -0.074451
Spot 2 0.0111517 -0.0340076 -0.074451
20MABNDM000168_PR026
Spot 1 0.0111541 -0.0340152 -0.074451
Spot 2 0.0120938 -0.0340389 -0.074451
Spot 1 0.0120939 -0.0340364 -0.074451
Spot 2 0.0125337 -0.0340504 -0.074451
Spot 1 0.0111623 -0.0340203 -0.074451
Spot 2 0.0119821 -0.0340423 -0.074451
Spot 1 0.0134489 -0.0340413 -0.074451
Spot 2 0.011639 -0.0340248 -0.074451
Spot 1 0.0131412 -0.0340593 -0.074451
Spot 2 0.0134856 -0.0340443 -0.074451
20MABNDM000168_PR001
Spot 1 0.0116606 -0.0356115 -0.074451
Spot 2 0.0122182 -0.0353481 -0.074451
Spot 1 0.0116607 -0.0356116 -0.074451
Spot 2 0.0122183 -0.0353482 -0.074451
Spot 1 0.0116606 -0.0356125 -0.074451
Spot 2 0.0122183 -0.0353488 -0.074451
Spot 1 0.0116607 -0.0356123 -0.074451
Spot 2 0.0122184 -0.0353487 -0.074451
20MABNDM000168_20MABNDL000077
Spot 1 0.0128524 -0.0353993 -0.074451
Spot 2 0.0130317 -0.0352616 -0.074451
Spot 1 0.0128527 -0.035399 -0.074451
Spot 2 0.0130071 -0.034878 -0.074451
Spot 1 0.0128526 -0.0353991 -0.074451
Spot 2 0.0130984 -0.0350494 -0.074451
Spot 1 0.0128524 -0.0353995 -0.074451
Spot 2 0.0130986 -0.0350497 -0.074451
20MABNDL000196_PR036
Spot 1 -0.0115101 0.034381 -0.00611
Spot 2 -0.0117406 0.0344063 -0.00611
Spot 1 -0.0125396 0.0343502 -0.00611
Spot 2 -0.0119306 0.0344025 -0.00611
Spot 1 -0.0138218 0.0344445 -0.00611
Spot 2 -0.0132437 0.0345461 -0.00611
Spot 1 -0.0134009 0.0344029 -0.00611
Spot 2 -0.0112603 0.0345594 -0.00611
20MABNDL000196_PR037
Spot 1 -0.0115409 0.0344203 -0.00611
Spot 2 -0.0128608 0.0344038 -0.00611
Spot 1 -0.0121731 0.0345276 -0.00611
Spot 2 -0.0119296 0.0343525 -0.00611
Spot 1 -0.0139439 0.034297 -0.00611
Spot 2 -0.0124044 0.034338 -0.00611
Spot 1 -0.0116205 0.0345688 -0.00611
Spot 2 -0.0119694 0.0343417 -0.00611
20MABNDL000196_PR012
Spot 1 -0.0116879 0.0360844 -0.00611
Spot 2 -0.0122368 0.0359443 -0.00611
Spot 1 -0.0116879 0.0360845 -0.00611
Spot 2 -0.0122368 0.0359445 -0.00611
Spot 1 -0.0116879 0.0360844 -0.00611
Spot 2 -0.0122368 0.0359446 -0.00611
Spot 1 -0.0116879 0.0360845 -0.00611
Spot 2 -0.0122368 0.0359439 -0.00611
20MABNDL000196_20MABNDM000020
Spot 1 -0.0126708 0.0355716 -0.00611
Spot 2 -0.013075 0.0349478 -0.00611
Spot 1 -0.0126708 0.0355726 -0.00611
Spot 2 -0.0130751 0.0349476 -0.00611
Spot 1 -0.0126708 0.0355727 -0.00611
Spot 2 -0.0130752 0.0349476 -0.00611
Spot 1 -0.0126707 0.0355727 -0.00611
Spot 2 -0.0130751 0.0349475 -0.00611


*****************************************************************coordonnees du prisme dans le repere MOUNT********************************************************************************** 
20MABNDM000168_PR025
0.0245605 -0.100725 3.70837
0.0318604 -0.0996943 3.70836
0.0824513 -0.101672 3.70772
-0.00371533 -0.0998521 3.70837
0.0319885 -0.100132 3.70835
20MABNDM000168_PR026
0.0718334 -0.104346 3.90373
0.0359329 -0.103502 3.90412
0.0745255 -0.104124 3.90369
0.023953 -0.104043 3.90416
-0.0160954 -0.103066 3.90409
20MABNDM000168_PR001
0.0763026 -0.0251493 5.81482
0.0762969 -0.0251419 5.81482
0.0762958 -0.0250849 5.81482
0.0762921 -0.0250962 5.81482
20MABNDM000168_20MABNDL000077
-0.000391086 -0.0366771 5.38883
0.000478895 -0.050468 5.38881
-0.00279776 -0.04431 5.38882
-0.00279562 -0.0442848 5.38882
20MABNDL000196_PR036
-0.0645591 0.0826944 -3.76785
-0.0346093 0.0835465 -3.76814
0.0291333 0.077704 -3.76803
-0.0299198 0.0784012 -3.76822
20MABNDL000196_PR037
-0.0375465 0.0842224 -3.96404
-0.045279 0.0827729 -3.964
0.0128023 0.0891154 -3.96397
-0.0585418 0.0819871 -3.96387
20MABNDL000196_PR012
-0.0685646 -0.0161172 -5.91527
-0.0685667 -0.0161278 -5.91527
-0.068566 -0.0161258 -5.91527
-0.0685617 -0.0161071 -5.91527
20MABNDL000196_20MABNDM000020
0.00108358 0.0420511 -5.47472
0.00108673 0.042021 -5.47472
0.00108964 0.0420179 -5.47472
0.00108562 0.0420228 -5.47472


*****************************************************************coordonnees du prisme dans le repere ATLAS********************************************************************************** 
20MABNDM000168_PR025 0
2.75296 -3.76708 1.01776
2.75399 -3.77438 1.01775
2.752 -3.82497 1.01713
2.75384 -3.7388 1.01775
2.75355 -3.77451 1.01774
20MABNDM000168_PR026 0
2.74934 -3.81428 1.21313
2.75019 -3.77838 1.21351
2.74956 -3.81697 1.2131
2.74966 -3.7664 1.21355
2.75064 -3.72635 1.21346
20MABNDM000168_PR001 0
2.82865 -3.81806 3.12422
2.82866 -3.81805 3.12422
2.82872 -3.81805 3.12422
2.8287 -3.81805 3.12422
20MABNDM000168_20MABNDL000077 0
2.81712 -3.74152 2.69821
2.80333 -3.74239 2.69819
2.80949 -3.73911 2.69819
2.80951 -3.73911 2.69819
20MABNDL000196_PR036 0
-2.7707 -3.80186 0.976626
-2.76986 -3.77191 0.976887
-2.77573 -3.70817 0.976726
-2.77501 -3.76723 0.97697
20MABNDL000196_PR037 0
-2.76918 -3.77467 1.17279
-2.77062 -3.7824 1.17276
-2.76431 -3.72432 1.17268
-2.7714 -3.79566 1.17265
20MABNDL000196_PR012 0
-2.86946 -3.80392 3.12406
-2.86947 -3.80392 3.12406
-2.86947 -3.80392 3.12406
-2.86945 -3.80392 3.12406
20MABNDL000196_20MABNDM000020 0
-2.81133 -3.73465 2.68344
-2.81136 -3.73465 2.68344
-2.81137 -3.73465 2.68344
-2.81136 -3.73465 2.68344


*****************************************************************Rapport********************************************************************************** 
CAM-LBC-US_EBC-US-HO-H 2014.08.18.11.43.00 2.75327 -3.77595 1.01763 0.000726082 0.0278067 0.000248385 0 VRAI 
CAM-LBC-US_JDC-US-H 2014.08.18.11.43.00 2.74988 -3.78048 1.21335 0.000474401 0.0334864 0.000195533 0 VRAI 
CAM-LBC-US_EBA-US-IP-H 2014.08.18.11.43.00 2.82868 -3.81805 3.12422 2.79433e-05 3.75462e-06 0 0 VRAI 
CAM-LBC-US_CAM-LBA-US 2014.08.18.11.43.00 2.80986 -3.74053 2.6982 0.00488932 0.00145302 6.25224e-06 0 VRAI 
CAM-LBC-USA_EBC-USA-HO-H 2014.08.18.11.43.00 -2.77282 -3.76229 0.976802 0.00257538 0.0339545 0.000134369 0 VRAI 
CAM-LBC-USA_JDC-USA-H 2014.08.18.11.43.00 -2.76888 -3.76926 1.17272 0.00275669 0.027014 5.9003e-05 0 VRAI 
CAM-LBC-USA_EBA-USA-IP-H 2014.08.18.11.43.00 -2.86946 -3.80392 3.12406 8.1604e-06 1.91757e-06 0 0 VRAI 
CAM-LBC-USA_CAM-LBA-USA 2014.08.18.11.43.00 -2.81136 -3.73465 2.68344 1.33007e-05 2.16226e-06 0 0 VRAI 
