********** Fichier qui contient une sauvegarde des coordonnees images + coordonnees images transformees dans le repere BCAM (MOUNT) + coordonnees des prismes dans le repere MOUNT********** 
********************************************************************** Unite en metres (m)************************************************************************************************** 

*******************************************************************coordonnees images dans le repere CCD *********************************************************************************** 
20MABNDL000077_PR002
Spot 1 0.00108576 6.963e-05
Spot 2 0.00157967 5.771e-05
Spot 1 0.00108568 6.9e-05
Spot 2 0.00141007 0.00010378
Spot 1 0.0010858 6.903e-05
Spot 2 0.00200758 9.861e-05
Spot 1 0.00108594 6.92e-05
Spot 2 0.00201 9.887e-05
Spot 1 0.00108583 6.911e-05
Spot 2 0.00201021 0.00010006
20MABNDL000077_PR003
Spot 1 0.00141732 9.159e-05
Spot 2 0.00117068 3.486e-05
Spot 1 0.00157997 5.728e-05
Spot 2 0.00185994 8.977e-05
Spot 1 0.00158175 5.734e-05
Spot 2 0.00141682 9.065e-05
Spot 1 0.00140966 0.0001043
Spot 2 0.00158026 5.723e-05
Spot 1 0.00140941 0.00010493
Spot 2 0.00158084 5.745e-05
20MABNDL000077_PR024
Spot 1 0.00234622 0.0018278
Spot 2 0.002045 0.002055
Spot 1 0.00234633 0.00182778
Spot 2 0.002045 0.002055
Spot 1 0.00234623 0.00182731
Spot 2 0.00174735 0.00170324
Spot 1 0.00234612 0.00182741
Spot 2 0.00174889 0.00170278
20MABNDL000077_20MABNDM000168
Spot 1 0.00186821 0.00152329
Spot 2 0.00181906 0.00123853
Spot 1 0.00186827 0.00152239
Spot 2 0.00181852 0.00123934
Spot 1 0.00186831 0.00152226
Spot 2 0.00197106 0.00123573
Spot 1 0.00186834 0.00152301
Spot 2 0.00181893 0.00123907
20MABNDM000020_PR013
Spot 1 0.00238582 0.00015689
Spot 2 0.00276432 7.233e-05
Spot 1 0.00238704 0.00015681
Spot 2 0.00218423 9.025e-05
Spot 1 0.00237089 0.00015924
Spot 2 0.00276447 7.207e-05
Spot 1 0.00237185 0.00015832
Spot 2 0.00275261 6.613e-05
20MABNDM000020_PR014
Spot 1 0.00221965 8.576e-05
Spot 2 0.00214439 4.53e-05
Spot 1 0.00275264 6.767e-05
Spot 2 0.00263773 4.258e-05
Spot 1 0.00223157 4.167e-05
Spot 2 0.00263855 4.21e-05
Spot 1 0.00214367 4.6e-05
Spot 2 0.00268741 1.81e-05
20MABNDM000020_PR035
Spot 1 0.00154693 0.00105829
Spot 2 0.000945 0.001745
Spot 1 0.00154699 0.00105579
Spot 2 0.000945 0.001745
Spot 1 0.00154703 0.001055
Spot 2 0.000945 0.001745
Spot 1 0.00154711 0.00104896
Spot 2 0.000945 0.001745
20MABNDM000020_20MABNDL000196
Spot 1 0.00200468 0.00107106
Spot 2 0.0021534 0.000545
Spot 1 0.00200469 0.0010709
Spot 2 0.00189439 0.00065833
Spot 1 0.00200467 0.00107065
Spot 2 0.0021534 0.000545
Spot 1 0.00200471 0.00107082
Spot 2 0.002078 0.000422


****************************************************************coordonnees images transformees dans le repere MOUNT************************************************************************* 
20MABNDL000077_PR002
Spot 1 0.0121423 0.0341424 -0.074632
Spot 2 0.0126361 0.0341257 -0.074632
Spot 1 0.0121422 0.0341417 -0.074632
Spot 2 0.0124669 0.0341734 -0.074632
Spot 1 0.0121423 0.0341418 -0.074632
Spot 2 0.0130644 0.0341625 -0.074632
Spot 1 0.0121425 0.0341419 -0.074632
Spot 2 0.0130668 0.0341627 -0.074632
Spot 1 0.0121424 0.0341418 -0.074632
Spot 2 0.013067 0.0341639 -0.074632
20MABNDL000077_PR003
Spot 1 0.0124741 0.0341611 -0.074632
Spot 2 0.0122269 0.0341068 -0.074632
Spot 1 0.0126364 0.0341253 -0.074632
Spot 2 0.0129166 0.0341551 -0.074632
Spot 1 0.0126382 0.0341253 -0.074632
Spot 2 0.0124736 0.0341602 -0.074632
Spot 1 0.0124665 0.0341739 -0.074632
Spot 2 0.0126367 0.0341252 -0.074632
Spot 1 0.0124663 0.0341746 -0.074632
Spot 2 0.0126372 0.0341254 -0.074632
20MABNDL000077_PR024
Spot 1 -0.0131879 0.0358847 -0.006954
Spot 2 -0.012889 0.036115 -0.006954
Spot 1 -0.013188 0.0358847 -0.006954
Spot 2 -0.012889 0.036115 -0.006954
Spot 1 -0.0131879 0.0358842 -0.006954
Spot 2 -0.0125878 0.0357663 -0.006954
Spot 1 -0.0131878 0.0358843 -0.006954
Spot 2 -0.0125893 0.0357658 -0.006954
20MABNDL000077_20MABNDM000168
Spot 1 -0.0127068 0.0355851 -0.006954
Spot 2 -0.0126548 0.0353009 -0.006954
Spot 1 -0.0127069 0.0355842 -0.006954
Spot 2 -0.0126542 0.0353017 -0.006954
Spot 1 -0.0127069 0.0355841 -0.006954
Spot 2 -0.0128067 0.0352965 -0.006954
Spot 1 -0.0127069 0.0355848 -0.006954
Spot 2 -0.0126546 0.0353014 -0.006954
20MABNDM000020_PR013
Spot 1 -0.0120036 -0.0340991 -0.005235
Spot 2 -0.0116271 -0.0340062 -0.005235
Spot 1 -0.0120024 -0.034099 -0.005235
Spot 2 -0.0122066 -0.034037 -0.005235
Spot 1 -0.0120185 -0.0341018 -0.005235
Spot 2 -0.0116269 -0.034006 -0.005235
Spot 1 -0.0120175 -0.0341009 -0.005235
Spot 2 -0.0116389 -0.0340003 -0.005235
20MABNDM000020_PR014
Spot 1 -0.0121713 -0.0340317 -0.005235
Spot 2 -0.0122474 -0.0339929 -0.005235
Spot 1 -0.0116388 -0.0340018 -0.005235
Spot 2 -0.0117543 -0.0339793 -0.005235
Spot 1 -0.0121604 -0.0339874 -0.005235
Spot 2 -0.0117535 -0.0339788 -0.005235
Spot 1 -0.0122481 -0.0339936 -0.005235
Spot 2 -0.0117052 -0.0339537 -0.005235
20MABNDM000020_PR035
Spot 1 0.0131393 -0.0350268 -0.075838
Spot 2 0.0137414 -0.0357134 -0.075838
Spot 1 0.0131393 -0.0350243 -0.075838
Spot 2 0.0137414 -0.0357134 -0.075838
Spot 1 0.0131392 -0.0350235 -0.075838
Spot 2 0.0137414 -0.0357134 -0.075838
Spot 1 0.0131391 -0.0350175 -0.075838
Spot 2 0.0137414 -0.0357134 -0.075838
20MABNDM000020_20MABNDL000196
Spot 1 0.0126816 -0.0350396 -0.075838
Spot 2 0.0125328 -0.0345136 -0.075838
Spot 1 0.0126816 -0.0350395 -0.075838
Spot 2 0.0127918 -0.0346269 -0.075838
Spot 1 0.0126816 -0.0350392 -0.075838
Spot 2 0.0125328 -0.0345136 -0.075838
Spot 1 0.0126816 -0.0350394 -0.075838
Spot 2 0.0126082 -0.0343906 -0.075838


*****************************************************************coordonnees du prisme dans le repere MOUNT********************************************************************************** 
20MABNDL000077_PR002
0.0276545 0.0924446 3.70666
0.0318344 0.0912819 3.70666
0.0170757 0.0915516 3.7067
0.0170124 0.0915416 3.7067
0.0170096 0.0915144 3.7067
20MABNDL000077_PR003
0.0304269 0.0953235 3.89556
0.00830872 0.0950022 3.8956
0.0197645 0.0948675 3.8956
0.0199855 0.094514 3.89561
0.0199767 0.0944921 3.89561
20MABNDL000077_PR024
0.0148673 -0.0214008 -5.89637
0.0148716 -0.0213999 -5.89637
0.00312485 -0.00778962 -5.89654
0.00318044 -0.00777495 -5.89654
20MABNDL000077_20MABNDM000168
-0.0129963 0.0230473 -5.46874
-0.0130137 0.0230504 -5.46874
-0.0075047 0.0232418 -5.46874
-0.0129962 0.0230377 -5.46874
20MABNDM000020_PR013
-0.0529479 -0.0894742 -3.80188
-0.0386012 -0.088716 -3.80202
-0.0525825 -0.0894142 -3.80189
-0.0523084 -0.0895784 -3.80189
20MABNDM000020_PR014
-0.0344497 -0.094301 -3.99102
-0.061184 -0.0954311 -3.99076
-0.0476117 -0.0958234 -3.9909
-0.0465829 -0.0963137 -3.9909
20MABNDM000020_PR035
-0.0410585 -0.0153456 5.801
-0.0410561 -0.0154419 5.801
-0.0410546 -0.0154724 5.801
-0.0410515 -0.015705 5.80101
20MABNDM000020_20MABNDL000196
0.0224108 -0.0593152 5.39477
0.0131307 -0.0552619 5.3948
0.0224104 -0.0593298 5.39477
0.019711 -0.0637309 5.39475


*****************************************************************coordonnees du prisme dans le repere ATLAS********************************************************************************** 
20MABNDL000077_PR002 0
2.76459 -3.71684 6.48598
2.76575 -3.71266 6.48599
2.76548 -3.72742 6.48601
2.76549 -3.72748 6.48601
2.76552 -3.72748 6.48601
20MABNDL000077_PR003 0
2.7619 -3.7143 6.67489
2.76221 -3.73641 6.67491
2.76235 -3.72496 6.67492
2.7627 -3.72474 6.67492
2.76272 -3.72475 6.67492
20MABNDL000077_PR024 0
2.86901 -3.71782 -3.11717
2.86901 -3.71781 -3.11717
2.8554 -3.72956 -3.11733
2.85538 -3.7295 -3.11733
20MABNDL000077_20MABNDM000168 0
2.82497 -3.7462 -2.68952
2.82497 -3.74621 -2.68952
2.82478 -3.7407 -2.68952
2.82498 -3.7462 -2.68952
20MABNDM000020_PR013 0
-2.76282 -3.68656 6.48575
-2.76358 -3.7009 6.48588
-2.76288 -3.68692 6.48575
-2.76271 -3.6872 6.48575
20MABNDM000020_PR014 0
-2.75796 -3.7052 6.67487
-2.75682 -3.67847 6.67463
-2.75643 -3.69204 6.67476
-2.75594 -3.69307 6.67476
20MABNDM000020_PR035 0
-2.83888 -3.69112 -3.11713
-2.83878 -3.69112 -3.11713
-2.83875 -3.69113 -3.11713
-2.83852 -3.69113 -3.11713
20MABNDM000020_20MABNDL000196 0
-2.79485 -3.75491 -2.71095
-2.7989 -3.74563 -2.71097
-2.79483 -3.75491 -2.71095
-2.79043 -3.75221 -2.71094


*****************************************************************Rapport********************************************************************************** 
CAM-LBA-US_EBA-US-HO-H 2014.08.19.16.14.35 2.76537 -3.72237 6.486 0.00040089 0.00636636 1.28325e-05 0 VRAI 
CAM-LBA-US_JDA-US-H 2014.08.19.16.14.35 2.76238 -3.72503 6.67491 0.000311799 0.00699982 1.23441e-05 0 VRAI 
CAM-LBA-US_EBC-US-IP-H 2014.08.19.16.14.35 2.8622 -3.72367 -3.11725 0.00681097 0.00585625 8.18968e-05 0 VRAI 
CAM-LBA-US_CAM-LBC-US 2014.08.19.16.14.35 2.82493 -3.74483 -2.68952 8.45772e-05 0.00238051 3.92305e-06 0 VRAI 
CAM-LBA-USA_EBA-USA-HO-H 2014.08.19.16.14.35 -2.763 -3.6904 6.48578 0.000341566 0.00607148 5.39943e-05 0 VRAI 
CAM-LBA-USA_JDA-USA-H 2014.08.19.16.14.35 -2.75679 -3.69219 6.67475 0.00074383 0.00946578 8.4113e-05 0 VRAI 
CAM-LBA-USA_EBC-USA-IP-H 2014.08.19.16.14.35 -2.83874 -3.69112 -3.11713 0.000131961 2.60289e-06 7.15256e-07 0 VRAI 
CAM-LBA-USA_CAM-LBC-USA 2014.08.19.16.14.35 -2.79475 -3.75192 -2.71095 0.0029949 0.00379289 1.24789e-05 0 VRAI 
