********** Fichier qui contient une sauvegarde des coordonnees images + coordonnees images transformees dans le repere BCAM (MOUNT) + coordonnees des prismes dans le repere MOUNT********** 
********************************************************************** Unite en metres (m)************************************************************************************************** 

*******************************************************************coordonnees images dans le repere CCD *********************************************************************************** 
20MABNDM000168_PR025
Spot 1 0.00242489 0.001324
Spot 2 0.00255286 0.00132762
Spot 1 0.00242486 0.00132394
Spot 2 0.00255316 0.00132799
Spot 1 0.00242469 0.00132389
Spot 2 0.00255284 0.00132795
Spot 1 0.00242476 0.00132397
Spot 2 0.00255298 0.00132837
Spot 1 0.0024249 0.00132429
Spot 2 0.002553 0.00132823
20MABNDM000168_PR026
Spot 1 -1e-06 -1e-06
Spot 2 -1e-06 -1e-06
Spot 1 -1e-06 -1e-06
Spot 2 -1e-06 -1e-06
Spot 1 -1e-06 -1e-06
Spot 2 -1e-06 -1e-06
Spot 1 -1e-06 -1e-06
Spot 2 -1e-06 -1e-06
Spot 1 -1e-06 -1e-06
Spot 2 -1e-06 -1e-06
20MABNDM000168_PR001
Spot 1 0.00098667 2.833e-05
Spot 2 0.0008 3.5e-05
Spot 1 0.001965 0.001195
Spot 2 0.001005 2.5e-05
Spot 1 0.001515 0.000625
Spot 2 0.001215 0.000175
Spot 1 0.001745 0.000225
Spot 2 0.001695 0.000465
20MABNDM000168_20MABNDL000077
Spot 1 0.00156647 0.00139175
Spot 2 0.00166019 0.00088714
Spot 1 0.00156692 0.00139217
Spot 2 0.00166068 0.00088733
Spot 1 0.00156701 0.00139287
Spot 2 0.00166043 0.00088824
Spot 1 0.00156706 0.00139204
Spot 2 0.00166095 0.00088772
20MABNDL000196_PR036
Spot 1 0.00113746 0.00175865
Spot 2 0.001265 0.001595
Spot 1 0.00113742 0.00175876
Spot 2 0.00125382 0.00159206
Spot 1 0.00118001 0.00157022
Spot 2 0.00105156 0.0015278
Spot 1 0.00113754 0.00175821
Spot 2 0.001265 0.001595
20MABNDL000196_PR037
Spot 1 0.001285 0.001565
Spot 2 -1e-06 -1e-06
Spot 1 0.001285 0.001565
Spot 2 -1e-06 -1e-06
Spot 1 -1e-06 -1e-06
Spot 2 -1e-06 -1e-06
Spot 1 0.001285 0.001565
Spot 2 -1e-06 -1e-06
20MABNDL000196_PR012
Spot 1 0.000485 9.25e-05
Spot 2 0.003175 5.167e-05
Spot 1 0.003185 5.3e-05
Spot 2 0.00332167 4.5e-05
Spot 1 0.00161 5.833e-05
Spot 2 0.0024525 6.25e-05
Spot 1 0.002625 5e-05
Spot 2 0.0027225 5.75e-05
20MABNDL000196_20MABNDM000020
Spot 1 0.00184327 0.00130036
Spot 2 0.00225642 0.00067825
Spot 1 0.00184325 0.00130024
Spot 2 0.00225623 0.00067835
Spot 1 0.00184336 0.00130015
Spot 2 0.00225574 0.00067828
Spot 1 0.00184342 0.0013001
Spot 2 0.00225599 0.00067802


****************************************************************coordonnees images transformees dans le repere MOUNT************************************************************************* 
20MABNDM000168_PR025
Spot 1 -0.0119779 -0.0356558 -0.005329
Spot 2 -0.0118499 -0.0356589 -0.005329
Spot 1 -0.0119779 -0.0356558 -0.005329
Spot 2 -0.0118496 -0.0356593 -0.005329
Spot 1 -0.0119781 -0.0356557 -0.005329
Spot 2 -0.0118499 -0.0356592 -0.005329
Spot 1 -0.011978 -0.0356558 -0.005329
Spot 2 -0.0118498 -0.0356596 -0.005329
Spot 1 -0.0119779 -0.0356561 -0.005329
Spot 2 -0.0118498 -0.0356595 -0.005329
20MABNDM000168_PR026
Spot 1 -0.0144095 -0.0343413 -0.005329
Spot 2 -0.0144095 -0.0343413 -0.005329
Spot 1 -0.0144095 -0.0343413 -0.005329
Spot 2 -0.0144095 -0.0343413 -0.005329
Spot 1 -0.0144095 -0.0343413 -0.005329
Spot 2 -0.0144095 -0.0343413 -0.005329
Spot 1 -0.0144095 -0.0343413 -0.005329
Spot 2 -0.0144095 -0.0343413 -0.005329
Spot 1 -0.0144095 -0.0343413 -0.005329
Spot 2 -0.0144095 -0.0343413 -0.005329
20MABNDM000168_PR001
Spot 1 0.0134573 -0.0340372 -0.074451
Spot 2 0.0136439 -0.0340466 -0.074451
Spot 1 0.012462 -0.0351894 -0.074451
Spot 2 0.0134391 -0.0340336 -0.074451
Spot 1 0.0129203 -0.0346261 -0.074451
Spot 2 0.0132269 -0.0341805 -0.074451
Spot 1 0.0126962 -0.0342228 -0.074451
Spot 2 0.0127427 -0.0344635 -0.074451
20MABNDM000168_20MABNDL000077
Spot 1 0.0128577 -0.035392 -0.074451
Spot 2 0.0127713 -0.0348861 -0.074451
Spot 1 0.0128572 -0.0353924 -0.074451
Spot 2 0.0127708 -0.0348863 -0.074451
Spot 1 0.0128571 -0.0353931 -0.074451
Spot 2 0.0127711 -0.0348872 -0.074451
Spot 1 0.0128571 -0.0353923 -0.074451
Spot 2 0.0127706 -0.0348867 -0.074451
20MABNDL000196_PR036
Spot 1 0.0121171 0.0359477 -0.074836
Spot 2 0.012245 0.0357844 -0.074836
Spot 1 0.0121171 0.0359479 -0.074836
Spot 2 0.0122338 0.0357814 -0.074836
Spot 1 0.0121601 0.0357594 -0.074836
Spot 2 0.0120317 0.0357167 -0.074836
Spot 1 0.0121172 0.0359473 -0.074836
Spot 2 0.012245 0.0357844 -0.074836
20MABNDL000196_PR037
Spot 1 0.0122651 0.0357544 -0.074836
Spot 2 0.0109823 0.0341857 -0.074836
Spot 1 0.0122651 0.0357544 -0.074836
Spot 2 0.0109823 0.0341857 -0.074836
Spot 1 0.0109823 0.0341857 -0.074836
Spot 2 0.0109823 0.0341857 -0.074836
Spot 1 0.0122651 0.0357544 -0.074836
Spot 2 0.0109823 0.0341857 -0.074836
20MABNDL000196_PR012
Spot 1 -0.0112902 0.0343929 -0.00611
Spot 2 -0.0139789 0.0342979 -0.00611
Spot 1 -0.0139889 0.0342991 -0.00611
Spot 2 -0.0141254 0.0342883 -0.00611
Spot 1 -0.0124143 0.0343361 -0.00611
Spot 2 -0.0132567 0.0343233 -0.00611
Spot 1 -0.013429 0.0343073 -0.00611
Spot 2 -0.0135266 0.0343129 -0.00611
20MABNDL000196_20MABNDM000020
Spot 1 -0.0126725 0.0355732 -0.00611
Spot 2 -0.0130731 0.0349429 -0.00611
Spot 1 -0.0126725 0.0355731 -0.00611
Spot 2 -0.0130729 0.034943 -0.00611
Spot 1 -0.0126726 0.035573 -0.00611
Spot 2 -0.0130724 0.0349429 -0.00611
Spot 1 -0.0126727 0.0355729 -0.00611
Spot 2 -0.0130727 0.0349427 -0.00611


*****************************************************************coordonnees du prisme dans le repere MOUNT********************************************************************************** 
20MABNDM000168_PR025
-0.0507255 -0.0200571 -3.78857
-0.0507322 -0.0200494 -3.78857
-0.0507201 -0.0200515 -3.78857
-0.0507253 -0.0200393 -3.78857
-0.0507293 -0.0200348 -3.78857
20MABNDM000168_PR026
0.0771584 -0.087714 -3.98324
0.0771584 -0.087714 -3.98324
0.0771584 -0.087714 -3.98324
0.0771584 -0.087714 -3.98324
0.0771584 -0.087714 -3.98324
20MABNDM000168_PR001
-0.0486037 -0.136611 5.81398
-0.00209134 -0.092465 5.81488
-0.0116309 -0.108605 5.81467
0.0158256 -0.113271 5.81466
20MABNDM000168_20MABNDL000077
0.00877295 -0.0504314 5.38883
0.00880704 -0.05041 5.38883
0.00880216 -0.0503522 5.38883
0.0088219 -0.0504009 5.38883
20MABNDL000196_PR036
0.04288 0.00408232 3.68784
0.0431552 0.0041523 3.68783
0.0470622 0.0103667 3.68785
0.042878 0.00409311 3.68784
20MABNDL000196_PR037
0.0732962 0.0487196 3.88351
0.0732962 0.0487196 3.88351
0.106434 0.0892601 3.88251
0.0732962 0.0487196 3.88351
20MABNDL000196_PR012
-0.0163146 0.113601 -5.91526
0.0942365 0.117607 -5.91423
-0.000694424 0.114823 -5.91523
0.0492196 0.116341 -5.91489
20MABNDL000196_20MABNDM000020
0.00107726 0.0421697 -5.47472
0.00106969 0.0421702 -5.47472
0.00105594 0.0421756 -5.47472
0.00106682 0.0421869 -5.47472


*****************************************************************coordonnees du prisme dans le repere ATLAS********************************************************************************** 
20MABNDM000168_PR025 0
2.8332 -3.6946 -6.47921
2.83321 -3.6946 -6.47921
2.83321 -3.69461 -6.47921
2.83322 -3.69461 -6.47921
2.83322 -3.6946 -6.47921
20MABNDM000168_PR026 0
2.7655 -3.82254 -6.67383
2.7655 -3.82254 -6.67383
2.7655 -3.82254 -6.67383
2.7655 -3.82254 -6.67383
2.7655 -3.82254 -6.67383
20MABNDM000168_PR001 0
2.71722 -3.69312 3.12334
2.76136 -3.73965 3.12426
2.74522 -3.7301 3.12404
2.74055 -3.75756 3.12404
20MABNDM000168_20MABNDL000077 0
2.80336 -3.75068 2.69821
2.80338 -3.75071 2.69821
2.80344 -3.75071 2.69821
2.80339 -3.75073 2.69821
20MABNDL000196_PR036 0
-2.84952 -3.70139 -6.47915
-2.84945 -3.70112 -6.47915
-2.84324 -3.69721 -6.47917
-2.84951 -3.7014 -6.47915
20MABNDL000196_PR037 0
-2.8049 -3.67114 -6.67486
-2.8049 -3.67114 -6.67486
-2.76438 -3.63798 -6.67389
-2.8049 -3.67114 -6.67486
20MABNDL000196_PR012 0
-2.73976 -3.75161 3.12399
-2.73581 -3.64106 3.12286
-2.73855 -3.73599 3.12395
-2.73706 -3.68607 3.12357
20MABNDL000196_20MABNDM000020 0
-2.81121 -3.73466 2.68344
-2.81121 -3.73467 2.68344
-2.81121 -3.73468 2.68344
-2.8112 -3.73467 2.68344


*****************************************************************Rapport********************************************************************************** 
CAM-LBC-US_EBC-US-HO-H 2014.08.20.15.12.39 2.83321 -3.6946 -6.47921 8.13507e-06 4.0416e-06 2.33602e-07 0 VRAI 
CAM-LBC-US_JDC-US-H 2014.08.20.15.12.39 2.7655 -3.82254 -6.67383 0 0 0 0 VRAI 
CAM-LBC-US_EBA-US-IP-H 2014.08.20.15.12.39 2.74109 -3.73011 3.12392 0.0157933 0.023518 0.000346099 0 VRAI 
CAM-LBC-US_CAM-LBA-US 2014.08.20.15.12.39 2.80339 -3.75071 2.69821 2.89762e-05 1.77389e-05 0 0 VRAI 
CAM-LBC-USA_EBC-USA-HO-H 2014.08.20.15.12.39 -2.84793 -3.70028 -6.47915 0.00270883 0.0017764 7.33694e-06 0 VRAI 
CAM-LBC-USA_JDC-USA-H 2014.08.20.15.12.39 -2.79477 -3.66285 -6.67462 0.0175478 0.0143576 0.000420593 0 VRAI 
CAM-LBC-USA_EBA-USA-IP-H 2014.08.20.15.12.39 -2.7378 -3.70368 3.12359 0.00149441 0.0435105 0.000455835 0 VRAI 
CAM-LBC-USA_CAM-LBA-USA 2014.08.20.15.12.39 -2.81121 -3.73467 2.68344 6.96406e-06 7.62264e-06 0 0 VRAI 
