********** Fichier qui contient une sauvegarde des coordonnees images + coordonnees images transformees dans le repere BCAM (MOUNT) + coordonnees des prismes dans le repere MOUNT********** 
********************************************************************** Unite en metres (m)************************************************************************************************** 

*******************************************************************coordonnees images dans le repere CCD *********************************************************************************** 
20MABNDB000135_PR027
Spot 1   0.00188696   0.00091853
Spot 2   0.00210562   0.00092124
Spot 1   0.00188662   0.00091833
Spot 2   0.00210553   0.00092103
Spot 1   0.00188682   0.00091863
Spot 2   0.00210569   0.00092128
Spot 1   0.00188686   0.00091862
Spot 2   0.00210568   0.00092139
Spot 1   0.00188689   0.00091868
Spot 2   0.00210564   0.00092128
Spot 1   0.00188699   0.00091844
Spot 2   0.00210564   0.00092131
Spot 1   0.00188691   0.00091846
Spot 2   0.00210568   0.00092147
Spot 1   0.00188694   0.00091868
Spot 2   0.00210574   0.00092144
Spot 1   0.00188698   0.00091860
Spot 2   0.00210585   0.00092124
Spot 1   0.00188691   0.00091872
Spot 2   0.00210575   0.00092134
Spot 1   0.00188706   0.00091859
Spot 2   0.00210563   0.00092153
Spot 1   0.00188697   0.00091862
Spot 2   0.00210570   0.00092129
Spot 1   0.00188699   0.00091858
Spot 2   0.00210587   0.00092125
Spot 1   0.00188692   0.00091861
Spot 2   0.00210574   0.00092146
Spot 1   0.00188701   0.00091871
Spot 2   0.00210583   0.00092152
Spot 1   0.00188701   0.00091863
Spot 2   0.00210581   0.00092156
Spot 1   0.00188703   0.00091875
Spot 2   0.00210591   0.00092147
Spot 1   0.00188694   0.00091872
Spot 2   0.00210568   0.00092163
Spot 1   0.00188700   0.00091877
Spot 2   0.00210570   0.00092132
Spot 1   0.00188695   0.00091881
Spot 2   0.00210586   0.00092138
Spot 1   0.00188703   0.00091875
Spot 2   0.00210596   0.00092152
Spot 1   0.00188695   0.00091867
Spot 2   0.00210591   0.00092118
Spot 1   0.00188707   0.00091875
Spot 2   0.00210578   0.00092146
Spot 1   0.00188700   0.00091874
Spot 2   0.00210597   0.00092124
Spot 1   0.00188708   0.00091896
Spot 2   0.00210585   0.00092140
20MABNDB000126_PR028
Spot 1   0.00193622   0.00200841
Spot 2   0.00165292   0.00200747
Spot 1   0.00193604   0.00200856
Spot 2   0.00165289   0.00200741
Spot 1   0.00193614   0.00200846
Spot 2   0.00165284   0.00200742
Spot 1   0.00193608   0.00200852
Spot 2   0.00165291   0.00200751
Spot 1   0.00193612   0.00200856
Spot 2   0.00165287   0.00200743
Spot 1   0.00193609   0.00200846
Spot 2   0.00165284   0.00200742
Spot 1   0.00193616   0.00200852
Spot 2   0.00165286   0.00200748
Spot 1   0.00193608   0.00200849
Spot 2   0.00165293   0.00200745
Spot 1   0.00193616   0.00200860
Spot 2   0.00165273   0.00200749
Spot 1   0.00193614   0.00200849
Spot 2   0.00165283   0.00200760
Spot 1   0.00193615   0.00200850
Spot 2   0.00165291   0.00200735
Spot 1   0.00193623   0.00200851
Spot 2   0.00165298   0.00200727
Spot 1   0.00193618   0.00200852
Spot 2   0.00165286   0.00200748
Spot 1   0.00193616   0.00200851
Spot 2   0.00165302   0.00200750
Spot 1   0.00193612   0.00200853
Spot 2   0.00165286   0.00200735
Spot 1   0.00193612   0.00200861
Spot 2   0.00165273   0.00200753
Spot 1   0.00193618   0.00200864
Spot 2   0.00165302   0.00200757
Spot 1   0.00193621   0.00200869
Spot 2   0.00165308   0.00200735
Spot 1   0.00193627   0.00200854
Spot 2   0.00165287   0.00200751
Spot 1   0.00193627   0.00200858
Spot 2   0.00165282   0.00200752
Spot 1   0.00193626   0.00200855
Spot 2   0.00165294   0.00200758
Spot 1   0.00193619   0.00200857
Spot 2   0.00165291   0.00200738
Spot 1   0.00193621   0.00200860
Spot 2   0.00165279   0.00200760
Spot 1   0.00193615   0.00200852
Spot 2   0.00165291   0.00200748
Spot 1   0.00193613   0.00200856
Spot 2   0.00165291   0.00200760
20MABNDA000272_PR038
Spot 1   0.00191761   0.00097665
Spot 2   0.00169235   0.00097629
Spot 1   0.00191731   0.00097678
Spot 2   0.00169275   0.00097624
Spot 1   0.00191773   0.00097689
Spot 2   0.00169254   0.00097623
Spot 1   0.00191771   0.00097688
Spot 2   0.00169256   0.00097668
Spot 1   0.00191743   0.00097695
Spot 2   0.00169248   0.00097645
Spot 1   0.00191766   0.00097683
Spot 2   0.00169254   0.00097646
Spot 1   0.00191739   0.00097691
Spot 2   0.00169250   0.00097629
Spot 1   0.00191757   0.00097695
Spot 2   0.00169256   0.00097663
Spot 1   0.00191770   0.00097661
Spot 2   0.00169244   0.00097643
Spot 1   0.00191752   0.00097696
Spot 2   0.00169269   0.00097631
Spot 1   0.00191758   0.00097673
Spot 2   0.00169279   0.00097630
Spot 1   0.00191743   0.00097704
Spot 2   0.00169250   0.00097652
Spot 1   0.00191739   0.00097670
Spot 2   0.00169250   0.00097667
Spot 1   0.00191757   0.00097713
Spot 2   0.00169244   0.00097673
Spot 1   0.00191754   0.00097680
Spot 2   0.00169240   0.00097622
Spot 1   0.00191759   0.00097692
Spot 2   0.00169258   0.00097667
Spot 1   0.00191765   0.00097677
Spot 2   0.00169269   0.00097631
Spot 1   0.00191752   0.00097704
Spot 2   0.00169254   0.00097664
Spot 1   0.00191738   0.00097711
Spot 2   0.00169238   0.00097669
Spot 1   0.00191765   0.00097704
Spot 2   0.00169252   0.00097658
Spot 1   0.00191757   0.00097700
Spot 2   0.00169250   0.00097636
Spot 1   0.00191739   0.00097686
Spot 2   0.00169248   0.00097630
Spot 1   0.00191730   0.00097709
Spot 2   0.00169252   0.00097643
Spot 1   0.00191758   0.00097682
Spot 2   0.00169258   0.00097644
20MABNDA000003_PR039
Spot 1   0.00228288   0.00195247
Spot 2   0.00200585   0.00195241
Spot 1   0.00228275   0.00195231
Spot 2   0.00200580   0.00195211
Spot 1   0.00228287   0.00195231
Spot 2   0.00200574   0.00195226
Spot 1   0.00228285   0.00195239
Spot 2   0.00200580   0.00195222
Spot 1   0.00228291   0.00195231
Spot 2   0.00200574   0.00195215
Spot 1   0.00228288   0.00195236
Spot 2   0.00200573   0.00195227
Spot 1   0.00228287   0.00195241
Spot 2   0.00200589   0.00195236
Spot 1   0.00228285   0.00195229
Spot 2   0.00200582   0.00195227
Spot 1   0.00228290   0.00195237
Spot 2   0.00200583   0.00195217
Spot 1   0.00228283   0.00195237
Spot 2   0.00200582   0.00195220
Spot 1   0.00228291   0.00195236
Spot 2   0.00200580   0.00195220
Spot 1   0.00228292   0.00195230
Spot 2   0.00200579   0.00195223
Spot 1   0.00228286   0.00195231
Spot 2   0.00200580   0.00195227
Spot 1   0.00228291   0.00195231
Spot 2   0.00200573   0.00195219
Spot 1   0.00228287   0.00195237
Spot 2   0.00200571   0.00195221
Spot 1   0.00228284   0.00195226
Spot 2   0.00200572   0.00195226
Spot 1   0.00228286   0.00195234
Spot 2   0.00200570   0.00195209
Spot 1   0.00228285   0.00195245
Spot 2   0.00200584   0.00195226
Spot 1   0.00228287   0.00195245
Spot 2   0.00200589   0.00195229
Spot 1   0.00228284   0.00195232
Spot 2   0.00200586   0.00195220
Spot 1   0.00228288   0.00195236
Spot 2   0.00200578   0.00195233
Spot 1   0.00228281   0.00195231
Spot 2   0.00200582   0.00195223
Spot 1   0.00228289   0.00195239
Spot 2   0.00200580   0.00195224
Spot 1   0.00228292   0.00195235
Spot 2   0.00200578   0.00195221


****************************************************************coordonnees images transformees dans le repere MOUNT************************************************************************* 
20MABNDB000135_PR027
Spot 1  -0.01251768  -0.01319445  -0.07464699
Spot 2  -0.01229901  -0.01319417  -0.07464699
Spot 1  -0.01251803  -0.01319464  -0.07464699
Spot 2  -0.01229910  -0.01319438  -0.07464699
Spot 1  -0.01251782  -0.01319434  -0.07464699
Spot 2  -0.01229894  -0.01319413  -0.07464699
Spot 1  -0.01251778  -0.01319435  -0.07464699
Spot 2  -0.01229895  -0.01319402  -0.07464699
Spot 1  -0.01251775  -0.01319429  -0.07464699
Spot 2  -0.01229899  -0.01319413  -0.07464699
Spot 1  -0.01251765  -0.01319454  -0.07464699
Spot 2  -0.01229899  -0.01319410  -0.07464699
Spot 1  -0.01251773  -0.01319451  -0.07464699
Spot 2  -0.01229894  -0.01319394  -0.07464699
Spot 1  -0.01251770  -0.01319429  -0.07464699
Spot 2  -0.01229888  -0.01319397  -0.07464699
Spot 1  -0.01251766  -0.01319438  -0.07464699
Spot 2  -0.01229878  -0.01319417  -0.07464699
Spot 1  -0.01251773  -0.01319425  -0.07464699
Spot 2  -0.01229888  -0.01319407  -0.07464699
Spot 1  -0.01251758  -0.01319439  -0.07464699
Spot 2  -0.01229899  -0.01319388  -0.07464699
Spot 1  -0.01251767  -0.01319436  -0.07464699
Spot 2  -0.01229893  -0.01319412  -0.07464699
Spot 1  -0.01251765  -0.01319440  -0.07464699
Spot 2  -0.01229876  -0.01319416  -0.07464699
Spot 1  -0.01251772  -0.01319436  -0.07464699
Spot 2  -0.01229888  -0.01319395  -0.07464699
Spot 1  -0.01251763  -0.01319427  -0.07464699
Spot 2  -0.01229879  -0.01319389  -0.07464699
Spot 1  -0.01251763  -0.01319435  -0.07464699
Spot 2  -0.01229881  -0.01319385  -0.07464699
Spot 1  -0.01251761  -0.01319423  -0.07464699
Spot 2  -0.01229871  -0.01319394  -0.07464699
Spot 1  -0.01251770  -0.01319426  -0.07464699
Spot 2  -0.01229894  -0.01319378  -0.07464699
Spot 1  -0.01251764  -0.01319421  -0.07464699
Spot 2  -0.01229893  -0.01319409  -0.07464699
Spot 1  -0.01251769  -0.01319417  -0.07464699
Spot 2  -0.01229877  -0.01319403  -0.07464699
Spot 1  -0.01251761  -0.01319423  -0.07464699
Spot 2  -0.01229866  -0.01319389  -0.07464699
Spot 1  -0.01251769  -0.01319430  -0.07464699
Spot 2  -0.01229872  -0.01319423  -0.07464699
Spot 1  -0.01251757  -0.01319423  -0.07464699
Spot 2  -0.01229884  -0.01319395  -0.07464699
Spot 1  -0.01251764  -0.01319424  -0.07464699
Spot 2  -0.01229866  -0.01319417  -0.07464699
Spot 1  -0.01251756  -0.01319402  -0.07464699
Spot 2  -0.01229877  -0.01319401  -0.07464699
20MABNDB000126_PR028
Spot 1  -0.01224331  -0.01217221  -0.07500400
Spot 2  -0.01252661  -0.01217466  -0.07500400
Spot 1  -0.01224350  -0.01217206  -0.07500400
Spot 2  -0.01252664  -0.01217472  -0.07500400
Spot 1  -0.01224340  -0.01217216  -0.07500400
Spot 2  -0.01252669  -0.01217471  -0.07500400
Spot 1  -0.01224346  -0.01217210  -0.07500400
Spot 2  -0.01252662  -0.01217462  -0.07500400
Spot 1  -0.01224342  -0.01217206  -0.07500400
Spot 2  -0.01252666  -0.01217470  -0.07500400
Spot 1  -0.01224345  -0.01217216  -0.07500400
Spot 2  -0.01252669  -0.01217471  -0.07500400
Spot 1  -0.01224338  -0.01217210  -0.07500400
Spot 2  -0.01252667  -0.01217465  -0.07500400
Spot 1  -0.01224346  -0.01217213  -0.07500400
Spot 2  -0.01252660  -0.01217468  -0.07500400
Spot 1  -0.01224338  -0.01217202  -0.07500400
Spot 2  -0.01252680  -0.01217464  -0.07500400
Spot 1  -0.01224340  -0.01217213  -0.07500400
Spot 2  -0.01252670  -0.01217453  -0.07500400
Spot 1  -0.01224339  -0.01217212  -0.07500400
Spot 2  -0.01252662  -0.01217478  -0.07500400
Spot 1  -0.01224331  -0.01217210  -0.07500400
Spot 2  -0.01252654  -0.01217486  -0.07500400
Spot 1  -0.01224336  -0.01217210  -0.07500400
Spot 2  -0.01252667  -0.01217465  -0.07500400
Spot 1  -0.01224338  -0.01217211  -0.07500400
Spot 2  -0.01252651  -0.01217463  -0.07500400
Spot 1  -0.01224342  -0.01217209  -0.07500400
Spot 2  -0.01252667  -0.01217478  -0.07500400
Spot 1  -0.01224342  -0.01217201  -0.07500400
Spot 2  -0.01252680  -0.01217460  -0.07500400
Spot 1  -0.01224336  -0.01217198  -0.07500400
Spot 2  -0.01252651  -0.01217456  -0.07500400
Spot 1  -0.01224333  -0.01217193  -0.07500400
Spot 2  -0.01252645  -0.01217478  -0.07500400
Spot 1  -0.01224327  -0.01217207  -0.07500400
Spot 2  -0.01252666  -0.01217462  -0.07500400
Spot 1  -0.01224327  -0.01217203  -0.07500400
Spot 2  -0.01252671  -0.01217461  -0.07500400
Spot 1  -0.01224328  -0.01217206  -0.07500400
Spot 2  -0.01252659  -0.01217455  -0.07500400
Spot 1  -0.01224335  -0.01217205  -0.07500400
Spot 2  -0.01252662  -0.01217475  -0.07500400
Spot 1  -0.01224333  -0.01217202  -0.07500400
Spot 2  -0.01252674  -0.01217453  -0.07500400
Spot 1  -0.01224339  -0.01217210  -0.07500400
Spot 2  -0.01252662  -0.01217465  -0.07500400
Spot 1  -0.01224341  -0.01217206  -0.07500400
Spot 2  -0.01252662  -0.01217453  -0.07500400
20MABNDA000272_PR038
Spot 1  -0.01275331   0.01313481  -0.07417900
Spot 2  -0.01252805   0.01313477  -0.07417900
Spot 1  -0.01275301   0.01313468  -0.07417900
Spot 2  -0.01252845   0.01313482  -0.07417900
Spot 1  -0.01275343   0.01313457  -0.07417900
Spot 2  -0.01252824   0.01313483  -0.07417900
Spot 1  -0.01275341   0.01313458  -0.07417900
Spot 2  -0.01252826   0.01313438  -0.07417900
Spot 1  -0.01275313   0.01313451  -0.07417900
Spot 2  -0.01252818   0.01313461  -0.07417900
Spot 1  -0.01275336   0.01313463  -0.07417900
Spot 2  -0.01252824   0.01313460  -0.07417900
Spot 1  -0.01275309   0.01313455  -0.07417900
Spot 2  -0.01252820   0.01313477  -0.07417900
Spot 1  -0.01275327   0.01313451  -0.07417900
Spot 2  -0.01252826   0.01313443  -0.07417900
Spot 1  -0.01275340   0.01313485  -0.07417900
Spot 2  -0.01252814   0.01313463  -0.07417900
Spot 1  -0.01275322   0.01313450  -0.07417900
Spot 2  -0.01252839   0.01313475  -0.07417900
Spot 1  -0.01275328   0.01313473  -0.07417900
Spot 2  -0.01252849   0.01313476  -0.07417900
Spot 1  -0.01275313   0.01313442  -0.07417900
Spot 2  -0.01252820   0.01313454  -0.07417900
Spot 1  -0.01275309   0.01313476  -0.07417900
Spot 2  -0.01252820   0.01313439  -0.07417900
Spot 1  -0.01275327   0.01313433  -0.07417900
Spot 2  -0.01252814   0.01313433  -0.07417900
Spot 1  -0.01275324   0.01313466  -0.07417900
Spot 2  -0.01252810   0.01313484  -0.07417900
Spot 1  -0.01275329   0.01313454  -0.07417900
Spot 2  -0.01252828   0.01313439  -0.07417900
Spot 1  -0.01275335   0.01313469  -0.07417900
Spot 2  -0.01252839   0.01313475  -0.07417900
Spot 1  -0.01275322   0.01313442  -0.07417900
Spot 2  -0.01252824   0.01313442  -0.07417900
Spot 1  -0.01275308   0.01313435  -0.07417900
Spot 2  -0.01252808   0.01313437  -0.07417900
Spot 1  -0.01275335   0.01313442  -0.07417900
Spot 2  -0.01252822   0.01313448  -0.07417900
Spot 1  -0.01275327   0.01313446  -0.07417900
Spot 2  -0.01252820   0.01313470  -0.07417900
Spot 1  -0.01275309   0.01313460  -0.07417900
Spot 2  -0.01252818   0.01313476  -0.07417900
Spot 1  -0.01275300   0.01313437  -0.07417900
Spot 2  -0.01252822   0.01313463  -0.07417900
Spot 1  -0.01275328   0.01313464  -0.07417900
Spot 2  -0.01252828   0.01313462  -0.07417900
20MABNDA000003_PR039
Spot 1  -0.01308403   0.01210051  -0.07373400
Spot 2  -0.01280700   0.01209987  -0.07373400
Spot 1  -0.01308390   0.01210067  -0.07373400
Spot 2  -0.01280695   0.01210017  -0.07373400
Spot 1  -0.01308402   0.01210067  -0.07373400
Spot 2  -0.01280689   0.01210002  -0.07373400
Spot 1  -0.01308400   0.01210059  -0.07373400
Spot 2  -0.01280695   0.01210006  -0.07373400
Spot 1  -0.01308406   0.01210067  -0.07373400
Spot 2  -0.01280689   0.01210013  -0.07373400
Spot 1  -0.01308403   0.01210062  -0.07373400
Spot 2  -0.01280688   0.01210001  -0.07373400
Spot 1  -0.01308402   0.01210057  -0.07373400
Spot 2  -0.01280704   0.01209992  -0.07373400
Spot 1  -0.01308400   0.01210069  -0.07373400
Spot 2  -0.01280697   0.01210001  -0.07373400
Spot 1  -0.01308405   0.01210061  -0.07373400
Spot 2  -0.01280698   0.01210011  -0.07373400
Spot 1  -0.01308398   0.01210061  -0.07373400
Spot 2  -0.01280697   0.01210008  -0.07373400
Spot 1  -0.01308406   0.01210062  -0.07373400
Spot 2  -0.01280695   0.01210008  -0.07373400
Spot 1  -0.01308407   0.01210068  -0.07373400
Spot 2  -0.01280694   0.01210005  -0.07373400
Spot 1  -0.01308401   0.01210067  -0.07373400
Spot 2  -0.01280695   0.01210001  -0.07373400
Spot 1  -0.01308406   0.01210067  -0.07373400
Spot 2  -0.01280688   0.01210009  -0.07373400
Spot 1  -0.01308402   0.01210061  -0.07373400
Spot 2  -0.01280686   0.01210007  -0.07373400
Spot 1  -0.01308399   0.01210072  -0.07373400
Spot 2  -0.01280687   0.01210002  -0.07373400
Spot 1  -0.01308401   0.01210064  -0.07373400
Spot 2  -0.01280685   0.01210019  -0.07373400
Spot 1  -0.01308400   0.01210053  -0.07373400
Spot 2  -0.01280699   0.01210002  -0.07373400
Spot 1  -0.01308402   0.01210053  -0.07373400
Spot 2  -0.01280704   0.01209999  -0.07373400
Spot 1  -0.01308399   0.01210066  -0.07373400
Spot 2  -0.01280701   0.01210008  -0.07373400
Spot 1  -0.01308403   0.01210062  -0.07373400
Spot 2  -0.01280693   0.01209995  -0.07373400
Spot 1  -0.01308396   0.01210067  -0.07373400
Spot 2  -0.01280697   0.01210005  -0.07373400
Spot 1  -0.01308404   0.01210059  -0.07373400
Spot 2  -0.01280695   0.01210004  -0.07373400
Spot 1  -0.01308407   0.01210063  -0.07373400
Spot 2  -0.01280693   0.01210007  -0.07373400


*****************************************************************coordonnees du prisme dans le repere MOUNT********************************************************************************** 
20MABNDB000135_PR027
 -0.02086490  -0.00996412   2.74937177
 -0.02085693  -0.00995671   2.74937177
 -0.02086366  -0.00996671   2.74937177
 -0.02086422  -0.00996854   2.74937177
 -0.02086401  -0.00996762   2.74937177
 -0.02086581  -0.00996374   2.74937177
 -0.02086511  -0.00996707   2.74937177
 -0.02086680  -0.00997054   2.74937177
 -0.02086950  -0.00996536   2.74937177
 -0.02086642  -0.00996943   2.74937177
 -0.02086698  -0.00997052   2.74937177
 -0.02086659  -0.00996668   2.74937177
 -0.02087006  -0.00996518   2.74937177
 -0.02086644  -0.00996962   2.74937177
 -0.02086977  -0.00997252   2.74937177
 -0.02086939  -0.00997179   2.74937177
 -0.02087160  -0.00997231   2.74937177
 -0.02086576  -0.00997474   2.74937177
 -0.02086717  -0.00996996   2.74937177
 -0.02086919  -0.00997179   2.74937177
 -0.02087252  -0.00997322   2.74937177
 -0.02087006  -0.00996555   2.74937177
 -0.02086994  -0.00997214   2.74937177
 -0.02087209  -0.00996789   2.74937177
 -0.02087144  -0.00997486   2.74937177
20MABNDB000126_PR028
 -0.02058666  -0.03890573   2.14679503
 -0.02058364  -0.03890699   2.14679503
 -0.02058437  -0.03890572   2.14679503
 -0.02058451  -0.03890786   2.14679503
 -0.02058451  -0.03890730   2.14679503
 -0.02058367  -0.03890572   2.14679503
 -0.02058493  -0.03890743   2.14679503
 -0.02058480  -0.03890657   2.14679503
 -0.02058307  -0.03890871   2.14679503
 -0.02058421  -0.03890872   2.14679503
 -0.02058551  -0.03890529   2.14679503
 -0.02058766  -0.03890431   2.14679503
 -0.02058522  -0.03890743   2.14679503
 -0.02058721  -0.03890759   2.14679503
 -0.02058436  -0.03890572   2.14679503
 -0.02058250  -0.03890941   2.14679503
 -0.02058748  -0.03891044   2.14679503
 -0.02058878  -0.03890803   2.14679503
 -0.02058663  -0.03890815   2.14679503
 -0.02058593  -0.03890886   2.14679503
 -0.02058749  -0.03890930   2.14679503
 -0.02058607  -0.03890673   2.14679503
 -0.02058464  -0.03891028   2.14679503
 -0.02058550  -0.03890743   2.14679503
 -0.02058521  -0.03890971   2.14679503
20MABNDA000272_PR038
 -0.01349772   0.01174256   2.74965906
 -0.01349589   0.01174403   2.74965906
 -0.01349204   0.01174584   2.74965906
 -0.01349202   0.01175393   2.74965906
 -0.01349862   0.01175099   2.74965906
 -0.01349332   0.01174896   2.74965906
 -0.01349900   0.01174732   2.74965906
 -0.01349458   0.01175429   2.74965906
 -0.01349441   0.01174439   2.74965906
 -0.01349313   0.01174860   2.74965906
 -0.01349021   0.01174420   2.74965906
 -0.01349825   0.01175393   2.74965906
 -0.01349898   0.01175045   2.74965906
 -0.01349678   0.01175942   2.74965906
 -0.01349810   0.01174403   2.74965906
 -0.01349386   0.01175447   2.74965906
 -0.01349076   0.01174512   2.74965906
 -0.01349588   0.01175613   2.74965906
 -0.01350136   0.01175833   2.74965906
 -0.01349385   0.01175500   2.74965906
 -0.01349569   0.01175026   2.74965906
 -0.01349938   0.01174661   2.74965906
 -0.01350026   0.01175319   2.74965906
 -0.01349405   0.01174842   2.74965906
20MABNDA000003_PR039
 -0.00580330   0.04197799   2.14890528
 -0.00580589   0.04197142   2.14890552
 -0.00580504   0.04197356   2.14890552
 -0.00580447   0.04197413   2.14890552
 -0.00580447   0.04197199   2.14890552
 -0.00580504   0.04197443   2.14890552
 -0.00580287   0.04197641   2.14890552
 -0.00580418   0.04197343   2.14890552
 -0.00580331   0.04197312   2.14890552
 -0.00580446   0.04197356   2.14890552
 -0.00580360   0.04197343   2.14890552
 -0.00580360   0.04197299   2.14890552
 -0.00580431   0.04197371   2.14890552
 -0.00580462   0.04197256   2.14890552
 -0.00580545   0.04197372   2.14890552
 -0.00580575   0.04197284   2.14890552
 -0.00580575   0.04197156   2.14890552
 -0.00580388   0.04197556   2.14890552
 -0.00580289   0.04197599   2.14890552
 -0.00580375   0.04197284   2.14890552
 -0.00580432   0.04197528   2.14890552
 -0.00580475   0.04197314   2.14890552
 -0.00580388   0.04197441   2.14890552
 -0.00580375   0.04197342   2.14890552


*****************************************************************coordonnees du prisme dans le repere ATLAS********************************************************************************** 
20MABNDB000135_PR027 0.00000000
  2.60056758  -4.19776630  -3.82400107
  2.60057545  -4.19776678  -3.82400846
  2.60056877  -4.19776630  -3.82399845
  2.60056829  -4.19776630  -3.82399654
  2.60056829  -4.19776630  -3.82399750
  2.60056663  -4.19776630  -3.82400131
  2.60056734  -4.19776630  -3.82399797
  2.60056567  -4.19776630  -3.82399464
  2.60056281  -4.19776630  -3.82399988
  2.60056591  -4.19776630  -3.82399583
  2.60056543  -4.19776630  -3.82399464
  2.60056591  -4.19776630  -3.82399845
  2.60056233  -4.19776630  -3.82399988
  2.60056591  -4.19776630  -3.82399559
  2.60056257  -4.19776630  -3.82399273
  2.60056305  -4.19776630  -3.82399344
  2.60056090  -4.19776630  -3.82399273
  2.60056663  -4.19776630  -3.82399035
  2.60056520  -4.19776630  -3.82399511
  2.60056329  -4.19776630  -3.82399344
  2.60055995  -4.19776630  -3.82399201
  2.60056233  -4.19776630  -3.82399964
  2.60056257  -4.19776630  -3.82399297
  2.60056043  -4.19776630  -3.82399726
  2.60056090  -4.19776630  -3.82399035
20MABNDB000126_PR028 0.00000000
  2.60533023  -4.19702101  -5.89331102
  2.60533333  -4.19702101  -5.89331007
  2.60533261  -4.19702101  -5.89331102
  2.60533237  -4.19702101  -5.89330912
  2.60533237  -4.19702101  -5.89330959
  2.60533333  -4.19702101  -5.89331102
  2.60533214  -4.19702101  -5.89330959
  2.60533214  -4.19702101  -5.89331055
  2.60533381  -4.19702101  -5.89330816
  2.60533285  -4.19702101  -5.89330816
  2.60533142  -4.19702101  -5.89331150
  2.60532928  -4.19702101  -5.89331245
  2.60533166  -4.19702101  -5.89330959
  2.60532975  -4.19702101  -5.89330912
  2.60533261  -4.19702101  -5.89331102
  2.60533452  -4.19702101  -5.89330769
  2.60532951  -4.19702101  -5.89330626
  2.60532808  -4.19702101  -5.89330912
  2.60533023  -4.19702101  -5.89330864
  2.60533094  -4.19702101  -5.89330816
  2.60532951  -4.19702101  -5.89330769
  2.60533094  -4.19702101  -5.89331007
  2.60533237  -4.19702101  -5.89330673
  2.60533142  -4.19702101  -5.89330959
  2.60533166  -4.19702101  -5.89330721
20MABNDA000272_PR038 0.00000000
 -2.61103559  -4.19698238  -3.82674313
 -2.61103749  -4.19698238  -3.82674170
 -2.61104131  -4.19698238  -3.82673979
 -2.61104131  -4.19698238  -3.82673168
 -2.61103463  -4.19698238  -3.82673478
 -2.61103988  -4.19698238  -3.82673669
 -2.61103439  -4.19698238  -3.82673836
 -2.61103868  -4.19698238  -3.82673144
 -2.61103892  -4.19698238  -3.82674122
 -2.61104012  -4.19698238  -3.82673717
 -2.61104298  -4.19698238  -3.82674146
 -2.61103511  -4.19698238  -3.82673168
 -2.61103439  -4.19698238  -3.82673526
 -2.61103654  -4.19698238  -3.82672620
 -2.61103511  -4.19698238  -3.82674170
 -2.61103940  -4.19698238  -3.82673120
 -2.61104250  -4.19698238  -3.82674050
 -2.61103749  -4.19698238  -3.82672954
 -2.61103201  -4.19698238  -3.82672739
 -2.61103940  -4.19698238  -3.82673073
 -2.61103749  -4.19698238  -3.82673550
 -2.61103392  -4.19698238  -3.82673907
 -2.61103296  -4.19698238  -3.82673240
 -2.61103916  -4.19698238  -3.82673717
20MABNDA000003_PR039 0.00000000
 -2.61592269  -4.19702864  -5.89078760
 -2.61592007  -4.19702864  -5.89079428
 -2.61592102  -4.19702864  -5.89079189
 -2.61592150  -4.19702864  -5.89079142
 -2.61592150  -4.19702864  -5.89079380
 -2.61592102  -4.19702864  -5.89079142
 -2.61592317  -4.19702864  -5.89078903
 -2.61592174  -4.19702864  -5.89079237
 -2.61592269  -4.19702864  -5.89079237
 -2.61592150  -4.19702864  -5.89079189
 -2.61592245  -4.19702864  -5.89079237
 -2.61592245  -4.19702864  -5.89079285
 -2.61592174  -4.19702864  -5.89079189
 -2.61592126  -4.19702864  -5.89079285
 -2.61592054  -4.19702864  -5.89079189
 -2.61592031  -4.19702864  -5.89079285
 -2.61592031  -4.19702864  -5.89079428
 -2.61592197  -4.19702864  -5.89078999
 -2.61592317  -4.19702864  -5.89078951
 -2.61592221  -4.19702864  -5.89079285
 -2.61592174  -4.19702864  -5.89079046
 -2.61592126  -4.19702864  -5.89079237
 -2.61592197  -4.19702864  -5.89079142
 -2.61592221  -4.19702864  -5.89079237


*****************************************************************Rapport********************************************************************************** 
CAM-EBC-US-IP_EBC-US-IP     2014.08.28.15.46.31   2.60056497  -4.19776632  -3.82399641   0.00000337   0.00000009   0.00000398 0.00000000 VRAI 
CAM-EBC-US-HO_EBC-US-HO     2014.08.28.15.46.31   2.60533156  -4.19702101  -5.89330933   0.00000155   0.00000000   0.00000154 0.00000000 VRAI 
CAM-EBC-USA-IP_EBC-USA-IP   2014.08.28.15.46.31  -2.61103753  -4.19698238  -3.82673566   0.00000301   0.00000000   0.00000482 0.00000000 VRAI 
CAM-EBC-USA-HO_EBC-USA-HO   2014.08.28.15.46.31  -2.61592169  -4.19702864  -5.89079183   0.00000085   0.00000000   0.00000156 0.00000000 VRAI 
