********** Fichier qui contient une sauvegarde des coordonnees images + coordonnees images transformees dans le repere BCAM (MOUNT) + coordonnees des prismes dans le repere MOUNT********** 
********************************************************************** Unite en metres (m)************************************************************************************************** 

*******************************************************************coordonnees images dans le repere CCD *********************************************************************************** 
20MABNDB000135_PR027
Spot 1   0.00188221   0.00079644
Spot 2   0.00210108   0.00079875
Spot 1   0.00188203   0.00079672
Spot 2   0.00210090   0.00079906
Spot 1   0.00188203   0.00079677
Spot 2   0.00210095   0.00079913
Spot 1   0.00188211   0.00079715
Spot 2   0.00210084   0.00079928
Spot 1   0.00188207   0.00079704
Spot 2   0.00210092   0.00079938
Spot 1   0.00188217   0.00079695
Spot 2   0.00210093   0.00079944
Spot 1   0.00188215   0.00079700
Spot 2   0.00210107   0.00079930
20MABNDB000126_PR028
Spot 1   0.00195987   0.00183020
Spot 2   0.00167758   0.00182910
Spot 1   0.00195954   0.00183037
Spot 2   0.00167719   0.00182941
Spot 1   0.00195928   0.00183067
Spot 2   0.00167691   0.00182950
Spot 1   0.00195923   0.00183068
Spot 2   0.00167677   0.00182962
Spot 1   0.00195915   0.00183056
Spot 2   0.00167675   0.00182967
Spot 1   0.00195910   0.00183063
Spot 2   0.00167673   0.00182965
20MABNDA000272_PR038
Spot 1   0.00189932   0.00091576
Spot 2   0.00167438   0.00091408
Spot 1   0.00189938   0.00091543
Spot 2   0.00167407   0.00091376
Spot 1   0.00189932   0.00091523
Spot 2   0.00167412   0.00091340
Spot 1   0.00189931   0.00091500
Spot 2   0.00167432   0.00091348
Spot 1   0.00189932   0.00091490
Spot 2   0.00167427   0.00091345
Spot 1   0.00189943   0.00091490
Spot 2   0.00167428   0.00091345
20MABNDA000003_PR039
Spot 1   0.00229473   0.00184973
Spot 2   0.00201709   0.00184878
Spot 1   0.00229440   0.00184945
Spot 2   0.00201680   0.00184860
Spot 1   0.00229421   0.00184944
Spot 2   0.00201644   0.00184808
Spot 1   0.00229406   0.00184925
Spot 2   0.00201656   0.00184827
Spot 1   0.00229403   0.00184905
Spot 2   0.00201639   0.00184799
Spot 1   0.00229391   0.00184938
Spot 2   0.00201652   0.00184810


****************************************************************coordonnees images transformees dans le repere MOUNT************************************************************************* 
20MABNDB000135_PR027
Spot 1  -0.01252379  -0.01331647  -0.07464699
Spot 2  -0.01230491  -0.01331660  -0.07464699
Spot 1  -0.01252397  -0.01331619  -0.07464699
Spot 2  -0.01230509  -0.01331629  -0.07464699
Spot 1  -0.01252397  -0.01331614  -0.07464699
Spot 2  -0.01230504  -0.01331622  -0.07464699
Spot 1  -0.01252388  -0.01331576  -0.07464699
Spot 2  -0.01230514  -0.01331607  -0.07464699
Spot 1  -0.01252393  -0.01331587  -0.07464699
Spot 2  -0.01230506  -0.01331597  -0.07464699
Spot 1  -0.01252383  -0.01331596  -0.07464699
Spot 2  -0.01230505  -0.01331591  -0.07464699
Spot 1  -0.01252385  -0.01331591  -0.07464699
Spot 2  -0.01230491  -0.01331605  -0.07464699
20MABNDB000126_PR028
Spot 1  -0.01221871  -0.01235029  -0.07500400
Spot 2  -0.01250099  -0.01235289  -0.07500400
Spot 1  -0.01221905  -0.01235012  -0.07500400
Spot 2  -0.01250139  -0.01235259  -0.07500400
Spot 1  -0.01221931  -0.01234982  -0.07500400
Spot 2  -0.01250167  -0.01235250  -0.07500400
Spot 1  -0.01221936  -0.01234981  -0.07500400
Spot 2  -0.01250181  -0.01235238  -0.07500400
Spot 1  -0.01221944  -0.01234993  -0.07500400
Spot 2  -0.01250183  -0.01235233  -0.07500400
Spot 1  -0.01221949  -0.01234986  -0.07500400
Spot 2  -0.01250185  -0.01235235  -0.07500400
20MABNDA000272_PR038
Spot 1  -0.01273491   0.01319566  -0.07417900
Spot 2  -0.01250997   0.01319695  -0.07417900
Spot 1  -0.01273497   0.01319600  -0.07417900
Spot 2  -0.01250966   0.01319727  -0.07417900
Spot 1  -0.01273491   0.01319620  -0.07417900
Spot 2  -0.01250971   0.01319763  -0.07417900
Spot 1  -0.01273490   0.01319643  -0.07417900
Spot 2  -0.01250991   0.01319755  -0.07417900
Spot 1  -0.01273491   0.01319653  -0.07417900
Spot 2  -0.01250986   0.01319758  -0.07417900
Spot 1  -0.01273502   0.01319653  -0.07417900
Spot 2  -0.01250987   0.01319758  -0.07417900
20MABNDA000003_PR039
Spot 1  -0.01309562   0.01220328  -0.07373400
Spot 2  -0.01281798   0.01220353  -0.07373400
Spot 1  -0.01309529   0.01220356  -0.07373400
Spot 2  -0.01281769   0.01220371  -0.07373400
Spot 1  -0.01309510   0.01220357  -0.07373400
Spot 2  -0.01281733   0.01220423  -0.07373400
Spot 1  -0.01309495   0.01220376  -0.07373400
Spot 2  -0.01281745   0.01220404  -0.07373400
Spot 1  -0.01309492   0.01220396  -0.07373400
Spot 2  -0.01281728   0.01220432  -0.07373400
Spot 1  -0.01309480   0.01220363  -0.07373400
Spot 2  -0.01281741   0.01220421  -0.07373400


*****************************************************************coordonnees du prisme dans le repere MOUNT********************************************************************************** 
20MABNDB000135_PR027
 -0.02064460  -0.00548166   2.74936366
 -0.02063811  -0.00549255   2.74936366
 -0.02063907  -0.00549476   2.74936366
 -0.02063863  -0.00550447   2.74936366
 -0.02063936  -0.00550428   2.74936366
 -0.02064136  -0.00550370   2.74936366
 -0.02064354  -0.00550203   2.74936366
20MABNDB000126_PR028
 -0.02130254  -0.03382774   2.14684725
 -0.02129223  -0.03383452   2.14684725
 -0.02128452  -0.03384003   2.14684725
 -0.02128180  -0.03384187   2.14684725
 -0.02128038  -0.03384086   2.14684725
 -0.02127938  -0.03384157   2.14684725
20MABNDA000272_PR038
 -0.01416612   0.00948814   2.74965692
 -0.01417071   0.00947623   2.74965692
 -0.01417092   0.00946596   2.74965692
 -0.01416744   0.00946321   2.74965692
 -0.01416819   0.00946084   2.74965692
 -0.01416598   0.00946084   2.74965692
20MABNDA000003_PR039
 -0.00548071   0.03902846   2.14894199
 -0.00548959   0.03902191   2.14894199
 -0.00549747   0.03901436   2.14894199
 -0.00549789   0.03901436   2.14894199
 -0.00550077   0.03900749   2.14894223
 -0.00550061   0.03901379   2.14894199


*****************************************************************coordonnees du prisme dans le repere ATLAS********************************************************************************** 
20MABNDB000135_PR027 0.00300000
  2.60076237  -4.19476461  -3.82848477
  2.60076880  -4.19476509  -3.82847381
  2.60076785  -4.19476509  -3.82847166
  2.60076833  -4.19476509  -3.82846189
  2.60076761  -4.19476509  -3.82846212
  2.60076571  -4.19476509  -3.82846260
  2.60076332  -4.19476461  -3.82846427
20MABNDB000126_PR028 0.00300000
  2.60461187  -4.19399118  -5.89838886
  2.60462213  -4.19399118  -5.89838219
  2.60462999  -4.19399118  -5.89837694
  2.60463262  -4.19399118  -5.89837503
  2.60463405  -4.19399118  -5.89837599
  2.60463500  -4.19399118  -5.89837503
20MABNDA000272_PR038 0.00300000
 -2.61036754  -4.19398451  -3.82899761
 -2.61036301  -4.19398451  -3.82900953
 -2.61036277  -4.19398451  -3.82901978
 -2.61036634  -4.19398451  -3.82902265
 -2.61036539  -4.19398451  -3.82902503
 -2.61036777  -4.19398451  -3.82902503
20MABNDA000003_PR039 0.00300000
 -2.61624503  -4.19400454  -5.89373732
 -2.61623621  -4.19400454  -5.89374399
 -2.61622810  -4.19400454  -5.89375162
 -2.61622787  -4.19400454  -5.89375162
 -2.61622500  -4.19400454  -5.89375830
 -2.61622500  -4.19400454  -5.89375210


*****************************************************************Rapport********************************************************************************** 
CAM-EBC-US-IP_EBC-US-IP     2014.08.28.17.41.05   2.60076628  -4.19476495  -3.82846873   0.00000237   0.00000022   0.00000793 0.00300000 VRAI 
CAM-EBC-US-HO_EBC-US-HO     2014.08.28.17.41.05   2.60462761  -4.19399118  -5.89837901   0.00000821   0.00000000   0.00000504 0.00300000 VRAI 
CAM-EBC-USA-IP_EBC-USA-IP   2014.08.28.17.41.05  -2.61036547  -4.19398451  -3.82901661   0.00000199   0.00000000   0.00000999 0.00300000 VRAI 
CAM-EBC-USA-HO_EBC-USA-HO   2014.08.28.17.41.05  -2.61623120  -4.19400454  -5.89374916   0.00000723   0.00000000   0.00000672 0.00300000 VRAI 
