********** Fichier qui contient une sauvegarde des coordonnees images + coordonnees images transformees dans le repere BCAM (MOUNT) + coordonnees des prismes dans le repere MOUNT********** 
********************************************************************** Unite en metres (m)************************************************************************************************** 

*******************************************************************coordonnees images dans le repere CCD *********************************************************************************** 
20MABNDB000135_PR027
Spot 1     0.00189203     0.00092497
Spot 2     0.00211028     0.00092794
Spot 1     0.00189200     0.00092503
Spot 2     0.00211017     0.00092784
Spot 1     0.00189185     0.00092507
Spot 2     0.00211028     0.00092788
Spot 1     0.00189201     0.00092500
Spot 2     0.00211042     0.00092783
Spot 1     0.00189192     0.00092503
Spot 2     0.00211041     0.00092789
Spot 1     0.00189185     0.00092483
Spot 2     0.00211021     0.00092802
Spot 1     0.00189199     0.00092517
Spot 2     0.00211014     0.00092782
Spot 1     0.00189207     0.00092517
Spot 2     0.00211046     0.00092792
Spot 1     0.00189182     0.00092497
Spot 2     0.00211044     0.00092800
20MABNDB000126_PR028
Spot 1     0.00193475     0.00200503
Spot 2     0.00165288     0.00200288
Spot 1     0.00193489     0.00200497
Spot 2     0.00165279     0.00200291
Spot 1     0.00193471     0.00200503
Spot 2     0.00165290     0.00200294
Spot 1     0.00193486     0.00200511
Spot 2     0.00165284     0.00200308
Spot 1     0.00193477     0.00200494
Spot 2     0.00165281     0.00200289
Spot 1     0.00193472     0.00200494
Spot 2     0.00165262     0.00200285
Spot 1     0.00193483     0.00200503
Spot 2     0.00165285     0.00200293
Spot 1     0.00193471     0.00200517
Spot 2     0.00165280     0.00200292
20MABNDA000272_PR038
Spot 1     0.00192204     0.00097140
Spot 2     0.00169881     0.00097101
Spot 1     0.00192215     0.00097121
Spot 2     0.00169898     0.00097143
Spot 1     0.00192235     0.00097102
Spot 2     0.00169888     0.00097118
Spot 1     0.00192236     0.00097110
Spot 2     0.00169873     0.00097092
Spot 1     0.00192231     0.00097102
Spot 2     0.00169871     0.00097123
Spot 1     0.00192224     0.00097106
Spot 2     0.00169853     0.00097113
Spot 1     0.00192233     0.00097118
Spot 2     0.00169861     0.00097102
Spot 1     0.00192236     0.00097102
Spot 2     0.00169901     0.00097129
20MABNDA000003_PR039
Spot 1     0.00200613     0.00192974
Spot 2     0.00228413     0.00192906
Spot 1     0.00200622     0.00192978
Spot 2     0.00228403     0.00192906
Spot 1     0.00200624     0.00192975
Spot 2     0.00228413     0.00192910
Spot 1     0.00200622     0.00192979
Spot 2     0.00228411     0.00192902
Spot 1     0.00200620     0.00192969
Spot 2     0.00228408     0.00192908
Spot 1     0.00200620     0.00192980
Spot 2     0.00228407     0.00192904
Spot 1     0.00200614     0.00192979
Spot 2     0.00228403     0.00192904
Spot 1     0.00200623     0.00192976
Spot 2     0.00228417     0.00192905


****************************************************************coordonnees images transformees dans le repere MOUNT************************************************************************* 
20MABNDB000135_PR027
Spot 1    -0.01251254    -0.01318806    -0.07464699
Spot 2    -0.01229427    -0.01318752    -0.07464699
Spot 1    -0.01251257    -0.01318800    -0.07464699
Spot 2    -0.01229438    -0.01318762    -0.07464699
Spot 1    -0.01251272    -0.01318796    -0.07464699
Spot 2    -0.01229427    -0.01318758    -0.07464699
Spot 1    -0.01251256    -0.01318803    -0.07464699
Spot 2    -0.01229413    -0.01318763    -0.07464699
Spot 1    -0.01251265    -0.01318800    -0.07464699
Spot 2    -0.01229414    -0.01318757    -0.07464699
Spot 1    -0.01251272    -0.01318820    -0.07464699
Spot 2    -0.01229434    -0.01318744    -0.07464699
Spot 1    -0.01251258    -0.01318786    -0.07464699
Spot 2    -0.01229441    -0.01318764    -0.07464699
Spot 1    -0.01251250    -0.01318786    -0.07464699
Spot 2    -0.01229409    -0.01318754    -0.07464699
Spot 1    -0.01251275    -0.01318806    -0.07464699
Spot 2    -0.01229411    -0.01318746    -0.07464699
20MABNDB000126_PR028
Spot 1    -0.01224477    -0.01217559    -0.07500400
Spot 2    -0.01252662    -0.01217925    -0.07500400
Spot 1    -0.01224463    -0.01217565    -0.07500400
Spot 2    -0.01252671    -0.01217922    -0.07500400
Spot 1    -0.01224481    -0.01217559    -0.07500400
Spot 2    -0.01252660    -0.01217919    -0.07500400
Spot 1    -0.01224466    -0.01217551    -0.07500400
Spot 2    -0.01252666    -0.01217905    -0.07500400
Spot 1    -0.01224475    -0.01217568    -0.07500400
Spot 2    -0.01252669    -0.01217924    -0.07500400
Spot 1    -0.01224480    -0.01217568    -0.07500400
Spot 2    -0.01252688    -0.01217928    -0.07500400
Spot 1    -0.01224469    -0.01217559    -0.07500400
Spot 2    -0.01252665    -0.01217920    -0.07500400
Spot 1    -0.01224481    -0.01217545    -0.07500400
Spot 2    -0.01252670    -0.01217921    -0.07500400
20MABNDA000272_PR038
Spot 1    -0.01275773     0.01314007    -0.07417900
Spot 2    -0.01253450     0.01314006    -0.07417900
Spot 1    -0.01275784     0.01314026    -0.07417900
Spot 2    -0.01253467     0.01313964    -0.07417900
Spot 1    -0.01275804     0.01314045    -0.07417900
Spot 2    -0.01253457     0.01313989    -0.07417900
Spot 1    -0.01275805     0.01314037    -0.07417900
Spot 2    -0.01253442     0.01314015    -0.07417900
Spot 1    -0.01275800     0.01314045    -0.07417900
Spot 2    -0.01253440     0.01313984    -0.07417900
Spot 1    -0.01275793     0.01314041    -0.07417900
Spot 2    -0.01253422     0.01313994    -0.07417900
Spot 1    -0.01275802     0.01314029    -0.07417900
Spot 2    -0.01253430     0.01314005    -0.07417900
Spot 1    -0.01275805     0.01314045    -0.07417900
Spot 2    -0.01253470     0.01313978    -0.07417900
20MABNDA000003_PR039
Spot 1    -0.01280722     0.01212254    -0.07373400
Spot 2    -0.01308522     0.01212393    -0.07373400
Spot 1    -0.01280731     0.01212250    -0.07373400
Spot 2    -0.01308512     0.01212392    -0.07373400
Spot 1    -0.01280733     0.01212253    -0.07373400
Spot 2    -0.01308522     0.01212389    -0.07373400
Spot 1    -0.01280731     0.01212249    -0.07373400
Spot 2    -0.01308520     0.01212397    -0.07373400
Spot 1    -0.01280729     0.01212259    -0.07373400
Spot 2    -0.01308517     0.01212391    -0.07373400
Spot 1    -0.01280729     0.01212248    -0.07373400
Spot 2    -0.01308516     0.01212395    -0.07373400
Spot 1    -0.01280723     0.01212249    -0.07373400
Spot 2    -0.01308512     0.01212395    -0.07373400
Spot 1    -0.01280732     0.01212252    -0.07373400
Spot 2    -0.01308526     0.01212394    -0.07373400


*****************************************************************coordonnees du prisme dans le repere MOUNT********************************************************************************** 
20MABNDB000135_PR027
   -0.02104598    -0.01020306     2.74937153
   -0.02104340    -0.01020236     2.74937153
   -0.02104269    -0.01020384     2.74937153
   -0.02104817    -0.01020159     2.74937129
   -0.02104634    -0.01020325     2.74937153
   -0.02104137    -0.01020202     2.74937153
   -0.02104271    -0.01020456     2.74937153
   -0.02105007    -0.01020632     2.74937129
   -0.02104508    -0.01020419     2.74937153
20MABNDB000126_PR028
   -0.02056576    -0.03879204     2.14679646
   -0.02056646    -0.03879162     2.14679646
   -0.02056546    -0.03879289     2.14679646
   -0.02056671    -0.03879604     2.14679623
   -0.02056504    -0.03879090     2.14679646
   -0.02056163    -0.03879030     2.14679646
   -0.02056645    -0.03879276     2.14679646
   -0.02056402    -0.03879461     2.14679646
20MABNDA000272_PR038
   -0.01329852     0.01154927     2.74965906
   -0.01329338     0.01155346     2.74965906
   -0.01329156     0.01154541     2.74965906
   -0.01329413     0.01154212     2.74965906
   -0.01329541     0.01154633     2.74965906
   -0.01329999     0.01154524     2.74965906
   -0.01329688     0.01154541     2.74965906
   -0.01328900     0.01154742     2.74965906
20MABNDA000003_PR039
   -0.00578304     0.04131953     2.14891410
   -0.00578318     0.04132012     2.14891410
   -0.00578147     0.04132025     2.14891410
   -0.00578205     0.04131968     2.14891410
   -0.00578276     0.04131912     2.14891410
   -0.00578290     0.04132012     2.14891410
   -0.00578433     0.04131997     2.14891410
   -0.00578104     0.04131968     2.14891410


*****************************************************************coordonnees du prisme dans le repere ATLAS********************************************************************************** 
20MABNDB000135_PR027 0.00000000
    2.60038781    -4.19776440    -3.82376099
    2.60039043    -4.19776440    -3.82376170
    2.60039115    -4.19776440    -3.82376027
    2.60038567    -4.19776487    -3.82376242
    2.60038733    -4.19776440    -3.82376099
    2.60039234    -4.19776440    -3.82376218
    2.60039115    -4.19776440    -3.82375956
    2.60038376    -4.19776487    -3.82375789
    2.60038877    -4.19776440    -3.82376003
20MABNDB000126_PR028 0.00000000
    2.60535121    -4.19702005    -5.89342499
    2.60535049    -4.19702005    -5.89342546
    2.60535145    -4.19702005    -5.89342403
    2.60535026    -4.19702053    -5.89342070
    2.60535192    -4.19702005    -5.89342594
    2.60535526    -4.19702005    -5.89342642
    2.60535049    -4.19702005    -5.89342403
    2.60535288    -4.19702005    -5.89342213
20MABNDA000272_PR038 0.00000000
   -2.61123490    -4.19698238    -3.82693648
   -2.61123991    -4.19698238    -3.82693219
   -2.61124182    -4.19698238    -3.82694030
   -2.61123919    -4.19698238    -3.82694364
   -2.61123800    -4.19698238    -3.82693934
   -2.61123323    -4.19698238    -3.82694030
   -2.61123633    -4.19698238    -3.82694030
   -2.61124420    -4.19698238    -3.82693815
20MABNDA000003_PR039 0.00000000
   -2.61594296    -4.19702291    -5.89144611
   -2.61594272    -4.19702291    -5.89144564
   -2.61594439    -4.19702291    -5.89144564
   -2.61594391    -4.19702291    -5.89144611
   -2.61594319    -4.19702291    -5.89144659
   -2.61594296    -4.19702291    -5.89144564
   -2.61594152    -4.19702291    -5.89144564
   -2.61594486    -4.19702291    -5.89144611


*****************************************************************Rapport********************************************************************************** 
CAM-EBC-US-IP_EBC-US-IP        2014.12.02.09.21.05     2.60038871    -4.19776450    -3.82376067     0.00000268     0.00000020     0.00000134 0.00000000 VRAI 
CAM-EBC-US-HO_EBC-US-HO        2014.12.02.09.21.05     2.60535175    -4.19702011    -5.89342421     0.00000156     0.00000016     0.00000183 0.00000000 VRAI 
CAM-EBC-USA-IP_EBC-USA-IP      2014.12.02.09.21.05    -2.61123845    -4.19698238    -3.82693884     0.00000338     0.00000000     0.00000316 0.00000000 VRAI 
CAM-EBC-USA-HO_EBC-USA-HO      2014.12.02.09.21.05    -2.61594331    -4.19702291    -5.89144593     0.00000098     0.00000000     0.00000033 0.00000000 VRAI 
