********** Fichier qui contient une sauvegarde des coordonnees images + coordonnees images transformees dans le repere BCAM (MOUNT) + coordonnees des prismes dans le repere MOUNT********** 
********************************************************************** Unite en metres (m)************************************************************************************************** 

*******************************************************************coordonnees images dans le repere CCD *********************************************************************************** 
20MABNDA000196_PR006
Spot 1   0.00198254   0.00074643
Spot 2   0.00161232   0.00074321
Spot 1   0.00198232   0.00074627
Spot 2   0.00161226   0.00074298
Spot 1   0.00198246   0.00074608
Spot 2   0.00161248   0.00074313
Spot 1   0.00198325   0.00074632
Spot 2   0.00161299   0.00074299
Spot 1   0.00198387   0.00074665
Spot 2   0.00161356   0.00074356
Spot 1   0.00198369   0.00074702
Spot 2   0.00161345   0.00074384
Spot 1   0.00198385   0.00074690
Spot 2   0.00161342   0.00074367
Spot 1   0.00198311   0.00074680
Spot 2   0.00161281   0.00074346
Spot 1   0.00198284   0.00074685
Spot 2   0.00161282   0.00074353
Spot 1   0.00198292   0.00074670
Spot 2   0.00161306   0.00074345
Spot 1   0.00198286   0.00074686
Spot 2   0.00161322   0.00074362
Spot 1   0.00198290   0.00074683
Spot 2   0.00161271   0.00074365
20MABNDA000324_PR007
Spot 1   0.00195241   0.00121326
Spot 2   0.00174609   0.00121914
Spot 1   0.00195220   0.00121325
Spot 2   0.00174601   0.00121901
Spot 1   0.00195214   0.00121331
Spot 2   0.00174610   0.00121909
Spot 1   0.00195217   0.00121317
Spot 2   0.00174598   0.00121914
Spot 1   0.00195200   0.00121325
Spot 2   0.00174611   0.00121909
Spot 1   0.00195209   0.00121334
Spot 2   0.00174598   0.00121925
Spot 1   0.00195213   0.00121323
Spot 2   0.00174607   0.00121921
Spot 1   0.00195225   0.00121320
Spot 2   0.00174609   0.00121902
Spot 1   0.00195208   0.00121332
Spot 2   0.00174597   0.00121913
Spot 1   0.00195236   0.00121326
Spot 2   0.00174607   0.00121915
Spot 1   0.00195221   0.00121317
Spot 2   0.00174612   0.00121914
20MABNDB000001_PR017
Spot 1   0.00187206   0.00046775
Spot 2   0.00224184   0.00047672
Spot 1   0.00187205   0.00046788
Spot 2   0.00224185   0.00047675
Spot 1   0.00187203   0.00046774
Spot 2   0.00224186   0.00047677
Spot 1   0.00187205   0.00046775
Spot 2   0.00224176   0.00047677
Spot 1   0.00187216   0.00046778
Spot 2   0.00224177   0.00047677
Spot 1   0.00187209   0.00046772
Spot 2   0.00224211   0.00047656
Spot 1   0.00187214   0.00046791
Spot 2   0.00224178   0.00047673
Spot 1   0.00187221   0.00046755
Spot 2   0.00224197   0.00047671
Spot 1   0.00187226   0.00046784
Spot 2   0.00224199   0.00047678
Spot 1   0.00187232   0.00046750
Spot 2   0.00224196   0.00047634
Spot 1   0.00187218   0.00046768
Spot 2   0.00224183   0.00047667
20MABNDB000260_PR019
Spot 1   0.00192859   0.00149920
Spot 2   0.00213300   0.00149940
Spot 1   0.00192849   0.00149900
Spot 2   0.00213279   0.00149942
Spot 1   0.00192856   0.00149899
Spot 2   0.00213300   0.00149940
Spot 1   0.00192833   0.00149885
Spot 2   0.00213273   0.00149913
Spot 1   0.00192830   0.00149918
Spot 2   0.00213322   0.00149952
Spot 1   0.00192837   0.00149884
Spot 2   0.00213300   0.00149940
Spot 1   0.00192843   0.00149901
Spot 2   0.00213311   0.00149905
Spot 1   0.00192867   0.00149871
Spot 2   0.00213286   0.00149881
Spot 1   0.00192854   0.00149923
Spot 2   0.00213322   0.00149938
Spot 1   0.00192851   0.00149880
Spot 2   0.00213292   0.00149942
Spot 1   0.00192833   0.00149907
Spot 2   0.00213272   0.00149918


****************************************************************coordonnees images transformees dans le repere MOUNT************************************************************************* 
20MABNDA000196_PR006
Spot 1  -0.01293747   0.01323175  -0.07967100
Spot 2  -0.01256724   0.01323021  -0.07967100
Spot 1  -0.01293724   0.01323191  -0.07967100
Spot 2  -0.01256717   0.01323044  -0.07967100
Spot 1  -0.01293738   0.01323210  -0.07967100
Spot 2  -0.01256740   0.01323029  -0.07967100
Spot 1  -0.01293818   0.01323187  -0.07967100
Spot 2  -0.01256790   0.01323044  -0.07967100
Spot 1  -0.01293880   0.01323155  -0.07967100
Spot 2  -0.01256848   0.01322988  -0.07967100
Spot 1  -0.01293862   0.01323118  -0.07967100
Spot 2  -0.01256837   0.01322960  -0.07967100
Spot 1  -0.01293878   0.01323130  -0.07967100
Spot 2  -0.01256834   0.01322977  -0.07967100
Spot 1  -0.01293804   0.01323139  -0.07967100
Spot 2  -0.01256773   0.01322997  -0.07967100
Spot 1  -0.01293777   0.01323134  -0.07967100
Spot 2  -0.01256774   0.01322990  -0.07967100
Spot 1  -0.01293785   0.01323149  -0.07967100
Spot 2  -0.01256798   0.01322998  -0.07967100
Spot 1  -0.01293779   0.01323132  -0.07967100
Spot 2  -0.01256814   0.01322981  -0.07967100
Spot 1  -0.01293783   0.01323136  -0.07967100
Spot 2  -0.01256763   0.01322978  -0.07967100
20MABNDA000324_PR007
Spot 1  -0.01255811   0.01280828  -0.07446800
Spot 2  -0.01235175   0.01280401  -0.07446800
Spot 1  -0.01255790   0.01280829  -0.07446800
Spot 2  -0.01235168   0.01280414  -0.07446800
Spot 1  -0.01255784   0.01280823  -0.07446800
Spot 2  -0.01235177   0.01280406  -0.07446800
Spot 1  -0.01255787   0.01280837  -0.07446800
Spot 2  -0.01235164   0.01280401  -0.07446800
Spot 1  -0.01255770   0.01280829  -0.07446800
Spot 2  -0.01235177   0.01280406  -0.07446800
Spot 1  -0.01255779   0.01280820  -0.07446800
Spot 2  -0.01235164   0.01280390  -0.07446800
Spot 1  -0.01255783   0.01280831  -0.07446800
Spot 2  -0.01235173   0.01280394  -0.07446800
Spot 1  -0.01255795   0.01280834  -0.07446800
Spot 2  -0.01235176   0.01280413  -0.07446800
Spot 1  -0.01255778   0.01280822  -0.07446800
Spot 2  -0.01235163   0.01280402  -0.07446800
Spot 1  -0.01255806   0.01280828  -0.07446800
Spot 2  -0.01235173   0.01280400  -0.07446800
Spot 1  -0.01255791   0.01280837  -0.07446800
Spot 2  -0.01235178   0.01280401  -0.07446800
20MABNDB000001_PR017
Spot 1  -0.01231599  -0.01352162  -0.07418400
Spot 2  -0.01194614  -0.01351656  -0.07418400
Spot 1  -0.01231600  -0.01352149  -0.07418400
Spot 2  -0.01194613  -0.01351653  -0.07418400
Spot 1  -0.01231602  -0.01352163  -0.07418400
Spot 2  -0.01194612  -0.01351651  -0.07418400
Spot 1  -0.01231600  -0.01352162  -0.07418400
Spot 2  -0.01194622  -0.01351651  -0.07418400
Spot 1  -0.01231589  -0.01352159  -0.07418400
Spot 2  -0.01194621  -0.01351651  -0.07418400
Spot 1  -0.01231596  -0.01352165  -0.07418400
Spot 2  -0.01194587  -0.01351673  -0.07418400
Spot 1  -0.01231591  -0.01352146  -0.07418400
Spot 2  -0.01194620  -0.01351655  -0.07418400
Spot 1  -0.01231585  -0.01352182  -0.07418400
Spot 2  -0.01194601  -0.01351657  -0.07418400
Spot 1  -0.01231579  -0.01352153  -0.07418400
Spot 2  -0.01194599  -0.01351650  -0.07418400
Spot 1  -0.01231574  -0.01352187  -0.07418400
Spot 2  -0.01194602  -0.01351694  -0.07418400
Spot 1  -0.01231587  -0.01352169  -0.07418400
Spot 2  -0.01194615  -0.01351661  -0.07418400
20MABNDB000260_PR019
Spot 1  -0.01240268  -0.01240322  -0.07492700
Spot 2  -0.01219832  -0.01239883  -0.07492700
Spot 1  -0.01240278  -0.01240342  -0.07492700
Spot 2  -0.01219853  -0.01239881  -0.07492700
Spot 1  -0.01240270  -0.01240343  -0.07492700
Spot 2  -0.01219832  -0.01239883  -0.07492700
Spot 1  -0.01240293  -0.01240357  -0.07492700
Spot 2  -0.01219858  -0.01239910  -0.07492700
Spot 1  -0.01240297  -0.01240324  -0.07492700
Spot 2  -0.01219810  -0.01239870  -0.07492700
Spot 1  -0.01240289  -0.01240358  -0.07492700
Spot 2  -0.01219832  -0.01239883  -0.07492700
Spot 1  -0.01240284  -0.01240341  -0.07492700
Spot 2  -0.01219820  -0.01239918  -0.07492700
Spot 1  -0.01240259  -0.01240371  -0.07492700
Spot 2  -0.01219844  -0.01239942  -0.07492700
Spot 1  -0.01240273  -0.01240319  -0.07492700
Spot 2  -0.01219810  -0.01239884  -0.07492700
Spot 1  -0.01240275  -0.01240362  -0.07492700
Spot 2  -0.01219840  -0.01239881  -0.07492700
Spot 1  -0.01240294  -0.01240335  -0.07492700
Spot 2  -0.01219859  -0.01239905  -0.07492700


*****************************************************************coordonnees du prisme dans le repere MOUNT********************************************************************************** 
20MABNDA000196_PR006
 -0.01052032   0.01029964   1.64206481
 -0.01052342   0.01029542   1.64206481
 -0.01051950   0.01029494   1.64206481
 -0.01050529   0.01029585   1.64206481
 -0.01049217   0.01030551   1.64206481
 -0.01049524   0.01031265   1.64206481
 -0.01049386   0.01030946   1.64206481
 -0.01050864   0.01030627   1.64206481
 -0.01051148   0.01030761   1.64206481
 -0.01050801   0.01030506   1.64206481
 -0.01050687   0.01030865   1.64206481
 -0.01051201   0.01030871   1.64206481
20MABNDA000324_PR007
 -0.02509048   0.02790108   2.95549226
 -0.02509615   0.02789829   2.95549226
 -0.02509558   0.02790106   2.95549226
 -0.02509736   0.02789926   2.95549226
 -0.02509814   0.02789985   2.95549226
 -0.02509897   0.02790478   2.95549226
 -0.02509638   0.02790183   2.95549226
 -0.02509360   0.02789754   2.95549226
 -0.02509934   0.02790201   2.95549226
 -0.02509184   0.02790128   2.95549226
 -0.02509380   0.02789930   2.95549226
20MABNDB000001_PR017
 -0.02383593  -0.00347508   1.64036572
 -0.02383595  -0.00347683   1.64036572
 -0.02383582  -0.00347551   1.64036572
 -0.02383495  -0.00347564   1.64036572
 -0.02383627  -0.00347594   1.64036572
 -0.02383919  -0.00347297   1.64036572
 -0.02383617  -0.00347693   1.64036572
 -0.02383897  -0.00347276   1.64036572
 -0.02383978  -0.00347668   1.64036572
 -0.02384001  -0.00346814   1.64036572
 -0.02383712  -0.00347375   1.64036572
20MABNDB000260_PR019
 -0.02462225  -0.03822543   2.95627499
 -0.02461624  -0.03822177   2.95627499
 -0.02462176  -0.03822129   2.95627499
 -0.02461209  -0.03821302   2.95627499
 -0.02462086  -0.03822738   2.95627475
 -0.02461807  -0.03821825   2.95627499
 -0.02462150  -0.03821478   2.95627499
 -0.02462152  -0.03820414   2.95627499
 -0.02462561  -0.03822571   2.95627475
 -0.02461926  -0.03821790   2.95627499
 -0.02461178  -0.03821832   2.95627499


*****************************************************************coordonnees du prisme dans le repere ATLAS********************************************************************************** 
20MABNDA000196_PR006 0.00000000
  2.58498025  -4.19496346   6.54825211
  2.58498359  -4.19496346   6.54824829
  2.58497953  -4.19496346   6.54824734
  2.58496523  -4.19496346   6.54824829
  2.58495212  -4.19496346   6.54825830
  2.58495522  -4.19496346   6.54826546
  2.58495402  -4.19496346   6.54826212
  2.58496881  -4.19496346   6.54825878
  2.58497143  -4.19496346   6.54826021
  2.58496809  -4.19496346   6.54825783
  2.58496690  -4.19496346   6.54826117
  2.58497214  -4.19496346   6.54826117
20MABNDA000324_PR007 0.00000000
  2.59422708  -4.13996601   6.94801188
  2.59422159  -4.13996601   6.94801474
  2.59422207  -4.13996601   6.94801188
  2.59422040  -4.13996601   6.94801378
  2.59421945  -4.13996601   6.94801283
  2.59421873  -4.13996601   6.94800806
  2.59422135  -4.13996601   6.94801092
  2.59422398  -4.13996601   6.94801521
  2.59421825  -4.13996601   6.94801092
  2.59422588  -4.13996601   6.94801140
  2.59422374  -4.13996601   6.94801378
20MABNDB000001_PR017 0.00000000
 -2.59754086  -4.19505072   6.53879690
 -2.59754086  -4.19505024   6.53879833
 -2.59754062  -4.19505024   6.53879738
 -2.59753990  -4.19505072   6.53879738
 -2.59754109  -4.19505024   6.53879786
 -2.59754419  -4.19505072   6.53879452
 -2.59754109  -4.19505024   6.53879881
 -2.59754395  -4.19505072   6.53879452
 -2.59754467  -4.19505024   6.53879833
 -2.59754491  -4.19505072   6.53878975
 -2.59754205  -4.19505072   6.53879547
20MABNDB000260_PR019 0.00000000
 -2.60413289  -4.13995934   6.94242001
 -2.60413885  -4.13995934   6.94242382
 -2.60413337  -4.13995934   6.94242430
 -2.60414290  -4.13995934   6.94243240
 -2.60413408  -4.13995934   6.94241810
 -2.60413694  -4.13995934   6.94242716
 -2.60413361  -4.13995934   6.94243050
 -2.60413361  -4.13995934   6.94244146
 -2.60412955  -4.13995934   6.94242001
 -2.60413575  -4.13995934   6.94242764
 -2.60414338  -4.13995934   6.94242716


*****************************************************************Rapport********************************************************************************** 
CAM-JDA-US-IP_JDA-US-IP     2014.09.12.11.40.54   2.58496811  -4.19496346   6.54825675   0.00000990   0.00000000   0.00000589 0.00000000 VRAI 
CAM-JDA-US-HO_JDA-US-HO     2014.09.12.11.40.54   2.59422205  -4.13996601   6.94801231   0.00000273   0.00000000   0.00000196 0.00000000 VRAI 
CAM-JDA-USA-IP_JDA-USA-IP   2014.09.12.11.40.54  -2.59754220  -4.19505050   6.53879629   0.00000177   0.00000024   0.00000252 0.00000000 VRAI 
CAM-JDA-USA-HO_JDA-USA-HO   2014.09.12.11.40.54  -2.60413590  -4.13995934   6.94242659   0.00000409   0.00000000   0.00000635 0.00000000 VRAI 
