********** Fichier qui contient une sauvegarde des coordonnees images + coordonnees images transformees dans le repere BCAM (MOUNT) + coordonnees des prismes dans le repere MOUNT********** 
********************************************************************** Unite en metres (m)************************************************************************************************** 

*******************************************************************coordonnees images dans le repere CCD *********************************************************************************** 
20MABNDA000196_PR006
Spot 1   0.00198033   0.00074797
Spot 2   0.00160958   0.00074383
Spot 1   0.00198027   0.00074819
Spot 2   0.00160941   0.00074407
Spot 1   0.00198025   0.00074830
Spot 2   0.00160951   0.00074395
Spot 1   0.00198042   0.00074828
Spot 2   0.00160935   0.00074390
Spot 1   0.00198012   0.00074836
Spot 2   0.00160945   0.00074403
Spot 1   0.00198030   0.00074811
Spot 2   0.00160939   0.00074400
Spot 1   0.00198032   0.00074838
Spot 2   0.00160955   0.00074418
Spot 1   0.00198029   0.00074829
Spot 2   0.00160938   0.00074425
Spot 1   0.00198032   0.00074819
Spot 2   0.00160947   0.00074403
Spot 1   0.00198030   0.00074840
Spot 2   0.00160946   0.00074404
Spot 1   0.00198022   0.00074836
Spot 2   0.00160952   0.00074400
Spot 1   0.00198025   0.00074844
Spot 2   0.00160950   0.00074446
20MABNDA000324_PR007
Spot 1   0.00195459   0.00121230
Spot 2   0.00174707   0.00121817
Spot 1   0.00195440   0.00121230
Spot 2   0.00174706   0.00121816
Spot 1   0.00195440   0.00121228
Spot 2   0.00174717   0.00121819
Spot 1   0.00195454   0.00121219
Spot 2   0.00174728   0.00121826
Spot 1   0.00195440   0.00121228
Spot 2   0.00174717   0.00121814
Spot 1   0.00195454   0.00121230
Spot 2   0.00174707   0.00121835
Spot 1   0.00195441   0.00121229
Spot 2   0.00174717   0.00121814
Spot 1   0.00195450   0.00121236
Spot 2   0.00174712   0.00121823
Spot 1   0.00195458   0.00121246
Spot 2   0.00174715   0.00121820
Spot 1   0.00195448   0.00121223
Spot 2   0.00174711   0.00121826
Spot 1   0.00195436   0.00121239
Spot 2   0.00174712   0.00121823
20MABNDB000001_PR017
Spot 1   0.00187213   0.00046630
Spot 2   0.00224242   0.00047519
Spot 1   0.00187219   0.00046636
Spot 2   0.00224242   0.00047528
Spot 1   0.00187201   0.00046636
Spot 2   0.00224232   0.00047528
Spot 1   0.00187212   0.00046642
Spot 2   0.00224262   0.00047537
Spot 1   0.00187208   0.00046623
Spot 2   0.00224244   0.00047500
Spot 1   0.00187217   0.00046635
Spot 2   0.00224239   0.00047519
Spot 1   0.00187216   0.00046627
Spot 2   0.00224250   0.00047527
Spot 1   0.00187225   0.00046611
Spot 2   0.00224271   0.00047519
Spot 1   0.00187218   0.00046640
Spot 2   0.00224250   0.00047542
Spot 1   0.00187213   0.00046629
Spot 2   0.00224242   0.00047523
Spot 1   0.00187229   0.00046637
Spot 2   0.00224261   0.00047528
20MABNDB000260_PR019
Spot 1   0.00192810   0.00149813
Spot 2   0.00213093   0.00149685
Spot 1   0.00192807   0.00149819
Spot 2   0.00213115   0.00149731
Spot 1   0.00192812   0.00149820
Spot 2   0.00213140   0.00149740
Spot 1   0.00192812   0.00149840
Spot 2   0.00213093   0.00149685
Spot 1   0.00192791   0.00149831
Spot 2   0.00213115   0.00149731
Spot 1   0.00192796   0.00149828
Spot 2   0.00213115   0.00149731
Spot 1   0.00192793   0.00149814
Spot 2   0.00213065   0.00149717
Spot 1   0.00192808   0.00149808
Spot 2   0.00213115   0.00149731
Spot 1   0.00192805   0.00149829
Spot 2   0.00213093   0.00149685
Spot 1   0.00192798   0.00149815
Spot 2   0.00213154   0.00149654
Spot 1   0.00192816   0.00149816
Spot 2   0.00213115   0.00149731


****************************************************************coordonnees images transformees dans le repere MOUNT************************************************************************* 
20MABNDA000196_PR006
Spot 1  -0.01293528   0.01323018  -0.07967100
Spot 2  -0.01256450   0.01322956  -0.07967100
Spot 1  -0.01293522   0.01322996  -0.07967100
Spot 2  -0.01256434   0.01322931  -0.07967100
Spot 1  -0.01293520   0.01322985  -0.07967100
Spot 2  -0.01256444   0.01322944  -0.07967100
Spot 1  -0.01293537   0.01322987  -0.07967100
Spot 2  -0.01256428   0.01322948  -0.07967100
Spot 1  -0.01293507   0.01322979  -0.07967100
Spot 2  -0.01256438   0.01322936  -0.07967100
Spot 1  -0.01293525   0.01323004  -0.07967100
Spot 2  -0.01256432   0.01322938  -0.07967100
Spot 1  -0.01293527   0.01322977  -0.07967100
Spot 2  -0.01256448   0.01322921  -0.07967100
Spot 1  -0.01293524   0.01322986  -0.07967100
Spot 2  -0.01256431   0.01322913  -0.07967100
Spot 1  -0.01293527   0.01322996  -0.07967100
Spot 2  -0.01256440   0.01322936  -0.07967100
Spot 1  -0.01293525   0.01322975  -0.07967100
Spot 2  -0.01256439   0.01322934  -0.07967100
Spot 1  -0.01293517   0.01322979  -0.07967100
Spot 2  -0.01256445   0.01322939  -0.07967100
Spot 1  -0.01293520   0.01322971  -0.07967100
Spot 2  -0.01256443   0.01322893  -0.07967100
20MABNDA000324_PR007
Spot 1  -0.01256030   0.01280922  -0.07446800
Spot 2  -0.01235274   0.01280497  -0.07446800
Spot 1  -0.01256011   0.01280922  -0.07446800
Spot 2  -0.01235273   0.01280498  -0.07446800
Spot 1  -0.01256011   0.01280924  -0.07446800
Spot 2  -0.01235284   0.01280495  -0.07446800
Spot 1  -0.01256025   0.01280933  -0.07446800
Spot 2  -0.01235295   0.01280488  -0.07446800
Spot 1  -0.01256011   0.01280924  -0.07446800
Spot 2  -0.01235284   0.01280500  -0.07446800
Spot 1  -0.01256025   0.01280922  -0.07446800
Spot 2  -0.01235274   0.01280479  -0.07446800
Spot 1  -0.01256012   0.01280923  -0.07446800
Spot 2  -0.01235284   0.01280500  -0.07446800
Spot 1  -0.01256021   0.01280916  -0.07446800
Spot 2  -0.01235279   0.01280491  -0.07446800
Spot 1  -0.01256029   0.01280906  -0.07446800
Spot 2  -0.01235282   0.01280494  -0.07446800
Spot 1  -0.01256019   0.01280929  -0.07446800
Spot 2  -0.01235278   0.01280488  -0.07446800
Spot 1  -0.01256007   0.01280913  -0.07446800
Spot 2  -0.01235279   0.01280491  -0.07446800
20MABNDB000001_PR017
Spot 1  -0.01231594  -0.01352307  -0.07418400
Spot 2  -0.01194558  -0.01351810  -0.07418400
Spot 1  -0.01231588  -0.01352301  -0.07418400
Spot 2  -0.01194558  -0.01351801  -0.07418400
Spot 1  -0.01231606  -0.01352301  -0.07418400
Spot 2  -0.01194568  -0.01351801  -0.07418400
Spot 1  -0.01231595  -0.01352295  -0.07418400
Spot 2  -0.01194537  -0.01351792  -0.07418400
Spot 1  -0.01231599  -0.01352314  -0.07418400
Spot 2  -0.01194556  -0.01351829  -0.07418400
Spot 1  -0.01231590  -0.01352302  -0.07418400
Spot 2  -0.01194561  -0.01351810  -0.07418400
Spot 1  -0.01231591  -0.01352310  -0.07418400
Spot 2  -0.01194550  -0.01351802  -0.07418400
Spot 1  -0.01231582  -0.01352326  -0.07418400
Spot 2  -0.01194529  -0.01351810  -0.07418400
Spot 1  -0.01231589  -0.01352297  -0.07418400
Spot 2  -0.01194549  -0.01351787  -0.07418400
Spot 1  -0.01231594  -0.01352308  -0.07418400
Spot 2  -0.01194558  -0.01351806  -0.07418400
Spot 1  -0.01231578  -0.01352300  -0.07418400
Spot 2  -0.01194539  -0.01351801  -0.07418400
20MABNDB000260_PR019
Spot 1  -0.01240315  -0.01240430  -0.07492700
Spot 2  -0.01220033  -0.01240142  -0.07492700
Spot 1  -0.01240318  -0.01240424  -0.07492700
Spot 2  -0.01220012  -0.01240095  -0.07492700
Spot 1  -0.01240313  -0.01240423  -0.07492700
Spot 2  -0.01219987  -0.01240086  -0.07492700
Spot 1  -0.01240313  -0.01240403  -0.07492700
Spot 2  -0.01220033  -0.01240142  -0.07492700
Spot 1  -0.01240334  -0.01240412  -0.07492700
Spot 2  -0.01220012  -0.01240095  -0.07492700
Spot 1  -0.01240329  -0.01240415  -0.07492700
Spot 2  -0.01220012  -0.01240095  -0.07492700
Spot 1  -0.01240332  -0.01240429  -0.07492700
Spot 2  -0.01220062  -0.01240110  -0.07492700
Spot 1  -0.01240317  -0.01240435  -0.07492700
Spot 2  -0.01220012  -0.01240095  -0.07492700
Spot 1  -0.01240320  -0.01240414  -0.07492700
Spot 2  -0.01220033  -0.01240142  -0.07492700
Spot 1  -0.01240327  -0.01240428  -0.07492700
Spot 2  -0.01219972  -0.01240172  -0.07492700
Spot 1  -0.01240309  -0.01240427  -0.07492700
Spot 2  -0.01220012  -0.01240095  -0.07492700


*****************************************************************coordonnees du prisme dans le repere MOUNT********************************************************************************** 
20MABNDA000196_PR006
 -0.01057408   0.01032393   1.64206505
 -0.01057652   0.01032899   1.64206505
 -0.01057566   0.01032888   1.64206505
 -0.01057555   0.01032810   1.64206505
 -0.01057771   0.01033042   1.64206505
 -0.01057644   0.01032735   1.64206505
 -0.01057441   0.01033224   1.64206505
 -0.01057660   0.01033205   1.64206505
 -0.01057533   0.01032854   1.64206505
 -0.01057563   0.01033094   1.64206505
 -0.01057586   0.01033008   1.64206505
 -0.01057567   0.01033597   1.64206505
20MABNDA000324_PR007
 -0.02502799   0.02786360   2.95549297
 -0.02503193   0.02786336   2.95549297
 -0.02502977   0.02786358   2.95549297
 -0.02502485   0.02786321   2.95549297
 -0.02502977   0.02786261   2.95549297
 -0.02502901   0.02786712   2.95549297
 -0.02502956   0.02786281   2.95549297
 -0.02502880   0.02786594   2.95549297
 -0.02502665   0.02786735   2.95549297
 -0.02502936   0.02786398   2.95549297
 -0.02503156   0.02786653   2.95549297
20MABNDB000001_PR017
 -0.02384268  -0.00344244   1.64036560
 -0.02384336  -0.00344406   1.64036560
 -0.02384030  -0.00344410   1.64036560
 -0.02384479  -0.00344570   1.64036560
 -0.02384233  -0.00343959   1.64036560
 -0.02384280  -0.00344298   1.64036560
 -0.02384390  -0.00344297   1.64036560
 -0.02384714  -0.00344031   1.64036536
 -0.02384415  -0.00344604   1.64036560
 -0.02384269  -0.00344276   1.64036560
 -0.02384652  -0.00344414   1.64036560
20MABNDB000260_PR019
 -0.02457333  -0.03815313   2.95627570
 -0.02457685  -0.03816345   2.95627570
 -0.02458273  -0.03816554   2.95627570
 -0.02457360  -0.03815846   2.95627570
 -0.02457366  -0.03816574   2.95627570
 -0.02457465  -0.03816517   2.95627570
 -0.02456434  -0.03815945   2.95627570
 -0.02457710  -0.03816129   2.95627570
 -0.02457228  -0.03815626   2.95627570
 -0.02458310  -0.03814762   2.95627570
 -0.02457864  -0.03816290   2.95627570


*****************************************************************coordonnees du prisme dans le repere ATLAS********************************************************************************** 
20MABNDA000196_PR006 0.00000000
  2.58503413  -4.19496298   6.54827642
  2.58503652  -4.19496298   6.54828167
  2.58503580  -4.19496298   6.54828167
  2.58503556  -4.19496298   6.54828072
  2.58503771  -4.19496298   6.54828310
  2.58503652  -4.19496298   6.54827976
  2.58503437  -4.19496298   6.54828501
  2.58503675  -4.19496298   6.54828453
  2.58503532  -4.19496298   6.54828119
  2.58503556  -4.19496298   6.54828358
  2.58503580  -4.19496298   6.54828262
  2.58503580  -4.19496298   6.54828882
20MABNDA000324_PR007 0.00000000
  2.59428978  -4.13996506   6.94804955
  2.59428573  -4.13996506   6.94804955
  2.59428787  -4.13996506   6.94804955
  2.59429288  -4.13996506   6.94804955
  2.59428787  -4.13996506   6.94805050
  2.59428859  -4.13996506   6.94804573
  2.59428811  -4.13996506   6.94805002
  2.59428883  -4.13996506   6.94804716
  2.59429097  -4.13996506   6.94804573
  2.59428835  -4.13996506   6.94804907
  2.59428620  -4.13996506   6.94804621
20MABNDB000001_PR017 0.00000000
 -2.59754753  -4.19505072   6.53876400
 -2.59754825  -4.19505072   6.53876591
 -2.59754515  -4.19505072   6.53876591
 -2.59754968  -4.19505072   6.53876734
 -2.59754729  -4.19505072   6.53876114
 -2.59754777  -4.19505072   6.53876495
 -2.59754872  -4.19505072   6.53876448
 -2.59755206  -4.19505072   6.53876209
 -2.59754896  -4.19505072   6.53876781
 -2.59754753  -4.19505072   6.53876448
 -2.59755135  -4.19505072   6.53876591
20MABNDB000260_PR019 0.00000000
 -2.60418177  -4.13995838   6.94249249
 -2.60417819  -4.13995838   6.94248199
 -2.60417223  -4.13995838   6.94248009
 -2.60418153  -4.13995838   6.94248724
 -2.60418153  -4.13995838   6.94247961
 -2.60418034  -4.13995838   6.94248009
 -2.60419083  -4.13995838   6.94248581
 -2.60417795  -4.13995838   6.94248438
 -2.60418272  -4.13995838   6.94248915
 -2.60417199  -4.13995838   6.94249773
 -2.60417652  -4.13995838   6.94248247


*****************************************************************Rapport********************************************************************************** 
CAM-JDA-US-IP_JDA-US-IP     2014.09.05.18.09.20   2.58503582  -4.19496298   6.54828242   0.00000095   0.00000000   0.00000292 0.00000000 VRAI 
CAM-JDA-US-HO_JDA-US-HO     2014.09.05.18.09.20   2.59428865  -4.13996506   6.94804842   0.00000192   0.00000000   0.00000174 0.00000000 VRAI 
CAM-JDA-USA-IP_JDA-USA-IP   2014.09.05.18.09.20  -2.59754857  -4.19505072   6.53876491   0.00000185   0.00000000   0.00000192 0.00000000 VRAI 
CAM-JDA-USA-HO_JDA-USA-HO   2014.09.05.18.09.20  -2.60417960  -4.13995838   6.94248555   0.00000500   0.00000000   0.00000548 0.00000000 VRAI 
