********** Fichier qui contient une sauvegarde des coordonnees images + coordonnees images transformees dans le repere BCAM (MOUNT) + coordonnees des prismes dans le repere MOUNT********** 
********************************************************************** Unite en metres (m)************************************************************************************************** 

*******************************************************************coordonnees images dans le repere CCD *********************************************************************************** 
20MABNDL000077_PR002
Spot 1 0.00233457 0.00163365
Spot 2 0.00240167 0.00163167
Spot 1 0.00233452 0.00163363
Spot 2 0.002405 0.001635
Spot 1 0.00233442 0.00163397
Spot 2 0.002399 0.001631
Spot 1 0.0023345 0.00163367
Spot 2 0.002405 0.001635
Spot 1 0.00233486 0.00163386
Spot 2 0.00239929 0.00162929
Spot 1 0.00233432 0.00163354
Spot 2 0.00239833 0.00162833
Spot 1 0.00233445 0.00163353
Spot 2 -1e-06 -1e-06
Spot 1 0.00233449 0.00163369
Spot 2 0.0024 0.001625
20MABNDL000077_PR003
Spot 1 -1e-06 -1e-06
Spot 2 -1e-06 -1e-06
Spot 1 -1e-06 -1e-06
Spot 2 -1e-06 -1e-06
Spot 1 -1e-06 -1e-06
Spot 2 -1e-06 -1e-06
Spot 1 -1e-06 -1e-06
Spot 2 -1e-06 -1e-06
Spot 1 -1e-06 -1e-06
Spot 2 -1e-06 -1e-06
Spot 1 -1e-06 -1e-06
Spot 2 -1e-06 -1e-06
Spot 1 -1e-06 -1e-06
Spot 2 -1e-06 -1e-06
Spot 1 -1e-06 -1e-06
Spot 2 -1e-06 -1e-06
20MABNDL000077_PR024
Spot 1 -1e-06 -1e-06
Spot 2 -1e-06 -1e-06
Spot 1 -1e-06 -1e-06
Spot 2 -1e-06 -1e-06
Spot 1 -1e-06 -1e-06
Spot 2 -1e-06 -1e-06
Spot 1 -1e-06 -1e-06
Spot 2 -1e-06 -1e-06
Spot 1 -1e-06 -1e-06
Spot 2 -1e-06 -1e-06
Spot 1 -1e-06 -1e-06
Spot 2 -1e-06 -1e-06
Spot 1 -1e-06 -1e-06
Spot 2 -1e-06 -1e-06
Spot 1 -1e-06 -1e-06
Spot 2 -1e-06 -1e-06
20MABNDL000077_20MAB
Spot 1 0.00233461 0.00163353
Spot 2 0.0024 0.001625
Spot 1 0.0023346 0.00163361
Spot 2 -1e-06 -1e-06
Spot 1 0.00233439 0.00163394
Spot 2 0.002399 0.001629
Spot 1 0.00233443 0.00163353
Spot 2 0.002395 0.00163
Spot 1 0.00233449 0.00163366
Spot 2 0.002395 0.001625
Spot 1 0.00233443 0.00163364
Spot 2 -1e-06 -1e-06
Spot 1 0.00233438 0.00163353
Spot 2 -1e-06 -1e-06
20MABNDM000020_PR013
Spot 1 0.00154921 0.00077216
Spot 2 -1e-06 -1e-06
Spot 1 0.00154928 0.00077243
Spot 2 -1e-06 -1e-06
Spot 1 0.00154921 0.00077257
Spot 2 -1e-06 -1e-06
Spot 1 0.00154914 0.00077235
Spot 2 -1e-06 -1e-06
Spot 1 0.00154919 0.00077215
Spot 2 -1e-06 -1e-06
Spot 1 0.00154928 0.00077228
Spot 2 -1e-06 -1e-06
Spot 1 0.00154899 0.00077218
Spot 2 -1e-06 -1e-06
20MABNDM000020_PR014
Spot 1 -1e-06 -1e-06
Spot 2 -1e-06 -1e-06
Spot 1 -1e-06 -1e-06
Spot 2 -1e-06 -1e-06
Spot 1 -1e-06 -1e-06
Spot 2 -1e-06 -1e-06
Spot 1 -1e-06 -1e-06
Spot 2 -1e-06 -1e-06
Spot 1 -1e-06 -1e-06
Spot 2 -1e-06 -1e-06
Spot 1 -1e-06 -1e-06
Spot 2 -1e-06 -1e-06
Spot 1 -1e-06 -1e-06
Spot 2 -1e-06 -1e-06
20MABNDM000020_PR035
Spot 1 -1e-06 -1e-06
Spot 2 -1e-06 -1e-06
Spot 1 -1e-06 -1e-06
Spot 2 -1e-06 -1e-06
Spot 1 -1e-06 -1e-06
Spot 2 -1e-06 -1e-06
Spot 1 -1e-06 -1e-06
Spot 2 -1e-06 -1e-06
Spot 1 -1e-06 -1e-06
Spot 2 -1e-06 -1e-06
Spot 1 -1e-06 -1e-06
Spot 2 -1e-06 -1e-06
Spot 1 -1e-06 -1e-06
Spot 2 -1e-06 -1e-06
20MABNDM000020_20MAB
Spot 1 0.00154935 0.00077244
Spot 2 -1e-06 -1e-06
Spot 1 0.00154922 0.00077241
Spot 2 -1e-06 -1e-06
Spot 1 0.0015492 0.00077231
Spot 2 -1e-06 -1e-06
Spot 1 0.00154888 0.00077234
Spot 2 -1e-06 -1e-06
Spot 1 0.00154915 0.00077205
Spot 2 -1e-06 -1e-06
Spot 1 0.00154944 0.00077218
Spot 2 -1e-06 -1e-06
Spot 1 0.00154908 0.00077213
Spot 2 -1e-06 -1e-06


****************************************************************coordonnees images transformees dans le repere MOUNT************************************************************************* 
20MABNDL000077_PR002
Spot 1 0.0134061 0.0356943 -0.074632
Spot 2 0.0134732 0.0356917 -0.074632
Spot 1 -0.0131743 0.0356907 -0.006954
Spot 2 -0.0132414 0.035688 -0.006954
Spot 1 0.0134061 0.0356943 -0.074632
Spot 2 0.0134765 0.035695 -0.074632
Spot 1 -0.0131742 0.0356907 -0.006954
Spot 2 -0.0132447 0.0356913 -0.006954
Spot 1 0.013406 0.0356946 -0.074632
Spot 2 0.0134705 0.035691 -0.074632
Spot 1 -0.0131741 0.035691 -0.006954
Spot 2 -0.0132387 0.0356874 -0.006954
Spot 1 0.013406 0.0356943 -0.074632
Spot 2 0.0134765 0.035695 -0.074632
Spot 1 -0.0131742 0.0356907 -0.006954
Spot 2 -0.0132447 0.0356913 -0.006954
Spot 1 0.0134064 0.0356945 -0.074632
Spot 2 0.0134708 0.0356893 -0.074632
Spot 1 -0.0131746 0.0356909 -0.006954
Spot 2 -0.013239 0.0356857 -0.006954
Spot 1 0.0134059 0.0356942 -0.074632
Spot 2 0.0134698 0.0356884 -0.074632
Spot 1 -0.013174 0.0356906 -0.006954
Spot 2 -0.013238 0.0356847 -0.006954
Spot 1 0.013406 0.0356942 -0.074632
Spot 2 0.0110549 0.0340822 -0.074632
Spot 1 -0.0131742 0.0356906 -0.006954
Spot 2 -0.0108221 0.03408 -0.006954
Spot 1 0.013406 0.0356943 -0.074632
Spot 2 0.0134715 0.035685 -0.074632
Spot 1 -0.0131742 0.0356907 -0.006954
Spot 2 -0.0132396 0.0356814 -0.006954


*****************************************************************coordonnees du prisme dans le repere MOUNT********************************************************************************** 
20MABNDL000077_PR002
-0.0242382 0.0154341 3.70688
-0.036938 0.0154561 3.66656
-3.58298 -0.0229451 -0.988571
-3.59568 -0.0229231 -1.02889
3.57817 -0.0208724 1.01235
3.56547 -0.0208504 0.972033
0.0259882 0.0148395 -3.74718
0.0132885 0.0148615 -3.7875
-0.02432 0.0153532 3.70688
-0.0370197 0.0153752 3.66656
-3.58299 -0.0231664 -0.988514
-3.59569 -0.0231444 -1.02883
3.57819 -0.0210944 1.01229
3.56549 -0.0210724 0.971972
0.0260706 0.0147582 -3.74718
0.0133708 0.0147802 -3.7875
-0.0241685 0.0154421 3.70688
-0.0368683 0.0154641 3.66657
-3.58297 -0.0229259 -0.988619
-3.59567 -0.0229039 -1.02893
3.57816 -0.020853 1.0124
3.56546 -0.020831 0.972084
0.0259181 0.0148476 -3.74718
0.0132183 0.0148696 -3.7875
-0.0243195 0.0153523 3.70688
-0.0370193 0.0153743 3.66656
-3.58299 -0.023169 -0.988514
-3.59569 -0.023147 -1.02883
3.57819 -0.0210972 1.01229
3.56549 -0.0210752 0.971972
0.0260701 0.0147572 -3.74718
0.0133703 0.0147792 -3.7875
-0.0241861 0.0154872 3.70688
-0.0368859 0.0155092 3.66657
-3.58297 -0.0228 -0.988607
-3.59567 -0.022778 -1.02892
3.57816 -0.0207266 1.01239
3.56546 -0.0207046 0.972071
0.0259358 0.0148929 -3.74718
0.013236 0.0149149 -3.7875
-0.0241487 0.0155185 3.70688
-0.0368485 0.0155405 3.66657
-3.58297 -0.0227147 -0.988633
-3.59567 -0.0226927 -1.02895
3.57816 -0.020641 1.01241
3.56546 -0.020619 0.972099
0.0258982 0.0149244 -3.74718
0.0131984 0.0149464 -3.7875
0.035497 0.0551919 3.707
0.0227973 0.0552139 3.66669
-3.57146 0.0897523 -1.03138
-3.58416 0.0897743 -1.0717
3.56492 0.0922408 1.05798
3.55222 0.0922628 1.01767
-0.0341233 0.0547945 -3.74713
-0.046823 0.0548165 -3.78744
-0.0241934 0.0155975 3.70688
-0.0368932 0.0156195 3.66657
-3.58298 -0.0224937 -0.988603
-3.59568 -0.0224717 -1.02892
3.57817 -0.0204192 1.01238
3.56547 -0.0203972 0.972067
0.0259431 0.0150038 -3.74718
0.0132433 0.0150258 -3.7875


*****************************************************************coordonnees du prisme dans le repere ATLAS********************************************************************************** 
20MABNDL000077_PR002 0
2.84158 -3.76875 6.48606
2.84152 -3.7814 6.44573
2.87422 -7.32171 1.78619
2.87416 -7.33436 1.74586
2.87639 -0.163036 3.79594
2.87633 -0.175686 3.75561
2.83488 -3.70934 -0.967929
2.83482 -3.72199 -1.00826
2.84166 -3.76884 6.48606
2.8416 -3.78149 6.44573
2.87445 -7.32173 1.78625
2.87438 -7.33438 1.74592
2.87661 -0.163022 3.79588
2.87655 -0.175672 3.75555
2.83496 -3.70925 -0.967928
2.8349 -3.7219 -1.00826
2.84158 -3.76868 6.48606
2.84151 -3.78133 6.44573
2.87421 -7.3217 1.78615
2.87414 -7.33435 1.74582
2.87637 -0.16305 3.79599
2.87631 -0.1757 3.75566
2.83487 -3.70941 -0.967929
2.83481 -3.72206 -1.00826
2.84167 -3.76884 6.48606
2.8416 -3.78149 6.44573
2.87445 -7.32173 1.78625
2.87438 -7.33438 1.74592
2.87662 -0.163022 3.79588
2.87655 -0.175672 3.75555
2.83496 -3.70925 -0.967928
2.8349 -3.7219 -1.00826
2.84153 -3.7687 6.48606
2.84146 -3.78135 6.44573
2.87408 -7.32171 1.78616
2.87401 -7.33436 1.74583
2.87625 -0.163045 3.79598
2.87618 -0.175695 3.75565
2.83483 -3.70939 -0.967929
2.83476 -3.72204 -1.00826
2.8415 -3.76866 6.48606
2.84143 -3.78131 6.44573
2.87399 -7.3217 1.78613
2.87393 -7.33435 1.7458
2.87616 -0.163051 3.79601
2.8761 -0.175701 3.75568
2.8348 -3.70943 -0.96793
2.83473 -3.72208 -1.00826
2.80184 -3.70901 6.4863
2.80178 -3.72166 6.44597
2.76149 -7.31011 1.74351
2.76142 -7.32276 1.70318
2.76332 -0.176311 3.84167
2.76325 -0.188961 3.80134
2.79491 -3.76944 -0.967911
2.79484 -3.78209 -1.00824
2.84142 -3.76871 6.48606
2.84135 -3.78136 6.44573
2.87377 -7.32171 1.78616
2.87371 -7.33436 1.74583
2.87594 -0.163038 3.79597
2.87587 -0.175688 3.75564
2.83472 -3.70938 -0.96793
2.83465 -3.72203 -1.00826


*****************************************************************Rapport********************************************************************************** 
CAM-LBA-US_EBA-US-HO-H 2014.08.15.10.21.39 2.84716 -3.7471 2.755 0.0313725 2.52997 2.73067 0 VRAI 
