********** Fichier qui contient une sauvegarde des coordonnees images + coordonnees images transformees dans le repere BCAM (MOUNT) + coordonnees des prismes dans le repere MOUNT********** 
********************************************************************** Unite en metres (m)************************************************************************************************** 

*******************************************************************coordonnees images dans le repere CCD *********************************************************************************** 
20MABNDL000077_PR002
Spot 1 0.00233459 0.00163377
Spot 2 0.002395 0.00163
Spot 1 0.00233463 0.00163373
Spot 2 0.002405 0.001625
Spot 1 0.00233463 0.00163348
Spot 2 0.002395 0.00163
Spot 1 0.00233451 0.00163369
Spot 2 0.0024 0.001635
Spot 1 0.00233438 0.00163372
Spot 2 0.0024 0.00163
Spot 1 0.00233449 0.00163394
Spot 2 0.002399 0.001631
Spot 1 0.00233455 0.00163401
Spot 2 0.002399 0.001629
Spot 1 0.00233449 0.00163375
Spot 2 0.002405 0.001635
20MABNDL000077_PR003
Spot 1 -1e-06 -1e-06
Spot 2 -1e-06 -1e-06
Spot 1 -1e-06 -1e-06
Spot 2 -1e-06 -1e-06
Spot 1 -1e-06 -1e-06
Spot 2 -1e-06 -1e-06
Spot 1 -1e-06 -1e-06
Spot 2 -1e-06 -1e-06
Spot 1 -1e-06 -1e-06
Spot 2 -1e-06 -1e-06
Spot 1 -1e-06 -1e-06
Spot 2 -1e-06 -1e-06
Spot 1 -1e-06 -1e-06
Spot 2 -1e-06 -1e-06
Spot 1 -1e-06 -1e-06
Spot 2 -1e-06 -1e-06
20MABNDL000077_PR024
Spot 1 -1e-06 -1e-06
Spot 2 -1e-06 -1e-06
Spot 1 -1e-06 -1e-06
Spot 2 -1e-06 -1e-06
Spot 1 -1e-06 -1e-06
Spot 2 -1e-06 -1e-06
Spot 1 -1e-06 -1e-06
Spot 2 -1e-06 -1e-06
Spot 1 -1e-06 -1e-06
Spot 2 -1e-06 -1e-06
Spot 1 -1e-06 -1e-06
Spot 2 -1e-06 -1e-06
Spot 1 -1e-06 -1e-06
Spot 2 -1e-06 -1e-06
Spot 1 -1e-06 -1e-06
Spot 2 -1e-06 -1e-06
20MABNDL000077_20MAB
Spot 1 0.00233455 0.00163376
Spot 2 0.002395 0.001635
Spot 1 0.00233459 0.00163367
Spot 2 0.002395 0.00163
Spot 1 0.00233452 0.00163367
Spot 2 -1e-06 -1e-06
Spot 1 0.00233452 0.00163362
Spot 2 -1e-06 -1e-06
Spot 1 0.00233437 0.00163388
Spot 2 0.00239833 0.00163
Spot 1 0.00233448 0.00163367
Spot 2 -1e-06 -1e-06
Spot 1 0.00233488 0.00163395
Spot 2 0.002401 0.001629
20MABNDM000020_PR013
Spot 1 0.00154905 0.00077293
Spot 2 -1e-06 -1e-06
Spot 1 0.00154959 0.00077289
Spot 2 -1e-06 -1e-06
Spot 1 0.00154882 0.00077352
Spot 2 -1e-06 -1e-06
Spot 1 0.0015488 0.00077286
Spot 2 -1e-06 -1e-06
Spot 1 0.00154903 0.00077297
Spot 2 -1e-06 -1e-06
Spot 1 0.00154908 0.00077261
Spot 2 -1e-06 -1e-06
Spot 1 0.00154897 0.00077293
Spot 2 -1e-06 -1e-06
20MABNDM000020_PR014
Spot 1 -1e-06 -1e-06
Spot 2 -1e-06 -1e-06
Spot 1 -1e-06 -1e-06
Spot 2 -1e-06 -1e-06
Spot 1 -1e-06 -1e-06
Spot 2 -1e-06 -1e-06
Spot 1 -1e-06 -1e-06
Spot 2 -1e-06 -1e-06
Spot 1 -1e-06 -1e-06
Spot 2 -1e-06 -1e-06
Spot 1 -1e-06 -1e-06
Spot 2 -1e-06 -1e-06
Spot 1 -1e-06 -1e-06
Spot 2 -1e-06 -1e-06
20MABNDM000020_PR035
Spot 1 -1e-06 -1e-06
Spot 2 -1e-06 -1e-06
Spot 1 -1e-06 -1e-06
Spot 2 -1e-06 -1e-06
Spot 1 -1e-06 -1e-06
Spot 2 -1e-06 -1e-06
Spot 1 -1e-06 -1e-06
Spot 2 -1e-06 -1e-06
Spot 1 -1e-06 -1e-06
Spot 2 -1e-06 -1e-06
Spot 1 -1e-06 -1e-06
Spot 2 -1e-06 -1e-06
Spot 1 -1e-06 -1e-06
Spot 2 -1e-06 -1e-06
20MABNDM000020_20MAB
Spot 1 0.00154881 0.00077296
Spot 2 -1e-06 -1e-06
Spot 1 0.00154941 0.00077298
Spot 2 -1e-06 -1e-06
Spot 1 0.00154885 0.00077359
Spot 2 -1e-06 -1e-06
Spot 1 0.00154893 0.00077294
Spot 2 -1e-06 -1e-06
Spot 1 0.00154891 0.00077311
Spot 2 -1e-06 -1e-06
Spot 1 0.00154908 0.00077269
Spot 2 -1e-06 -1e-06
Spot 1 0.00154886 0.00077302
Spot 2 -1e-06 -1e-06


****************************************************************coordonnees images transformees dans le repere MOUNT************************************************************************* 
20MABNDL000077_PR002
Spot 1 0.0134061 0.0356944 -0.074632
Spot 2 0.0134665 0.0356901 -0.074632
Spot 1 -0.0131743 0.0356908 -0.006954
Spot 2 -0.0132347 0.0356864 -0.006954
Spot 1 0.0134062 0.0356944 -0.074632
Spot 2 0.0134765 0.035685 -0.074632
Spot 1 -0.0131743 0.0356908 -0.006954
Spot 2 -0.0132446 0.0356813 -0.006954
Spot 1 0.0134062 0.0356941 -0.074632
Spot 2 0.0134665 0.0356901 -0.074632
Spot 1 -0.0131743 0.0356905 -0.006954
Spot 2 -0.0132347 0.0356864 -0.006954
Spot 1 0.013406 0.0356943 -0.074632
Spot 2 0.0134715 0.035695 -0.074632
Spot 1 -0.0131742 0.0356907 -0.006954
Spot 2 -0.0132397 0.0356914 -0.006954
Spot 1 0.0134059 0.0356944 -0.074632
Spot 2 0.0134715 0.03569 -0.074632
Spot 1 -0.0131741 0.0356908 -0.006954
Spot 2 -0.0132397 0.0356864 -0.006954
Spot 1 0.013406 0.0356946 -0.074632
Spot 2 0.0134705 0.035691 -0.074632
Spot 1 -0.0131742 0.035691 -0.006954
Spot 2 -0.0132387 0.0356874 -0.006954
Spot 1 0.0134061 0.0356947 -0.074632
Spot 2 0.0134705 0.035689 -0.074632
Spot 1 -0.0131743 0.0356911 -0.006954
Spot 2 -0.0132387 0.0356854 -0.006954
Spot 1 0.013406 0.0356944 -0.074632
Spot 2 0.0134765 0.035695 -0.074632
Spot 1 -0.0131742 0.0356908 -0.006954
Spot 2 -0.0132447 0.0356913 -0.006954


*****************************************************************coordonnees du prisme dans le repere MOUNT********************************************************************************** 
20MABNDL000077_PR002
-0.0240736 0.0154708 3.70688
-0.0367734 0.0154928 3.66657
-3.58295 -0.0228503 -0.988684
-3.59565 -0.0228282 -1.029
3.57814 -0.0207772 1.01247
3.56544 -0.0207552 0.972154
0.0258226 0.0148764 -3.74718
0.0131229 0.0148984 -3.7875
-0.0243204 0.0155977 3.70688
-0.0370201 0.0156197 3.66656
-3.583 -0.0224876 -0.988516
-3.5957 -0.0224656 -1.02883
3.5782 -0.020413 1.01229
3.5655 -0.020391 0.971975
0.0260708 0.0150042 -3.74718
0.013371 0.0150262 -3.7875
-0.0240745 0.015478 3.70688
-0.0367743 0.0155 3.66657
-3.58295 -0.0228303 -0.988684
-3.59565 -0.0228083 -1.029
3.57814 -0.0207571 1.01247
3.56544 -0.0207351 0.972153
0.0258235 0.0148836 -3.74718
0.0131238 0.0149056 -3.7875
-0.0241963 0.0153505 3.70688
-0.036896 0.0153725 3.66656
-3.58297 -0.0231791 -0.988599
-3.59567 -0.0231571 -1.02891
3.57816 -0.0211072 1.01238
3.56546 -0.0210852 0.972062
0.0259461 0.0147554 -3.74718
0.0132464 0.0147774 -3.7875
-0.0241919 0.0154732 3.70688
-0.0368916 0.0154952 3.66657
-3.58297 -0.0228386 -0.988603
-3.59567 -0.0228166 -1.02892
3.57816 -0.0207654 1.01238
3.56546 -0.0207434 0.972067
0.0259416 0.0148789 -3.74718
0.0132419 0.0149009 -3.7875
-0.0241702 0.0154429 3.70688
-0.03687 0.0154649 3.66657
-3.58297 -0.0229238 -0.988618
-3.59567 -0.0229018 -1.02893
3.57816 -0.0208509 1.0124
3.56546 -0.0208289 0.972083
0.0259198 0.0148483 -3.74718
0.0132201 0.0148703 -3.7875
-0.0241712 0.0154905 3.70688
-0.036871 0.0155125 3.66657
-3.58297 -0.0227914 -0.988617
-3.59567 -0.0227694 -1.02893
3.57816 -0.0207178 1.0124
3.56546 -0.0206958 0.972082
0.0259208 0.0148964 -3.74718
0.0132211 0.0149184 -3.7875
-0.0243193 0.0153502 3.70688
-0.037019 0.0153722 3.66656
-3.58299 -0.0231746 -0.988514
-3.59569 -0.0231526 -1.02883
3.57819 -0.0211029 1.01229
3.56549 -0.0210809 0.971972
0.0260698 0.0147551 -3.74718
0.0133701 0.0147771 -3.7875


*****************************************************************coordonnees du prisme dans le repere ATLAS********************************************************************************** 
20MABNDL000077_PR002 0
2.84155 -3.76859 6.48606
2.84148 -3.78124 6.44573
2.87413 -7.32169 1.78608
2.87406 -7.33434 1.74575
2.8763 -0.163069 3.79606
2.87623 -0.175719 3.75573
2.83485 -3.7095 -0.96793
2.83478 -3.72215 -1.00826
2.84142 -3.76884 6.48606
2.84135 -3.78149 6.44573
2.87377 -7.32174 1.78625
2.8737 -7.33439 1.74592
2.87593 -0.163012 3.79588
2.87587 -0.175662 3.75555
2.83472 -3.70925 -0.967929
2.83465 -3.7219 -1.00826
2.84154 -3.76859 6.48606
2.84147 -3.78124 6.44573
2.87411 -7.32169 1.78608
2.87404 -7.33434 1.74575
2.87628 -0.163068 3.79606
2.87621 -0.175718 3.75573
2.83484 -3.7095 -0.96793
2.83477 -3.72215 -1.00826
2.84167 -3.76871 6.48606
2.8416 -3.78136 6.44573
2.87446 -7.3217 1.78617
2.87439 -7.33435 1.74584
2.87663 -0.163048 3.79597
2.87656 -0.175698 3.75564
2.83497 -3.70938 -0.967929
2.8349 -3.72203 -1.00826
2.84154 -3.76871 6.48606
2.84148 -3.78136 6.44573
2.87412 -7.32171 1.78616
2.87405 -7.33436 1.74583
2.87629 -0.163044 3.79597
2.87622 -0.175694 3.75564
2.83484 -3.70938 -0.967929
2.83478 -3.72203 -1.00826
2.84157 -3.76869 6.48606
2.84151 -3.78134 6.44573
2.8742 -7.3217 1.78615
2.87414 -7.33435 1.74582
2.87637 -0.16305 3.79599
2.87631 -0.1757 3.75566
2.83487 -3.70941 -0.967929
2.83481 -3.72206 -1.00826
2.84153 -3.76869 6.48606
2.84146 -3.78134 6.44573
2.87407 -7.3217 1.78615
2.87401 -7.33435 1.74582
2.87624 -0.163048 3.79599
2.87617 -0.175697 3.75566
2.83483 -3.7094 -0.96793
2.83476 -3.72205 -1.00826
2.84167 -3.76884 6.48606
2.8416 -3.78149 6.44573
2.87445 -7.32173 1.78625
2.87439 -7.33438 1.74592
2.87662 -0.163022 3.79588
2.87656 -0.175673 3.75555
2.83497 -3.70926 -0.967928
2.8349 -3.72191 -1.00826


*****************************************************************Rapport********************************************************************************** 
CAM-LBA-US_EBA-US-HO-H 2014.08.15.11.13.47 2.8567 -3.74704 2.7549 0.0186863 2.53106 2.72962 0 VRAI 
