********** Fichier qui contient une sauvegarde des coordonnees images + coordonnees images transformees dans le repere BCAM (MOUNT) + coordonnees des prismes dans le repere MOUNT********** 
********************************************************************** Unite en metres (m)************************************************************************************************** 

*******************************************************************coordonnees images dans le repere CCD *********************************************************************************** 
20MABNDB000135_PR027
Spot 1   0.00188679   0.00081648
Spot 2   0.00210539   0.00081963
Spot 1   0.00188674   0.00081660
Spot 2   0.00210543   0.00081953
Spot 1   0.00188678   0.00081632
Spot 2   0.00210555   0.00081943
Spot 1   0.00188678   0.00081615
Spot 2   0.00210535   0.00081943
Spot 1   0.00188666   0.00081614
Spot 2   0.00210539   0.00081925
Spot 1   0.00188683   0.00081577
Spot 2   0.00210543   0.00081915
Spot 1   0.00188674   0.00081569
Spot 2   0.00210550   0.00081894
Spot 1   0.00188675   0.00081541
Spot 2   0.00210527   0.00081871
Spot 1   0.00188684   0.00081535
Spot 2   0.00210555   0.00081859
20MABNDB000126_PR028
Spot 1   0.00198847   0.00185521
Spot 2   0.00170563   0.00185429
Spot 1   0.00198843   0.00185498
Spot 2   0.00170551   0.00185403
Spot 1   0.00198855   0.00185459
Spot 2   0.00170584   0.00185352
Spot 1   0.00198865   0.00185444
Spot 2   0.00170591   0.00185337
Spot 1   0.00198862   0.00185441
Spot 2   0.00170588   0.00185349
Spot 1   0.00198865   0.00185409
Spot 2   0.00170595   0.00185302
Spot 1   0.00198872   0.00185383
Spot 2   0.00170607   0.00185282
Spot 1   0.00198882   0.00185353
Spot 2   0.00170594   0.00185253
20MABNDA000272_PR038
Spot 1   0.00190388   0.00098438
Spot 2   0.00167914   0.00098312
Spot 1   0.00190381   0.00098438
Spot 2   0.00167867   0.00098313
Spot 1   0.00190379   0.00098437
Spot 2   0.00167892   0.00098316
Spot 1   0.00190388   0.00098442
Spot 2   0.00167903   0.00098314
Spot 1   0.00190379   0.00098451
Spot 2   0.00167879   0.00098326
Spot 1   0.00190382   0.00098418
Spot 2   0.00167877   0.00098308
Spot 1   0.00190375   0.00098438
Spot 2   0.00167889   0.00098310
Spot 1   0.00190376   0.00098429
Spot 2   0.00167880   0.00098291
20MABNDA000003_PR039
Spot 1   0.00232182   0.00193923
Spot 2   0.00204522   0.00193954
Spot 1   0.00232189   0.00193924
Spot 2   0.00204533   0.00193947
Spot 1   0.00232198   0.00193911
Spot 2   0.00204527   0.00193933
Spot 1   0.00232208   0.00193911
Spot 2   0.00204546   0.00193935
Spot 1   0.00232198   0.00193907
Spot 2   0.00204553   0.00193938
Spot 1   0.00232201   0.00193894
Spot 2   0.00204550   0.00193916
Spot 1   0.00232204   0.00193879
Spot 2   0.00204547   0.00193898
Spot 1   0.00232242   0.00193810
Spot 2   0.00204559   0.00193908


****************************************************************coordonnees images transformees dans le repere MOUNT************************************************************************* 
20MABNDB000135_PR027
Spot 1  -0.01251899  -0.01329649  -0.07464699
Spot 2  -0.01230037  -0.01329577  -0.07464699
Spot 1  -0.01251904  -0.01329637  -0.07464699
Spot 2  -0.01230033  -0.01329587  -0.07464699
Spot 1  -0.01251900  -0.01329665  -0.07464699
Spot 2  -0.01230021  -0.01329597  -0.07464699
Spot 1  -0.01251900  -0.01329682  -0.07464699
Spot 2  -0.01230041  -0.01329597  -0.07464699
Spot 1  -0.01251912  -0.01329683  -0.07464699
Spot 2  -0.01230037  -0.01329615  -0.07464699
Spot 1  -0.01251896  -0.01329720  -0.07464699
Spot 2  -0.01230033  -0.01329625  -0.07464699
Spot 1  -0.01251905  -0.01329728  -0.07464699
Spot 2  -0.01230027  -0.01329646  -0.07464699
Spot 1  -0.01251904  -0.01329756  -0.07464699
Spot 2  -0.01230050  -0.01329669  -0.07464699
Spot 1  -0.01251895  -0.01329762  -0.07464699
Spot 2  -0.01230022  -0.01329681  -0.07464699
20MABNDB000126_PR028
Spot 1  -0.01219025  -0.01232512  -0.07500400
Spot 2  -0.01247308  -0.01232755  -0.07500400
Spot 1  -0.01219029  -0.01232535  -0.07500400
Spot 2  -0.01247320  -0.01232781  -0.07500400
Spot 1  -0.01219016  -0.01232574  -0.07500400
Spot 2  -0.01247287  -0.01232832  -0.07500400
Spot 1  -0.01219006  -0.01232589  -0.07500400
Spot 2  -0.01247279  -0.01232847  -0.07500400
Spot 1  -0.01219009  -0.01232592  -0.07500400
Spot 2  -0.01247283  -0.01232835  -0.07500400
Spot 1  -0.01219006  -0.01232624  -0.07500400
Spot 2  -0.01247275  -0.01232882  -0.07500400
Spot 1  -0.01218999  -0.01232650  -0.07500400
Spot 2  -0.01247263  -0.01232902  -0.07500400
Spot 1  -0.01218989  -0.01232680  -0.07500400
Spot 2  -0.01247276  -0.01232931  -0.07500400
20MABNDA000272_PR038
Spot 1  -0.01273959   0.01312705  -0.07417900
Spot 2  -0.01251485   0.01312792  -0.07417900
Spot 1  -0.01273952   0.01312705  -0.07417900
Spot 2  -0.01251438   0.01312790  -0.07417900
Spot 1  -0.01273950   0.01312706  -0.07417900
Spot 2  -0.01251463   0.01312788  -0.07417900
Spot 1  -0.01273959   0.01312701  -0.07417900
Spot 2  -0.01251474   0.01312790  -0.07417900
Spot 1  -0.01273950   0.01312692  -0.07417900
Spot 2  -0.01251450   0.01312777  -0.07417900
Spot 1  -0.01273953   0.01312725  -0.07417900
Spot 2  -0.01251448   0.01312795  -0.07417900
Spot 1  -0.01273946   0.01312705  -0.07417900
Spot 2  -0.01251460   0.01312794  -0.07417900
Spot 1  -0.01273947   0.01312714  -0.07417900
Spot 2  -0.01251451   0.01312813  -0.07417900
20MABNDA000003_PR039
Spot 1  -0.01312294   0.01211385  -0.07373400
Spot 2  -0.01284634   0.01211284  -0.07373400
Spot 1  -0.01312301   0.01211384  -0.07373400
Spot 2  -0.01284645   0.01211291  -0.07373400
Spot 1  -0.01312310   0.01211397  -0.07373400
Spot 2  -0.01284639   0.01211305  -0.07373400
Spot 1  -0.01312320   0.01211397  -0.07373400
Spot 2  -0.01284658   0.01211303  -0.07373400
Spot 1  -0.01312310   0.01211401  -0.07373400
Spot 2  -0.01284665   0.01211300  -0.07373400
Spot 1  -0.01312313   0.01211414  -0.07373400
Spot 2  -0.01284662   0.01211322  -0.07373400
Spot 1  -0.01312316   0.01211429  -0.07373400
Spot 2  -0.01284659   0.01211340  -0.07373400
Spot 1  -0.01312353   0.01211498  -0.07373400
Spot 2  -0.01284671   0.01211330  -0.07373400


*****************************************************************coordonnees du prisme dans le repere MOUNT********************************************************************************** 
20MABNDB000135_PR027
 -0.02081596  -0.00623012   2.74936485
 -0.02081578  -0.00623047   2.74936485
 -0.02081864  -0.00622347   2.74936485
 -0.02081493  -0.00622042   2.74936485
 -0.02081343  -0.00621693   2.74936485
 -0.02081719  -0.00620827   2.74936485
 -0.02081676  -0.00620296   2.74936485
 -0.02081261  -0.00619366   2.74936485
 -0.02081937  -0.00619028   2.74936485
20MABNDB000126_PR028
 -0.02210609  -0.03454744   2.14683676
 -0.02210385  -0.03454045   2.14683676
 -0.02211033  -0.03452765   2.14683700
 -0.02211278  -0.03452338   2.14683700
 -0.02211192  -0.03452467   2.14683700
 -0.02211341  -0.03451341   2.14683700
 -0.02211615  -0.03450687   2.14683723
 -0.02211576  -0.03449846   2.14683723
20MABNDA000272_PR038
 -0.01399088   0.01201023   2.74965906
 -0.01400078   0.01201043   2.74965906
 -0.01399656   0.01201077   2.74965906
 -0.01399290   0.01201134   2.74965906
 -0.01399894   0.01201519   2.74965906
 -0.01399877   0.01200584   2.74965906
 -0.01399784   0.01200987   2.74965906
 -0.01399933   0.01200473   2.74965906
20MABNDA000003_PR039
 -0.00468516   0.04160204   2.14890647
 -0.00468259   0.04160117   2.14890647
 -0.00468217   0.04159731   2.14890647
 -0.00467802   0.04159759   2.14890647
 -0.00467846   0.04159745   2.14890647
 -0.00467847   0.04159244   2.14890647
 -0.00467847   0.04158774   2.14890671
 -0.00467135   0.04157928   2.14890671


*****************************************************************coordonnees du prisme dans le repere ATLAS********************************************************************************** 
20MABNDB000135_PR027 0.00000000
  2.60059524  -4.19776297  -3.82773519
  2.60059547  -4.19776297  -3.82773495
  2.60059237  -4.19776297  -3.82774186
  2.60059619  -4.19776297  -3.82774496
  2.60059762  -4.19776297  -3.82774854
  2.60059381  -4.19776249  -3.82775712
  2.60059428  -4.19776249  -3.82776237
  2.60059834  -4.19776297  -3.82777166
  2.60059166  -4.19776249  -3.82777500
20MABNDB000126_PR028 0.00000000
  2.60380864  -4.19699812  -5.89766884
  2.60381103  -4.19699812  -5.89767599
  2.60380435  -4.19699764  -5.89768887
  2.60380197  -4.19699764  -5.89769268
  2.60380292  -4.19699764  -5.89769173
  2.60380125  -4.19699764  -5.89770269
  2.60379863  -4.19699764  -5.89770937
  2.60379910  -4.19699764  -5.89771795
20MABNDA000272_PR038 0.00000000
 -2.61054230  -4.19698191  -3.82647562
 -2.61053252  -4.19698191  -3.82647538
 -2.61053658  -4.19698191  -3.82647491
 -2.61054039  -4.19698191  -3.82647443
 -2.61053419  -4.19698191  -3.82647061
 -2.61053443  -4.19698191  -3.82647991
 -2.61053538  -4.19698191  -3.82647586
 -2.61053395  -4.19698191  -3.82648110
20MABNDA000003_PR039 0.00000000
 -2.61704087  -4.19702864  -5.89116383
 -2.61704326  -4.19702864  -5.89116478
 -2.61704373  -4.19702864  -5.89116859
 -2.61704803  -4.19702864  -5.89116812
 -2.61704755  -4.19702864  -5.89116812
 -2.61704755  -4.19702864  -5.89117336
 -2.61704755  -4.19702816  -5.89117813
 -2.61705470  -4.19702864  -5.89118624


*****************************************************************Rapport********************************************************************************** 
CAM-EBC-US-IP_EBC-US-IP     2014.08.28.18.48.44   2.60059500  -4.19776281  -3.82775240   0.00000210   0.00000022   0.00001409 0.00000000 VRAI 
CAM-EBC-US-HO_EBC-US-HO     2014.08.28.18.48.44   2.60380349  -4.19699776  -5.89769351   0.00000410   0.00000021   0.00001531 0.00000000 VRAI 
CAM-EBC-USA-IP_EBC-USA-IP   2014.08.28.18.48.44  -2.61053622  -4.19698191  -3.82647598   0.00000319   0.00000000   0.00000305 0.00000000 VRAI 
CAM-EBC-USA-HO_EBC-USA-HO   2014.08.28.18.48.44  -2.61704665  -4.19702858  -5.89117140   0.00000391   0.00000016   0.00000707 0.00000000 VRAI 
