********** Fichier qui contient une sauvegarde des coordonnees images + coordonnees images transformees dans le repere BCAM (MOUNT) + coordonnees des prismes dans le repere MOUNT********** 
********************************************************************** Unite en metres (m)************************************************************************************************** 

*******************************************************************coordonnees images dans le repere CCD *********************************************************************************** 
20MABNDL000077_PR002
Spot 1 0.00233459 0.00163356
Spot 2 0.002399 0.001629
Spot 1 0.00233456 0.00163341
Spot 2 0.002395 0.001635
Spot 1 0.00233471 0.00163335
Spot 2 0.0024 0.00163
Spot 1 0.00233443 0.00163352
Spot 2 0.002401 0.001627
Spot 1 0.00233458 0.00163351
Spot 2 0.002401 0.001629
Spot 1 0.00233462 0.00163351
Spot 2 0.0024 0.00163
Spot 1 0.00233442 0.00163361
Spot 2 0.0024 0.00163
Spot 1 0.00233445 0.0016337
Spot 2 0.0024 0.00163
20MABNDL000077_PR003
Spot 1 -1e-06 -1e-06
Spot 2 -1e-06 -1e-06
Spot 1 -1e-06 -1e-06
Spot 2 -1e-06 -1e-06
Spot 1 -1e-06 -1e-06
Spot 2 -1e-06 -1e-06
Spot 1 -1e-06 -1e-06
Spot 2 -1e-06 -1e-06
Spot 1 -1e-06 -1e-06
Spot 2 -1e-06 -1e-06
Spot 1 -1e-06 -1e-06
Spot 2 -1e-06 -1e-06
Spot 1 -1e-06 -1e-06
Spot 2 -1e-06 -1e-06
Spot 1 -1e-06 -1e-06
Spot 2 -1e-06 -1e-06
20MABNDL000077_20MAB
Spot 1 0.00233459 0.00163349
Spot 2 0.002395 0.001625
Spot 1 0.00233459 0.00163377
Spot 2 0.0024 0.00163
Spot 1 0.00233469 0.00163364
Spot 2 0.0024 0.00163
Spot 1 0.00233441 0.00163367
Spot 2 0.0024 0.00163
Spot 1 0.00233448 0.00163348
Spot 2 0.0024 0.00163
Spot 1 0.00233456 0.00163342
Spot 2 0.002395 0.001625
Spot 1 0.00233452 0.0016336
Spot 2 0.0024 0.00163
20MABNDM000020_PR013
Spot 1 0.00154882 0.00077242
Spot 2 -1e-06 -1e-06
Spot 1 0.00154908 0.0007725
Spot 2 -1e-06 -1e-06
Spot 1 0.00154877 0.00077223
Spot 2 -1e-06 -1e-06
Spot 1 0.00154928 0.00077225
Spot 2 -1e-06 -1e-06
Spot 1 0.00154898 0.00077227
Spot 2 -1e-06 -1e-06
Spot 1 0.00154889 0.0007722
Spot 2 -1e-06 -1e-06
Spot 1 0.00154898 0.00077255
Spot 2 -1e-06 -1e-06
20MABNDM000020_PR014
Spot 1 -1e-06 -1e-06
Spot 2 -1e-06 -1e-06
Spot 1 -1e-06 -1e-06
Spot 2 -1e-06 -1e-06
Spot 1 -1e-06 -1e-06
Spot 2 -1e-06 -1e-06
Spot 1 -1e-06 -1e-06
Spot 2 -1e-06 -1e-06
Spot 1 -1e-06 -1e-06
Spot 2 -1e-06 -1e-06
Spot 1 -1e-06 -1e-06
Spot 2 -1e-06 -1e-06
Spot 1 -1e-06 -1e-06
Spot 2 -1e-06 -1e-06
20MABNDM000020_20MAB
Spot 1 0.00154888 0.00077215
Spot 2 -1e-06 -1e-06
Spot 1 0.00154877 0.00077233
Spot 2 -1e-06 -1e-06
Spot 1 0.00154879 0.00077223
Spot 2 -1e-06 -1e-06
Spot 1 0.00154917 0.00077222
Spot 2 -1e-06 -1e-06
Spot 1 0.00154898 0.00077211
Spot 2 -1e-06 -1e-06
Spot 1 0.00154896 0.00077229
Spot 2 -1e-06 -1e-06
Spot 1 0.00154891 0.00077249
Spot 2 -1e-06 -1e-06


****************************************************************coordonnees images transformees dans le repere MOUNT************************************************************************* 
20MABNDL000077_PR002
Spot 1 0.0134061 0.0356942 -0.074632
Spot 2 0.0134705 0.035689 -0.074632
Spot 1 -0.0131743 0.0356906 -0.006954
Spot 2 -0.0132387 0.0356854 -0.006954
Spot 1 0.0134061 0.0356941 -0.074632
Spot 2 0.0134665 0.0356951 -0.074632
Spot 1 -0.0131743 0.0356905 -0.006954
Spot 2 -0.0132347 0.0356914 -0.006954
Spot 1 0.0134062 0.035694 -0.074632
Spot 2 0.0134715 0.03569 -0.074632
Spot 1 -0.0131744 0.0356904 -0.006954
Spot 2 -0.0132397 0.0356864 -0.006954
Spot 1 0.013406 0.0356942 -0.074632
Spot 2 0.0134725 0.035687 -0.074632
Spot 1 -0.0131741 0.0356906 -0.006954
Spot 2 -0.0132406 0.0356834 -0.006954
Spot 1 0.0134061 0.0356942 -0.074632
Spot 2 0.0134725 0.035689 -0.074632
Spot 1 -0.0131743 0.0356906 -0.006954
Spot 2 -0.0132407 0.0356854 -0.006954
Spot 1 0.0134062 0.0356942 -0.074632
Spot 2 0.0134715 0.03569 -0.074632
Spot 1 -0.0131743 0.0356906 -0.006954
Spot 2 -0.0132397 0.0356864 -0.006954
Spot 1 0.013406 0.0356943 -0.074632
Spot 2 0.0134715 0.03569 -0.074632
Spot 1 -0.0131741 0.0356907 -0.006954
Spot 2 -0.0132397 0.0356864 -0.006954
Spot 1 0.013406 0.0356943 -0.074632
Spot 2 0.0134715 0.03569 -0.074632
Spot 1 -0.0131742 0.0356908 -0.006954
Spot 2 -0.0132397 0.0356864 -0.006954


*****************************************************************coordonnees du prisme dans le repere MOUNT********************************************************************************** 
20MABNDL000077_PR002
-0.0241721 0.0155017 3.70688
-0.0368719 0.0155237 3.66657
-3.58297 -0.0227605 -0.988617
-3.59567 -0.0227385 -1.02893
3.57816 -0.0206867 1.0124
3.56546 -0.0206647 0.972082
0.0259217 0.0149076 -3.74718
0.0132219 0.0149296 -3.7875
-0.024074 0.0153563 3.70688
-0.0367737 0.0153783 3.66657
-3.58295 -0.0231682 -0.988683
-3.59565 -0.0231462 -1.029
3.57813 -0.0210963 1.01247
3.56543 -0.0210743 0.972152
0.025823 0.0147611 -3.74718
0.0131233 0.0147831 -3.7875
-0.0242 0.0154824 3.70688
-0.0368997 0.0155044 3.66657
-3.58297 -0.0228127 -0.988598
-3.59567 -0.0227907 -1.02891
3.57817 -0.0207394 1.01238
3.56547 -0.0207174 0.972061
0.0259497 0.0148881 -3.74718
0.01325 0.0149101 -3.7875
-0.0242171 0.0155526 3.70688
-0.0369168 0.0155746 3.66657
-3.58298 -0.0226173 -0.988587
-3.59568 -0.0225953 -1.0289
3.57817 -0.0205434 1.01236
3.56547 -0.0205214 0.97205
0.0259669 0.0149587 -3.74718
0.0132672 0.0149807 -3.7875
-0.0242213 0.0155034 3.70688
-0.036921 0.0155254 3.66657
-3.58298 -0.0227535 -0.988583
-3.59568 -0.0227315 -1.0289
3.57817 -0.0206801 1.01236
3.56547 -0.0206581 0.972046
0.0259711 0.0149092 -3.74718
0.0132714 0.0149312 -3.7875
-0.0241978 0.0154785 3.70688
-0.0368975 0.0155005 3.66657
-3.58297 -0.0228238 -0.988599
-3.59567 -0.0228018 -1.02891
3.57817 -0.0207505 1.01238
3.56547 -0.0207285 0.972063
0.0259475 0.0148841 -3.74718
0.0132478 0.0149061 -3.7875
-0.0241929 0.0154759 3.70688
-0.0368926 0.0154979 3.66657
-3.58297 -0.0228311 -0.988603
-3.59567 -0.0228091 -1.02892
3.57816 -0.0207576 1.01238
3.56546 -0.0207356 0.972066
0.0259426 0.0148816 -3.74718
0.0132428 0.0149036 -3.7875
-0.0241936 0.0154737 3.70688
-0.0368934 0.0154957 3.66657
-3.58297 -0.0228372 -0.988602
-3.59567 -0.0228152 -1.02892
3.57816 -0.0207638 1.01238
3.56546 -0.0207418 0.972066
0.0259433 0.0148794 -3.74718
0.0132436 0.0149014 -3.7875


*****************************************************************coordonnees du prisme dans le repere ATLAS********************************************************************************** 
20MABNDL000077_PR002 0
2.84152 -3.76869 6.48606
2.84145 -3.78134 6.44573
2.87404 -7.32171 1.78615
2.87397 -7.33436 1.74582
2.87621 -0.163047 3.79599
2.87614 -0.175697 3.75566
2.83481 -3.7094 -0.96793
2.83475 -3.72205 -1.00826
2.84166 -3.76859 6.48606
2.8416 -3.78124 6.44573
2.87445 -7.32168 1.78608
2.87438 -7.33433 1.74575
2.87662 -0.163073 3.79606
2.87655 -0.175724 3.75573
2.83496 -3.7095 -0.96793
2.83489 -3.72215 -1.00826
2.84154 -3.76872 6.48606
2.84147 -3.78137 6.44573
2.87409 -7.32171 1.78617
2.87403 -7.33436 1.74584
2.87626 -0.163042 3.79597
2.87619 -0.175692 3.75564
2.83483 -3.70938 -0.967929
2.83477 -3.72203 -1.00826
2.84146 -3.76873 6.48606
2.8414 -3.78138 6.44573
2.8739 -7.32172 1.78618
2.87383 -7.33437 1.74585
2.87606 -0.163035 3.79596
2.876 -0.175685 3.75563
2.83476 -3.70936 -0.967929
2.8347 -3.72201 -1.00826
2.84151 -3.76874 6.48606
2.84145 -3.78139 6.44573
2.87403 -7.32171 1.78618
2.87397 -7.33436 1.74585
2.8762 -0.163036 3.79595
2.87613 -0.175686 3.75562
2.83481 -3.70935 -0.967929
2.83475 -3.722 -1.00826
2.84154 -3.76871 6.48606
2.84147 -3.78136 6.44573
2.8741 -7.32171 1.78617
2.87404 -7.33436 1.74584
2.87627 -0.163043 3.79597
2.87621 -0.175693 3.75564
2.83484 -3.70938 -0.967929
2.83477 -3.72203 -1.00826
2.84154 -3.76871 6.48606
2.84148 -3.78136 6.44573
2.87411 -7.32171 1.78616
2.87404 -7.33436 1.74583
2.87628 -0.163044 3.79597
2.87621 -0.175694 3.75564
2.83484 -3.70938 -0.967929
2.83477 -3.72203 -1.00826
2.84154 -3.76871 6.48606
2.84148 -3.78136 6.44573
2.87412 -7.32171 1.78616
2.87405 -7.33436 1.74583
2.87628 -0.163043 3.79597
2.87622 -0.175694 3.75564
2.83484 -3.70938 -0.967929
2.83478 -3.72203 -1.00826


*****************************************************************Rapport********************************************************************************** 
CAM-LBA-US_EBA-US-HO-H 2014.08.15.13.28.45 2.85666 -3.74704 2.7549 0.0186673 2.53106 2.72962 0 VRAI 
