********** Fichier qui contient une sauvegarde des coordonnees images + coordonnees images transformees dans le repere BCAM (MOUNT) + coordonnees des prismes dans le repere MOUNT********** 
********************************************************************** Unite en metres (m)************************************************************************************************** 

*******************************************************************coordonnees images dans le repere CCD *********************************************************************************** 
20MABNDB000135_PR027
Spot 1 0.002835 0.001165
Spot 2 0.003375 2.5e-05
Spot 1 0.002835 0.001165
Spot 2 0.003375 2.5e-05
Spot 1 0.003375 2.5e-05
Spot 2 0.001735 0.000155
Spot 1 0.003375 2.5e-05
Spot 2 0.001735 0.000155
Spot 1 0.003375 2.5e-05
Spot 2 0.001735 0.000155
20MABNDB000126_PR028
Spot 1 0.001615 9.5e-05
Spot 2 0.00328382 0.00033618
Spot 1 0.001615 9.5e-05
Spot 2 0.00328389 0.00033611
Spot 1 0.001615 9.5e-05
Spot 2 0.0032837 0.0003363
Spot 1 0.001615 9.5e-05
Spot 2 0.00328364 0.00033636
Spot 1 0.001615 9.5e-05
Spot 2 0.0032837 0.0003363
20MABNDA000272_PR038
Spot 1 0.002495 0.000155
Spot 2 0.000705 0.000125
Spot 1 0.002495 0.000155
Spot 2 0.000705 0.000125
Spot 1 0.000705 0.000125
Spot 2 0.002495 0.000155
Spot 1 0.000705 0.000125
Spot 2 0.002495 0.000155
20MABNDA000003_PR039
Spot 1 0.001035 5.5e-05
Spot 2 0.001385 7.5e-05
Spot 1 0.001035 5.5e-05
Spot 2 0.001385 7.5e-05
Spot 1 0.001035 5.5e-05
Spot 2 0.001385 7.5e-05
Spot 1 0.001035 5.5e-05
Spot 2 0.001385 7.5e-05


****************************************************************coordonnees images transformees dans le repere MOUNT************************************************************************* 
20MABNDB000135_PR027
Spot 1 -0.011567 -0.0129585 -0.074647
Spot 2 -0.0110397 -0.0141045 -0.074647
Spot 1 -0.011567 -0.0129585 -0.074647
Spot 2 -0.0110397 -0.0141045 -0.074647
Spot 1 -0.0110397 -0.0141045 -0.074647
Spot 2 -0.0126781 -0.0139562 -0.074647
Spot 1 -0.0110397 -0.0141045 -0.074647
Spot 2 -0.0126781 -0.0139562 -0.074647
Spot 1 -0.0110397 -0.0141045 -0.074647
Spot 2 -0.0126781 -0.0139562 -0.074647
20MABNDB000126_PR028
Spot 1 -0.0125543 -0.0140873 -0.075004
Spot 2 -0.0108868 -0.0138372 -0.075004
Spot 1 -0.0125543 -0.0140873 -0.075004
Spot 2 -0.0108867 -0.0138373 -0.075004
Spot 1 -0.0125543 -0.0140873 -0.075004
Spot 2 -0.0108869 -0.0138371 -0.075004
Spot 1 -0.0125543 -0.0140873 -0.075004
Spot 2 -0.010887 -0.013837 -0.075004
Spot 1 -0.0125543 -0.0140873 -0.075004
Spot 2 -0.0108869 -0.0138371 -0.075004
20MABNDA000272_PR038
Spot 1 -0.0133292 0.0139575 -0.074179
Spot 2 -0.0115392 0.0139843 -0.074179
Spot 1 -0.0133292 0.0139575 -0.074179
Spot 2 -0.0115392 0.0139843 -0.074179
Spot 1 -0.0115392 0.0139843 -0.074179
Spot 2 -0.0133292 0.0139575 -0.074179
Spot 1 -0.0115392 0.0139843 -0.074179
Spot 2 -0.0133292 0.0139575 -0.074179
20MABNDA000003_PR039
Spot 1 -0.0118313 0.0139948 -0.073734
Spot 2 -0.0121814 0.0139757 -0.073734
Spot 1 -0.0118313 0.0139948 -0.073734
Spot 2 -0.0121814 0.0139757 -0.073734
Spot 1 -0.0118313 0.0139948 -0.073734
Spot 2 -0.0121814 0.0139757 -0.073734
Spot 1 -0.0118313 0.0139948 -0.073734
Spot 2 -0.0121814 0.0139757 -0.073734


*****************************************************************coordonnees du prisme dans le repere MOUNT********************************************************************************** 
20MABNDB000135_PR027
-0.0613805 0.00239963 2.74891
-0.0613805 0.00239963 2.74891
-0.0410104 0.0206918 2.74903
-0.0410104 0.0206918 2.74903
-0.0410104 0.0206918 2.74903
20MABNDB000126_PR028
-0.039524 0.012084 2.14665
-0.039525 0.012085 2.14665
-0.0395223 0.0120824 2.14665
-0.0395214 0.0120815 2.14665
-0.0395223 0.0120824 2.14665
20MABNDA000272_PR038
-0.0210633 -0.0188958 2.74946
-0.0210633 -0.0188958 2.74946
-0.021063 -0.0188958 2.74946
-0.021063 -0.0188958 2.74946
20MABNDA000003_PR039
-0.0326451 -0.0118988 2.14887
-0.0326451 -0.0118988 2.14887
-0.0326451 -0.0118988 2.14887
-0.0326451 -0.0118988 2.14887


*****************************************************************coordonnees du prisme dans le repere ATLAS********************************************************************************** 
20MABNDB000135_PR027 0
2.55998 -4.19752 -3.83613
2.55998 -4.19752 -3.83613
2.58025 -4.19768 -3.85454
2.58025 -4.19768 -3.85454
2.58025 -4.19768 -3.85454
20MABNDB000126_PR028 0
2.58637 -4.19738 -5.94429
2.58637 -4.19738 -5.94429
2.58637 -4.19738 -5.94429
2.58637 -4.19738 -5.94429
2.58637 -4.19738 -5.94429
20MABNDA000272_PR038 0
-2.60348 -4.19718 -3.85738
-2.60348 -4.19718 -3.85738
-2.60348 -4.19718 -3.85738
-2.60348 -4.19718 -3.85738
20MABNDA000003_PR039 0
-2.58908 -4.1973 -5.94466
-2.58908 -4.1973 -5.94466
-2.58908 -4.1973 -5.94466
-2.58908 -4.1973 -5.94466


*****************************************************************Rapport********************************************************************************** 
CAM-EBC-US-IP_EBC-US-IP 2014.08.15.10.13.31 2.57214 -4.19761 -3.84718 0.00992807 7.87237e-05 0.00901795 0 VRAI 
CAM-EBC-US-HO_EBC-US-HO 2014.08.15.10.13.31 2.58637 -4.19738 -5.94429 1.29187e-06 0 1.18348e-06 0 VRAI 
CAM-EBC-USA-IP_EBC-USA-IP 2014.08.15.10.13.31 -2.60348 -4.19718 -3.85738 1.19209e-07 0 0 0 VRAI 
CAM-EBC-USA-HO_EBC-USA-HO 2014.08.15.10.13.31 -2.58908 -4.1973 -5.94466 0 0 0 0 VRAI 
