********** Fichier qui contient une sauvegarde des coordonnees images + coordonnees images transformees dans le repere BCAM (MOUNT) + coordonnees des prismes dans le repere MOUNT********** 
********************************************************************** Unite en metres (m)************************************************************************************************** 

*******************************************************************coordonnees images dans le repere CCD *********************************************************************************** 
20MABNDL000077_PR002
Spot 1 0.00233825 0.00163589
Spot 2 0.00240318 0.00163409
Spot 1 0.00233854 0.00163607
Spot 2 0.002405 0.00163
Spot 1 0.00233902 0.00163621
Spot 2 0.002405 0.001635
Spot 1 0.00233892 0.00163667
Spot 2 0.002405 0.001635
Spot 1 0.0023392 0.00163689
Spot 2 0.002405 0.001635
Spot 1 0.00233928 0.00163726
Spot 2 0.002405 0.0016325
Spot 1 0.00233949 0.00163729
Spot 2 0.002405 0.00163167
20MABNDL000077_PR003
Spot 1 -1e-06 -1e-06
Spot 2 -1e-06 -1e-06
Spot 1 -1e-06 -1e-06
Spot 2 -1e-06 -1e-06
Spot 1 -1e-06 -1e-06
Spot 2 -1e-06 -1e-06
Spot 1 -1e-06 -1e-06
Spot 2 -1e-06 -1e-06
Spot 1 -1e-06 -1e-06
Spot 2 -1e-06 -1e-06
Spot 1 -1e-06 -1e-06
Spot 2 -1e-06 -1e-06
Spot 1 -1e-06 -1e-06
Spot 2 -1e-06 -1e-06
20MABNDL000077_20MABNDM000168
Spot 1 0.00233833 0.00163588
Spot 2 0.002404 0.001633
Spot 1 0.00233862 0.00163619
Spot 2 0.002405 0.00163
Spot 1 0.00233899 0.00163632
Spot 2 0.002405 0.001635
Spot 1 0.00233875 0.00163614
Spot 2 0.002405 0.001635
Spot 1 0.00233935 0.00163668
Spot 2 0.002405 0.001635
Spot 1 0.00233925 0.00163731
Spot 2 0.002405 0.0016325
Spot 1 0.00233894 0.001637
Spot 2 0.002405 0.001635
20MABNDM000020_PR013
Spot 1 0.00154947 0.00077252
Spot 2 0.00200421 0.00056567
Spot 1 0.00154914 0.00077272
Spot 2 0.00200396 0.00056572
Spot 1 0.00154919 0.00077324
Spot 2 0.00200381 0.00056601
Spot 1 0.00154928 0.00077302
Spot 2 0.00200403 0.00056597
Spot 1 0.00154931 0.00077269
Spot 2 0.00200398 0.00056545
Spot 1 0.00154928 0.0007729
Spot 2 0.00200399 0.00056601
Spot 1 0.00154954 0.00077292
Spot 2 0.00200377 0.00056568
20MABNDM000020_PR014
Spot 1 -1e-06 -1e-06
Spot 2 -1e-06 -1e-06
Spot 1 -1e-06 -1e-06
Spot 2 -1e-06 -1e-06
Spot 1 -1e-06 -1e-06
Spot 2 -1e-06 -1e-06
Spot 1 -1e-06 -1e-06
Spot 2 -1e-06 -1e-06
Spot 1 -1e-06 -1e-06
Spot 2 -1e-06 -1e-06
Spot 1 -1e-06 -1e-06
Spot 2 -1e-06 -1e-06
Spot 1 -1e-06 -1e-06
Spot 2 -1e-06 -1e-06
20MABNDM000020_20MABNDL000196
Spot 1 0.0015493 0.00077252
Spot 2 0.00200399 0.00056567
Spot 1 0.00154918 0.00077281
Spot 2 0.00200383 0.00056578
Spot 1 0.0015492 0.00077313
Spot 2 0.00200362 0.00056592
Spot 1 0.00154926 0.000773
Spot 2 0.0020041 0.0005659
Spot 1 0.00154924 0.00077288
Spot 2 0.00200378 0.00056589
Spot 1 0.00154943 0.00077285
Spot 2 0.00200422 0.00056578


****************************************************************coordonnees images transformees dans le repere MOUNT************************************************************************* 
20MABNDL000077_PR002
Spot 1 -0.013178 0.0356929 -0.006954
Spot 2 -0.0132429 0.0356904 -0.006954
Spot 1 -0.0131783 0.0356931 -0.006954
Spot 2 -0.0132447 0.0356863 -0.006954
Spot 1 -0.0131788 0.0356932 -0.006954
Spot 2 -0.0132447 0.0356913 -0.006954
Spot 1 -0.0131787 0.0356937 -0.006954
Spot 2 -0.0132447 0.0356913 -0.006954
Spot 1 -0.0131789 0.0356939 -0.006954
Spot 2 -0.0132447 0.0356913 -0.006954
Spot 1 -0.013179 0.0356943 -0.006954
Spot 2 -0.0132447 0.0356888 -0.006954
Spot 1 -0.0131792 0.0356943 -0.006954
Spot 2 -0.0132447 0.035688 -0.006954
20MABNDL000077_PR003
Spot 1 -0.0108221 0.03408 -0.006954
Spot 2 -0.0108221 0.03408 -0.006954
Spot 1 -0.0108221 0.03408 -0.006954
Spot 2 -0.0108221 0.03408 -0.006954
Spot 1 -0.0108221 0.03408 -0.006954
Spot 2 -0.0108221 0.03408 -0.006954
Spot 1 -0.0108221 0.03408 -0.006954
Spot 2 -0.0108221 0.03408 -0.006954
Spot 1 -0.0108221 0.03408 -0.006954
Spot 2 -0.0108221 0.03408 -0.006954
Spot 1 -0.0108221 0.03408 -0.006954
Spot 2 -0.0108221 0.03408 -0.006954
Spot 1 -0.0108221 0.03408 -0.006954
Spot 2 -0.0108221 0.03408 -0.006954
20MABNDL000077_20MABNDM000168
Spot 1 -0.0131781 0.0356929 -0.006954
Spot 2 -0.0132437 0.0356893 -0.006954
Spot 1 -0.0131784 0.0356932 -0.006954
Spot 2 -0.0132447 0.0356863 -0.006954
Spot 1 -0.0131787 0.0356933 -0.006954
Spot 2 -0.0132447 0.0356913 -0.006954
Spot 1 -0.0131785 0.0356932 -0.006954
Spot 2 -0.0132447 0.0356913 -0.006954
Spot 1 -0.0131791 0.0356937 -0.006954
Spot 2 -0.0132447 0.0356913 -0.006954
Spot 1 -0.013179 0.0356943 -0.006954
Spot 2 -0.0132447 0.0356888 -0.006954
Spot 1 -0.0131787 0.035694 -0.006954
Spot 2 -0.0132447 0.0356913 -0.006954
20MABNDM000020_PR013
Spot 1 0.0131368 -0.034741 -0.075838
Spot 2 0.012682 -0.0345342 -0.075838
Spot 1 0.0131371 -0.0347412 -0.075838
Spot 2 0.0126822 -0.0345343 -0.075838
Spot 1 0.013137 -0.0347417 -0.075838
Spot 2 0.0126824 -0.0345346 -0.075838
Spot 1 0.0131369 -0.0347415 -0.075838
Spot 2 0.0126822 -0.0345345 -0.075838
Spot 1 0.0131369 -0.0347412 -0.075838
Spot 2 0.0126822 -0.034534 -0.075838
Spot 1 0.0131369 -0.0347414 -0.075838
Spot 2 0.0126822 -0.0345346 -0.075838
Spot 1 0.0131367 -0.0347414 -0.075838
Spot 2 0.0126824 -0.0345342 -0.075838
20MABNDM000020_PR014
Spot 1 0.0146871 -0.0339673 -0.075838
Spot 2 0.0146871 -0.0339673 -0.075838
Spot 1 0.0146871 -0.0339673 -0.075838
Spot 2 0.0146871 -0.0339673 -0.075838
Spot 1 0.0146871 -0.0339673 -0.075838
Spot 2 0.0146871 -0.0339673 -0.075838
Spot 1 0.0146871 -0.0339673 -0.075838
Spot 2 0.0146871 -0.0339673 -0.075838
Spot 1 0.0146871 -0.0339673 -0.075838
Spot 2 0.0146871 -0.0339673 -0.075838
Spot 1 0.0146871 -0.0339673 -0.075838
Spot 2 0.0146871 -0.0339673 -0.075838
Spot 1 0.0146871 -0.0339673 -0.075838
Spot 2 0.0146871 -0.0339673 -0.075838
20MABNDM000020_20MABNDL000196
Spot 1 0.0131369 -0.034741 -0.075838
Spot 2 0.0126822 -0.0345342 -0.075838
Spot 1 0.013137 -0.0347413 -0.075838
Spot 2 0.0126824 -0.0345343 -0.075838
Spot 1 0.013137 -0.0347416 -0.075838
Spot 2 0.0126826 -0.0345345 -0.075838
Spot 1 0.013137 -0.0347415 -0.075838
Spot 2 0.0126821 -0.0345345 -0.075838
Spot 1 0.013137 -0.0347414 -0.075838
Spot 2 0.0126824 -0.0345345 -0.075838
Spot 1 0.0131368 -0.0347414 -0.075838
Spot 2 0.012682 -0.0345343 -0.075838


*****************************************************************coordonnees du prisme dans le repere MOUNT********************************************************************************** 
20MABNDL000077_PR002
0.0134186 0.0147471 -3.7875
0.01347 0.0148449 -3.7875
0.0134833 0.0147172 -3.7875
0.0134809 0.0147058 -3.7875
0.0134879 0.0147003 -3.7875
0.0134894 0.0147533 -3.7875
0.0134944 0.0147732 -3.7875
20MABNDL000077_PR003
-0.109945 0.0978053 -3.97488
-0.109945 0.0978053 -3.97488
-0.109945 0.0978053 -3.97488
-0.109945 0.0978053 -3.97488
-0.109945 0.0978053 -3.97488
-0.109945 0.0978053 -3.97488
-0.109945 0.0978053 -3.97488
20MABNDM000020_PR013
0.00447591 -0.0589342 3.72206
0.00446157 -0.0589282 3.72206
0.00445908 -0.0589081 3.72206
0.00446675 -0.0589145 3.72206
0.00446626 -0.0589355 3.72206
0.00446576 -0.0589165 3.72206
0.00446675 -0.0589242 3.72206
20MABNDM000020_PR014
-0.107811 -0.10632 4.66637
-0.107811 -0.10632 4.66637
-0.107811 -0.10632 4.66637
-0.107811 -0.10632 4.66637
-0.107811 -0.10632 4.66637
-0.107811 -0.10632 4.66637
-0.107811 -0.10632 4.66637


*****************************************************************coordonnees du prisme dans le repere ATLAS********************************************************************************** 
20MABNDL000077_PR002 0
2.83493 -3.72186 -1.00826
2.83483 -3.72181 -1.00826
2.83496 -3.72179 -1.00826
2.83497 -3.72179 -1.00826
2.83498 -3.72179 -1.00826
2.83492 -3.72179 -1.00826
2.8349 -3.72178 -1.00826
20MABNDL000077_PR003 0
2.75165 -3.84496 -1.19571
2.75165 -3.84496 -1.19571
2.75165 -3.84496 -1.19571
2.75165 -3.84496 -1.19571
2.75165 -3.84496 -1.19571
2.75165 -3.84496 -1.19571
2.75165 -3.84496 -1.19571
20MABNDM000020_PR013 0
-2.79489 -3.73825 -1.03823
-2.79489 -3.73824 -1.03823
-2.79491 -3.73823 -1.03823
-2.79491 -3.73824 -1.03823
-2.79489 -3.73824 -1.03823
-2.79491 -3.73824 -1.03823
-2.7949 -3.73824 -1.03823
20MABNDM000020_PR014 0
-2.74766 -3.62526 -1.98247
-2.74766 -3.62526 -1.98247
-2.74766 -3.62526 -1.98247
-2.74766 -3.62526 -1.98247
-2.74766 -3.62526 -1.98247
-2.74766 -3.62526 -1.98247
-2.74766 -3.62526 -1.98247


*****************************************************************Rapport********************************************************************************** 
CAM-LBA-US_EBA-US-HO-H 2014.08.15.16.36.00 2.83493 -3.7218 -1.00826 4.63649e-05 2.40817e-05 2.96926e-07 0 VRAI 
CAM-LBA-US_JDA-US-H 2014.08.15.16.36.00 2.75165 -3.84496 -1.19571 0 0 0 0 VRAI 
CAM-LBA-USA_EBA-USA-HO-H 2014.08.15.16.36.00 -2.7949 -3.73824 -1.03823 9.62899e-06 4.85516e-06 0 0 VRAI 
CAM-LBA-USA_JDA-USA-H 2014.08.15.16.36.00 -2.74766 -3.62526 -1.98247 0 0 0 0 VRAI 
