********** Fichier qui contient une sauvegarde des coordonnees images + coordonnees images transformees dans le repere BCAM (MOUNT) + coordonnees des prismes dans le repere MOUNT********** 
********************************************************************** Unite en metres (m)************************************************************************************************** 

*******************************************************************coordonnees images dans le repere CCD *********************************************************************************** 
20MABNDA000196_PR006
Spot 1   0.00199372   0.00073062
Spot 2   0.00162289   0.00072675
Spot 1   0.00199378   0.00073057
Spot 2   0.00162296   0.00072695
Spot 1   0.00199371   0.00073061
Spot 2   0.00162295   0.00072692
Spot 1   0.00199362   0.00073062
Spot 2   0.00162295   0.00072686
Spot 1   0.00199368   0.00073063
Spot 2   0.00162278   0.00072676
Spot 1   0.00199384   0.00073079
Spot 2   0.00162306   0.00072699
Spot 1   0.00199378   0.00073073
Spot 2   0.00162300   0.00072695
Spot 1   0.00199368   0.00073071
Spot 2   0.00162303   0.00072688
Spot 1   0.00199368   0.00073073
Spot 2   0.00162291   0.00072686
Spot 1   0.00199353   0.00073073
Spot 2   0.00162284   0.00072703
Spot 1   0.00199356   0.00073086
Spot 2   0.00162285   0.00072710
20MABNDA000324_PR007
Spot 1   0.00195388   0.00122106
Spot 2   0.00174619   0.00122700
Spot 1   0.00195392   0.00122110
Spot 2   0.00174612   0.00122707
Spot 1   0.00195386   0.00122103
Spot 2   0.00174620   0.00122689
Spot 1   0.00195385   0.00122115
Spot 2   0.00174616   0.00122698
Spot 1   0.00195376   0.00122117
Spot 2   0.00174623   0.00122691
Spot 1   0.00195396   0.00122107
Spot 2   0.00174612   0.00122715
Spot 1   0.00195415   0.00122126
Spot 2   0.00174616   0.00122706
Spot 1   0.00195393   0.00122115
Spot 2   0.00174622   0.00122711
Spot 1   0.00195397   0.00122118
Spot 2   0.00174588   0.00122705
Spot 1   0.00195391   0.00122113
Spot 2   0.00174612   0.00122703
20MABNDB000001_PR017
Spot 1   0.00187287   0.00048971
Spot 2   0.00224345   0.00049872
Spot 1   0.00187295   0.00048973
Spot 2   0.00224334   0.00049890
Spot 1   0.00187293   0.00048973
Spot 2   0.00224329   0.00049880
Spot 1   0.00187303   0.00048973
Spot 2   0.00224334   0.00049890
Spot 1   0.00187288   0.00048973
Spot 2   0.00224330   0.00049864
Spot 1   0.00187282   0.00048981
Spot 2   0.00224338   0.00049892
Spot 1   0.00187280   0.00048970
Spot 2   0.00224328   0.00049894
Spot 1   0.00187279   0.00048982
Spot 2   0.00224329   0.00049880
Spot 1   0.00187294   0.00048983
Spot 2   0.00224337   0.00049904
Spot 1   0.00187292   0.00048971
Spot 2   0.00224342   0.00049889
20MABNDB000260_PR019
Spot 1   0.00192379   0.00148473
Spot 2   0.00212833   0.00148367
Spot 1   0.00192378   0.00148477
Spot 2   0.00212823   0.00148403
Spot 1   0.00192388   0.00148469
Spot 2   0.00212810   0.00148362
Spot 1   0.00192392   0.00148495
Spot 2   0.00212741   0.00148328
Spot 1   0.00192370   0.00148466
Spot 2   0.00212716   0.00148392
Spot 1   0.00192372   0.00148475
Spot 2   0.00212716   0.00148392
Spot 1   0.00192364   0.00148475
Spot 2   0.00212737   0.00148368
Spot 1   0.00192387   0.00148491
Spot 2   0.00212767   0.00148367
Spot 1   0.00192368   0.00148483
Spot 2   0.00212679   0.00148372
Spot 1   0.00192379   0.00148500
Spot 2   0.00212857   0.00148393


****************************************************************coordonnees images transformees dans le repere MOUNT************************************************************************* 
20MABNDA000196_PR006
Spot 1  -0.01294844   0.01324770  -0.07967100
Spot 2  -0.01257759   0.01324681  -0.07967100
Spot 1  -0.01294850   0.01324775  -0.07967100
Spot 2  -0.01257767   0.01324661  -0.07967100
Spot 1  -0.01294843   0.01324771  -0.07967100
Spot 2  -0.01257766   0.01324664  -0.07967100
Spot 1  -0.01294834   0.01324770  -0.07967100
Spot 2  -0.01257765   0.01324670  -0.07967100
Spot 1  -0.01294840   0.01324769  -0.07967100
Spot 2  -0.01257748   0.01324680  -0.07967100
Spot 1  -0.01294857   0.01324753  -0.07967100
Spot 2  -0.01257777   0.01324657  -0.07967100
Spot 1  -0.01294850   0.01324759  -0.07967100
Spot 2  -0.01257771   0.01324661  -0.07967100
Spot 1  -0.01294840   0.01324761  -0.07967100
Spot 2  -0.01257774   0.01324668  -0.07967100
Spot 1  -0.01294840   0.01324759  -0.07967100
Spot 2  -0.01257761   0.01324670  -0.07967100
Spot 1  -0.01294825   0.01324759  -0.07967100
Spot 2  -0.01257755   0.01324653  -0.07967100
Spot 1  -0.01294829   0.01324746  -0.07967100
Spot 2  -0.01257756   0.01324646  -0.07967100
20MABNDA000324_PR007
Spot 1  -0.01255952   0.01280047  -0.07446800
Spot 2  -0.01235179   0.01279615  -0.07446800
Spot 1  -0.01255956   0.01280043  -0.07446800
Spot 2  -0.01235172   0.01279608  -0.07446800
Spot 1  -0.01255950   0.01280050  -0.07446800
Spot 2  -0.01235180   0.01279626  -0.07446800
Spot 1  -0.01255949   0.01280038  -0.07446800
Spot 2  -0.01235176   0.01279617  -0.07446800
Spot 1  -0.01255940   0.01280036  -0.07446800
Spot 2  -0.01235183   0.01279624  -0.07446800
Spot 1  -0.01255960   0.01280046  -0.07446800
Spot 2  -0.01235172   0.01279600  -0.07446800
Spot 1  -0.01255979   0.01280026  -0.07446800
Spot 2  -0.01235176   0.01279609  -0.07446800
Spot 1  -0.01255957   0.01280038  -0.07446800
Spot 2  -0.01235182   0.01279604  -0.07446800
Spot 1  -0.01255961   0.01280035  -0.07446800
Spot 2  -0.01235148   0.01279610  -0.07446800
Spot 1  -0.01255955   0.01280040  -0.07446800
Spot 2  -0.01235172   0.01279612  -0.07446800
20MABNDB000001_PR017
Spot 1  -0.01231495  -0.01349967  -0.07418400
Spot 2  -0.01194430  -0.01349458  -0.07418400
Spot 1  -0.01231487  -0.01349965  -0.07418400
Spot 2  -0.01194440  -0.01349440  -0.07418400
Spot 1  -0.01231489  -0.01349965  -0.07418400
Spot 2  -0.01194446  -0.01349450  -0.07418400
Spot 1  -0.01231479  -0.01349965  -0.07418400
Spot 2  -0.01194440  -0.01349440  -0.07418400
Spot 1  -0.01231494  -0.01349965  -0.07418400
Spot 2  -0.01194445  -0.01349466  -0.07418400
Spot 1  -0.01231500  -0.01349957  -0.07418400
Spot 2  -0.01194436  -0.01349438  -0.07418400
Spot 1  -0.01231502  -0.01349968  -0.07418400
Spot 2  -0.01194446  -0.01349436  -0.07418400
Spot 1  -0.01231503  -0.01349956  -0.07418400
Spot 2  -0.01194446  -0.01349450  -0.07418400
Spot 1  -0.01231488  -0.01349955  -0.07418400
Spot 2  -0.01194437  -0.01349426  -0.07418400
Spot 1  -0.01231490  -0.01349967  -0.07418400
Spot 2  -0.01194432  -0.01349441  -0.07418400
20MABNDB000260_PR019
Spot 1  -0.01240718  -0.01241778  -0.07492700
Spot 2  -0.01220266  -0.01241465  -0.07492700
Spot 1  -0.01240719  -0.01241774  -0.07492700
Spot 2  -0.01220277  -0.01241429  -0.07492700
Spot 1  -0.01240709  -0.01241782  -0.07492700
Spot 2  -0.01220289  -0.01241471  -0.07492700
Spot 1  -0.01240706  -0.01241756  -0.07492700
Spot 2  -0.01220358  -0.01241506  -0.07492700
Spot 1  -0.01240727  -0.01241786  -0.07492700
Spot 2  -0.01220384  -0.01241442  -0.07492700
Spot 1  -0.01240725  -0.01241777  -0.07492700
Spot 2  -0.01220384  -0.01241442  -0.07492700
Spot 1  -0.01240733  -0.01241777  -0.07492700
Spot 2  -0.01220362  -0.01241466  -0.07492700
Spot 1  -0.01240711  -0.01241760  -0.07492700
Spot 2  -0.01220332  -0.01241466  -0.07492700
Spot 1  -0.01240729  -0.01241769  -0.07492700
Spot 2  -0.01220420  -0.01241463  -0.07492700
Spot 1  -0.01240719  -0.01241751  -0.07492700
Spot 2  -0.01220243  -0.01241438  -0.07492700


*****************************************************************coordonnees du prisme dans le repere MOUNT********************************************************************************** 
20MABNDA000196_PR006
 -0.01028727   0.00994410   1.64206386
 -0.01028584   0.00994572   1.64206386
 -0.01028670   0.00994584   1.64206386
 -0.01028770   0.00994531   1.64206386
 -0.01028891   0.00994434   1.64206386
 -0.01028404   0.00994855   1.64206386
 -0.01028537   0.00994746   1.64206386
 -0.01028614   0.00994649   1.64206386
 -0.01028746   0.00994650   1.64206386
 -0.01028983   0.00994840   1.64206386
 -0.01028938   0.00995058   1.64206386
20MABNDA000324_PR007
 -0.02506198   0.02820951   2.95549083
 -0.02506258   0.02821165   2.95549083
 -0.02506216   0.02820674   2.95549083
 -0.02506317   0.02821086   2.95549083
 -0.02506354   0.02820987   2.95549083
 -0.02506181   0.02821264   2.95549083
 -0.02505730   0.02821466   2.95549083
 -0.02506044   0.02821345   2.95549083
 -0.02506632   0.02821281   2.95549083
 -0.02506278   0.02821145   2.95549083
20MABNDB000001_PR017
 -0.02386748  -0.00395521   1.64036834
 -0.02386718  -0.00395739   1.64036834
 -0.02386640  -0.00395631   1.64036834
 -0.02386805  -0.00395738   1.64036834
 -0.02386594  -0.00395456   1.64036834
 -0.02386621  -0.00395849   1.64036834
 -0.02386488  -0.00395753   1.64036834
 -0.02386488  -0.00395730   1.64036834
 -0.02386743  -0.00396001   1.64036834
 -0.02386772  -0.00395706   1.64036834
20MABNDB000260_PR019
 -0.02444803  -0.03762707   2.95628071
 -0.02444570  -0.03763491   2.95628071
 -0.02444533  -0.03762524   2.95628071
 -0.02443255  -0.03762341   2.95628071
 -0.02442316  -0.03763012   2.95628071
 -0.02442353  -0.03763190   2.95628071
 -0.02442619  -0.03762722   2.95628071
 -0.02443655  -0.03763039   2.95628071
 -0.02441549  -0.03762937   2.95628071
 -0.02445254  -0.03763762   2.95628071


*****************************************************************coordonnees du prisme dans le repere ATLAS********************************************************************************** 
20MABNDA000196_PR006 0.00000000
  2.58474731  -4.19496489   6.54789686
  2.58474588  -4.19496489   6.54789829
  2.58474684  -4.19496489   6.54789829
  2.58474779  -4.19496489   6.54789782
  2.58474898  -4.19496489   6.54789686
  2.58474422  -4.19496489   6.54790115
  2.58474541  -4.19496489   6.54790020
  2.58474612  -4.19496489   6.54789925
  2.58474755  -4.19496489   6.54789925
  2.58474994  -4.19496489   6.54790115
  2.58474946  -4.19496489   6.54790306
20MABNDA000324_PR007 0.00000000
  2.59425569  -4.13996744   6.94770336
  2.59425521  -4.13996744   6.94770145
  2.59425545  -4.13996744   6.94770622
  2.59425449  -4.13996744   6.94770193
  2.59425426  -4.13996744   6.94770288
  2.59425592  -4.13996744   6.94770050
  2.59426045  -4.13996744   6.94769812
  2.59425735  -4.13996744   6.94769955
  2.59425139  -4.13996744   6.94770002
  2.59425497  -4.13996744   6.94770145
20MABNDB000001_PR017 0.00000000
 -2.59757257  -4.19504642   6.53927708
 -2.59757233  -4.19504595   6.53927898
 -2.59757137  -4.19504642   6.53927803
 -2.59757304  -4.19504595   6.53927898
 -2.59757090  -4.19504642   6.53927612
 -2.59757137  -4.19504595   6.53928041
 -2.59756994  -4.19504595   6.53927946
 -2.59756994  -4.19504642   6.53927898
 -2.59757257  -4.19504595   6.53928185
 -2.59757280  -4.19504595   6.53927898
20MABNDB000260_PR019 0.00000000
 -2.60430717  -4.13995409   6.94301844
 -2.60430956  -4.13995409   6.94301033
 -2.60431004  -4.13995409   6.94302034
 -2.60432267  -4.13995409   6.94302225
 -2.60433221  -4.13995409   6.94301510
 -2.60433173  -4.13995409   6.94301367
 -2.60432911  -4.13995409   6.94301844
 -2.60431862  -4.13995409   6.94301510
 -2.60433984  -4.13995409   6.94301605
 -2.60430264  -4.13995409   6.94300795


*****************************************************************Rapport********************************************************************************** 
CAM-JDA-US-IP_JDA-US-IP     2014.09.04.11.25.09   2.58474723  -4.19496489   6.54789929   0.00000169   0.00000000   0.00000186 0.00000000 VRAI 
CAM-JDA-US-HO_JDA-US-HO     2014.09.04.11.25.09   2.59425552  -4.13996744   6.94770155   0.00000219   0.00000000   0.00000215 0.00000000 VRAI 
CAM-JDA-USA-IP_JDA-USA-IP   2014.09.04.11.25.09  -2.59757168  -4.19504614   6.53927889   0.00000109   0.00000023   0.00000152 0.00000000 VRAI 
CAM-JDA-USA-HO_JDA-USA-HO   2014.09.04.11.25.09  -2.60432036  -4.13995409   6.94301577   0.00001202   0.00000000   0.00000416 0.00000000 VRAI 
