********** Fichier qui contient une sauvegarde des coordonnees images + coordonnees images transformees dans le repere BCAM (MOUNT) + coordonnees des prismes dans le repere MOUNT********** 
********************************************************************** Unite en metres (m)************************************************************************************************** 

*******************************************************************coordonnees images dans le repere CCD *********************************************************************************** 
20MABNDL000077_PR002
Spot 1 0.00233496 0.00163348
Spot 2 0.0024 0.00163
Spot 1 0.0023347 0.00163345
Spot 2 -1e-06 -1e-06
Spot 1 0.00233472 0.00163355
Spot 2 0.0024 0.00163
Spot 1 0.00233449 0.00163351
Spot 2 0.00239833 0.00163167
Spot 1 0.00233456 0.00163332
Spot 2 -1e-06 -1e-06
Spot 1 0.0023345 0.00163332
Spot 2 0.0024 0.00163
Spot 1 0.00233456 0.00163342
Spot 2 0.0024 0.00163
Spot 1 0.00233485 0.00163327
Spot 2 -1e-06 -1e-06
20MABNDL000077_PR003
Spot 1 -1e-06 -1e-06
Spot 2 -1e-06 -1e-06
Spot 1 -1e-06 -1e-06
Spot 2 -1e-06 -1e-06
Spot 1 -1e-06 -1e-06
Spot 2 -1e-06 -1e-06
Spot 1 -1e-06 -1e-06
Spot 2 -1e-06 -1e-06
Spot 1 -1e-06 -1e-06
Spot 2 -1e-06 -1e-06
Spot 1 -1e-06 -1e-06
Spot 2 -1e-06 -1e-06
Spot 1 -1e-06 -1e-06
Spot 2 -1e-06 -1e-06
Spot 1 -1e-06 -1e-06
Spot 2 -1e-06 -1e-06
20MABNDL000077_20MABNDM000168
Spot 1 0.00233453 0.00163322
Spot 2 -1e-06 -1e-06
Spot 1 0.00233466 0.00163356
Spot 2 0.0024 0.00163
Spot 1 0.00233455 0.00163363
Spot 2 0.0024 0.00163
Spot 1 0.00233464 0.00163356
Spot 2 0.0024 0.00163
Spot 1 0.00233467 0.00163342
Spot 2 0.002395 0.001625
Spot 1 0.00233486 0.00163336
Spot 2 0.0024 0.00163
Spot 1 0.0023346 0.00163332
Spot 2 0.0024 0.00163
20MABNDM000020_PR013
Spot 1 0.00154895 0.00077281
Spot 2 -1e-06 -1e-06
Spot 1 0.00154902 0.00077236
Spot 2 -1e-06 -1e-06
Spot 1 0.00154887 0.00077268
Spot 2 -1e-06 -1e-06
Spot 1 0.001549 0.00077302
Spot 2 -1e-06 -1e-06
Spot 1 0.0015487 0.00077248
Spot 2 -1e-06 -1e-06
Spot 1 0.0015492 0.00077233
Spot 2 -1e-06 -1e-06
Spot 1 0.00154917 0.00077227
Spot 2 -1e-06 -1e-06
20MABNDM000020_PR014
Spot 1 -1e-06 -1e-06
Spot 2 -1e-06 -1e-06
Spot 1 -1e-06 -1e-06
Spot 2 -1e-06 -1e-06
Spot 1 -1e-06 -1e-06
Spot 2 -1e-06 -1e-06
Spot 1 -1e-06 -1e-06
Spot 2 -1e-06 -1e-06
Spot 1 -1e-06 -1e-06
Spot 2 -1e-06 -1e-06
Spot 1 -1e-06 -1e-06
Spot 2 -1e-06 -1e-06
Spot 1 -1e-06 -1e-06
Spot 2 -1e-06 -1e-06
20MABNDM000020_20MABNDL000196
Spot 1 0.00154894 0.00077274
Spot 2 -1e-06 -1e-06
Spot 1 0.00154909 0.00077229
Spot 2 -1e-06 -1e-06
Spot 1 0.00154894 0.00077252
Spot 2 -1e-06 -1e-06
Spot 1 0.00154891 0.00077272
Spot 2 -1e-06 -1e-06
Spot 1 0.00154903 0.00077252
Spot 2 -1e-06 -1e-06
Spot 1 0.00154898 0.00077249
Spot 2 -1e-06 -1e-06
Spot 1 0.00154922 0.0007724
Spot 2 -1e-06 -1e-06


****************************************************************coordonnees images transformees dans le repere MOUNT************************************************************************* 
20MABNDL000077_PR002
Spot 1 0.0134065 0.0356941 -0.074632
Spot 2 0.0134715 0.03569 -0.074632
Spot 1 -0.0131747 0.0356905 -0.006954
Spot 2 -0.0132397 0.0356864 -0.006954
Spot 1 0.0134062 0.0356941 -0.074632
Spot 2 0.0110549 0.0340822 -0.074632
Spot 1 -0.0131744 0.0356905 -0.006954
Spot 2 -0.0108221 0.03408 -0.006954
Spot 1 0.0134063 0.0356942 -0.074632
Spot 2 0.0134715 0.03569 -0.074632
Spot 1 -0.0131744 0.0356906 -0.006954
Spot 2 -0.0132397 0.0356864 -0.006954
Spot 1 0.013406 0.0356942 -0.074632
Spot 2 0.0134698 0.0356917 -0.074632
Spot 1 -0.0131742 0.0356906 -0.006954
Spot 2 -0.013238 0.0356881 -0.006954
Spot 1 0.0134061 0.035694 -0.074632
Spot 2 0.0110549 0.0340822 -0.074632
Spot 1 -0.0131743 0.0356904 -0.006954
Spot 2 -0.0108221 0.03408 -0.006954
Spot 1 0.013406 0.035694 -0.074632
Spot 2 0.0134715 0.03569 -0.074632
Spot 1 -0.0131742 0.0356904 -0.006954
Spot 2 -0.0132397 0.0356864 -0.006954
Spot 1 0.0134061 0.0356941 -0.074632
Spot 2 0.0134715 0.03569 -0.074632
Spot 1 -0.0131743 0.0356905 -0.006954
Spot 2 -0.0132397 0.0356864 -0.006954
Spot 1 0.0134064 0.0356939 -0.074632
Spot 2 0.0110549 0.0340822 -0.074632
Spot 1 -0.0131746 0.0356903 -0.006954
Spot 2 -0.0108221 0.03408 -0.006954


*****************************************************************coordonnees du prisme dans le repere MOUNT********************************************************************************** 
20MABNDL000077_PR002
-0.0242062 0.0154793 3.70688
-0.0369059 0.0155013 3.66657
-3.58298 -0.0228211 -0.988593
-3.59567 -0.0227991 -1.02891
3.57817 -0.0207479 1.01237
3.56547 -0.0207259 0.972057
0.025956 0.014885 -3.74718
0.0132562 0.014907 -3.7875
0.0354908 0.0551939 3.707
0.0227911 0.0552159 3.66669
-3.57146 0.0897579 -1.03138
-3.58416 0.0897799 -1.07169
3.56492 0.0922464 1.05798
3.55222 0.0922684 1.01766
-0.0341171 0.0547965 -3.74713
-0.0468168 0.0548185 -3.78744
-0.0242002 0.0154775 3.70688
-0.0369 0.0154995 3.66657
-3.58297 -0.0228265 -0.988597
-3.59567 -0.0228045 -1.02891
3.57817 -0.020753 1.01238
3.56547 -0.020731 0.972061
0.02595 0.0148832 -3.74718
0.0132503 0.0149052 -3.7875
-0.0241537 0.0154367 3.70688
-0.0368535 0.0154587 3.66657
-3.58296 -0.0229416 -0.988629
-3.59566 -0.0229196 -1.02894
3.57815 -0.0208685 1.01241
3.56545 -0.0208465 0.972095
0.0259032 0.0148422 -3.74718
0.0132035 0.0148642 -3.7875
0.0354943 0.0551971 3.707
0.0227946 0.0552191 3.66669
-3.57146 0.0897674 -1.03138
-3.58416 0.0897894 -1.0717
3.56492 0.0922559 1.05798
3.55222 0.0922779 1.01766
-0.0341206 0.0547998 -3.74713
-0.0468203 0.0548218 -3.78744
-0.0241948 0.0154832 3.70688
-0.0368945 0.0155052 3.66657
-3.58297 -0.0228109 -0.988601
-3.59567 -0.0227889 -1.02892
3.57817 -0.0207376 1.01238
3.56547 -0.0207156 0.972065
0.0259445 0.0148889 -3.74718
0.0132448 0.0149109 -3.7875
-0.0241963 0.0154807 3.70688
-0.036896 0.0155027 3.66657
-3.58297 -0.0228177 -0.9886
-3.59567 -0.0227957 -1.02892
3.57817 -0.0207444 1.01238
3.56547 -0.0207224 0.972064
0.025946 0.0148864 -3.74718
0.0132463 0.0149084 -3.7875
0.0354872 0.0551984 3.707
0.0227874 0.0552204 3.66669
-3.57146 0.0897708 -1.03138
-3.58416 0.0897928 -1.07169
3.56492 0.0922594 1.05797
3.55222 0.0922814 1.01766
-0.0341134 0.0548011 -3.74713
-0.0468131 0.0548231 -3.78744


*****************************************************************coordonnees du prisme dans le repere ATLAS********************************************************************************** 
20MABNDL000077_PR002 0
2.84154 -3.76872 6.48606
2.84147 -3.78137 6.44573
2.8741 -7.32171 1.78617
2.87403 -7.33436 1.74584
2.87627 -0.163041 3.79596
2.8762 -0.175691 3.75563
2.83484 -3.70937 -0.967929
2.83477 -3.72202 -1.00826
2.80184 -3.70901 6.4863
2.80178 -3.72166 6.44597
2.76148 -7.31011 1.74351
2.76142 -7.32276 1.70318
2.76331 -0.17631 3.84166
2.76325 -0.18896 3.80133
2.79491 -3.76943 -0.967911
2.79484 -3.78208 -1.00824
2.84154 -3.76872 6.48606
2.84147 -3.78137 6.44573
2.87411 -7.32171 1.78617
2.87404 -7.33436 1.74584
2.87627 -0.163042 3.79597
2.87621 -0.175692 3.75564
2.83484 -3.70938 -0.967929
2.83477 -3.72203 -1.00826
2.84158 -3.76867 6.48606
2.84152 -3.78132 6.44573
2.87422 -7.3217 1.78614
2.87416 -7.33435 1.74581
2.87639 -0.163054 3.796
2.87632 -0.175703 3.75567
2.83488 -3.70942 -0.967929
2.83481 -3.72207 -1.00826
2.80184 -3.70901 6.4863
2.80177 -3.72166 6.44597
2.76147 -7.31011 1.74351
2.76141 -7.32276 1.70318
2.7633 -0.176311 3.84167
2.76324 -0.188961 3.80134
2.7949 -3.76943 -0.967911
2.79484 -3.78208 -1.00824
2.84153 -3.76871 6.48606
2.84147 -3.78136 6.44573
2.87409 -7.32171 1.78616
2.87402 -7.33436 1.74583
2.87626 -0.163043 3.79597
2.87619 -0.175693 3.75564
2.83483 -3.70938 -0.967929
2.83477 -3.72203 -1.00826
2.84154 -3.76871 6.48606
2.84147 -3.78136 6.44573
2.8741 -7.32171 1.78616
2.87403 -7.33436 1.74583
2.87626 -0.163043 3.79597
2.8762 -0.175693 3.75564
2.83484 -3.70938 -0.967929
2.83477 -3.72203 -1.00826
2.80184 -3.70902 6.4863
2.80177 -3.72167 6.44597
2.76147 -7.31011 1.74351
2.7614 -7.32276 1.70318
2.7633 -0.176309 3.84166
2.76324 -0.188959 3.80133
2.7949 -3.76943 -0.967911
2.79484 -3.78208 -1.00824


*****************************************************************Rapport********************************************************************************** 
CAM-LBA-US_EBA-US-HO-H 2014.08.15.13.40.21 2.82805 -3.74723 2.75521 0.0413141 2.52777 2.73276 0 VRAI 
