********** Fichier qui contient une sauvegarde des coordonnees images + coordonnees images transformees dans le repere BCAM (MOUNT) + coordonnees des prismes dans le repere MOUNT********** 
********************************************************************** Unite en metres (m)************************************************************************************************** 

*******************************************************************coordonnees images dans le repere CCD *********************************************************************************** 
20MABNDL000077_PR002
Spot 1 0.00233482 0.00163388
Spot 2 0.00239833 0.00162833
Spot 1 0.00233462 0.00163385
Spot 2 0.0024 0.00163
Spot 1 0.0023347 0.00163359
Spot 2 0.0024 0.00163
Spot 1 0.00233478 0.00163367
Spot 2 0.002395 0.001635
Spot 1 0.00233482 0.00163381
Spot 2 0.00239833 0.00163
Spot 1 0.00233493 0.00163398
Spot 2 0.0024 0.00163
Spot 1 0.00233469 0.00163407
Spot 2 0.0024 0.00163
20MABNDL000077_PR003
Spot 1 -1e-06 -1e-06
Spot 2 -1e-06 -1e-06
Spot 1 -1e-06 -1e-06
Spot 2 -1e-06 -1e-06
Spot 1 -1e-06 -1e-06
Spot 2 -1e-06 -1e-06
Spot 1 -1e-06 -1e-06
Spot 2 -1e-06 -1e-06
Spot 1 -1e-06 -1e-06
Spot 2 -1e-06 -1e-06
Spot 1 -1e-06 -1e-06
Spot 2 -1e-06 -1e-06
Spot 1 -1e-06 -1e-06
Spot 2 -1e-06 -1e-06
20MABNDL000077_20MABNDM000168
Spot 1 0.00233478 0.00163388
Spot 2 0.0024 0.00163
Spot 1 0.00233474 0.00163374
Spot 2 -1e-06 -1e-06
Spot 1 0.00233481 0.00163366
Spot 2 0.00240167 0.00163167
Spot 1 0.00233474 0.00163364
Spot 2 -1e-06 -1e-06
Spot 1 0.00233492 0.00163364
Spot 2 -1e-06 -1e-06
Spot 1 0.00233493 0.00163383
Spot 2 0.0024 0.00163
20MABNDM000020_PR013
Spot 1 0.00154909 0.00077264
Spot 2 -1e-06 -1e-06
Spot 1 0.00154926 0.0007735
Spot 2 -1e-06 -1e-06
Spot 1 0.0015492 0.00077267
Spot 2 -1e-06 -1e-06
Spot 1 0.00154908 0.00077263
Spot 2 -1e-06 -1e-06
Spot 1 0.00154923 0.00077281
Spot 2 -1e-06 -1e-06
Spot 1 0.00154933 0.00077291
Spot 2 -1e-06 -1e-06
20MABNDM000020_PR014
Spot 1 -1e-06 -1e-06
Spot 2 -1e-06 -1e-06
Spot 1 -1e-06 -1e-06
Spot 2 -1e-06 -1e-06
Spot 1 -1e-06 -1e-06
Spot 2 -1e-06 -1e-06
Spot 1 -1e-06 -1e-06
Spot 2 -1e-06 -1e-06
Spot 1 -1e-06 -1e-06
Spot 2 -1e-06 -1e-06
Spot 1 -1e-06 -1e-06
Spot 2 -1e-06 -1e-06
20MABNDM000020_20MABNDL000196
Spot 1 0.00154905 0.00077275
Spot 2 -1e-06 -1e-06
Spot 1 0.0015492 0.00077347
Spot 2 -1e-06 -1e-06
Spot 1 0.00154892 0.00077273
Spot 2 -1e-06 -1e-06
Spot 1 0.00154939 0.00077249
Spot 2 -1e-06 -1e-06
Spot 1 0.00154897 0.00077276
Spot 2 -1e-06 -1e-06
Spot 1 0.00154911 0.000773
Spot 2 -1e-06 -1e-06


****************************************************************coordonnees images transformees dans le repere MOUNT************************************************************************* 
20MABNDL000077_PR002
Spot 1 -0.0131745 0.0356909 -0.006954
Spot 2 -0.013238 0.0356847 -0.006954
Spot 1 -0.0131743 0.0356909 -0.006954
Spot 2 -0.0132397 0.0356864 -0.006954
Spot 1 -0.0131744 0.0356906 -0.006954
Spot 2 -0.0132397 0.0356864 -0.006954
Spot 1 -0.0131745 0.0356907 -0.006954
Spot 2 -0.0132347 0.0356914 -0.006954
Spot 1 -0.0131745 0.0356909 -0.006954
Spot 2 -0.013238 0.0356864 -0.006954
Spot 1 -0.0131746 0.035691 -0.006954
Spot 2 -0.0132397 0.0356864 -0.006954
Spot 1 -0.0131744 0.0356911 -0.006954
Spot 2 -0.0132397 0.0356864 -0.006954
20MABNDL000077_PR003
Spot 1 -0.0108221 0.03408 -0.006954
Spot 2 -0.0108221 0.03408 -0.006954
Spot 1 -0.0108221 0.03408 -0.006954
Spot 2 -0.0108221 0.03408 -0.006954
Spot 1 -0.0108221 0.03408 -0.006954
Spot 2 -0.0108221 0.03408 -0.006954
Spot 1 -0.0108221 0.03408 -0.006954
Spot 2 -0.0108221 0.03408 -0.006954
Spot 1 -0.0108221 0.03408 -0.006954
Spot 2 -0.0108221 0.03408 -0.006954
Spot 1 -0.0108221 0.03408 -0.006954
Spot 2 -0.0108221 0.03408 -0.006954
Spot 1 -0.0108221 0.03408 -0.006954
Spot 2 -0.0108221 0.03408 -0.006954
20MABNDL000077_20MABNDM000168
Spot 1 -0.0131745 0.0356909 -0.006954
Spot 2 -0.0132397 0.0356864 -0.006954
Spot 1 -0.0131745 0.0356908 -0.006954
Spot 2 -0.0108221 0.03408 -0.006954
Spot 1 -0.0131745 0.0356907 -0.006954
Spot 2 -0.0132414 0.035688 -0.006954
Spot 1 -0.0131745 0.0356907 -0.006954
Spot 2 -0.0108221 0.03408 -0.006954
Spot 1 -0.0131746 0.0356907 -0.006954
Spot 2 -0.0108221 0.03408 -0.006954
Spot 1 -0.0131746 0.0356909 -0.006954
Spot 2 -0.0132397 0.0356864 -0.006954
20MABNDM000020_PR013
Spot 1 0.0131371 -0.0347411 -0.075838
Spot 2 0.0146871 -0.0339673 -0.075838
Spot 1 0.013137 -0.034742 -0.075838
Spot 2 0.0146871 -0.0339673 -0.075838
Spot 1 0.013137 -0.0347412 -0.075838
Spot 2 0.0146871 -0.0339673 -0.075838
Spot 1 0.0131371 -0.0347411 -0.075838
Spot 2 0.0146871 -0.0339673 -0.075838
Spot 1 0.013137 -0.0347413 -0.075838
Spot 2 0.0146871 -0.0339673 -0.075838
Spot 1 0.0131369 -0.0347414 -0.075838
Spot 2 0.0146871 -0.0339673 -0.075838
20MABNDM000020_PR014
Spot 1 0.0146871 -0.0339673 -0.075838
Spot 2 0.0146871 -0.0339673 -0.075838
Spot 1 0.0146871 -0.0339673 -0.075838
Spot 2 0.0146871 -0.0339673 -0.075838
Spot 1 0.0146871 -0.0339673 -0.075838
Spot 2 0.0146871 -0.0339673 -0.075838
Spot 1 0.0146871 -0.0339673 -0.075838
Spot 2 0.0146871 -0.0339673 -0.075838
Spot 1 0.0146871 -0.0339673 -0.075838
Spot 2 0.0146871 -0.0339673 -0.075838
Spot 1 0.0146871 -0.0339673 -0.075838
Spot 2 0.0146871 -0.0339673 -0.075838
20MABNDM000020_20MABNDL000196
Spot 1 0.0131372 -0.0347413 -0.075838
Spot 2 0.0146871 -0.0339673 -0.075838
Spot 1 0.013137 -0.034742 -0.075838
Spot 2 0.0146871 -0.0339673 -0.075838
Spot 1 0.0131373 -0.0347412 -0.075838
Spot 2 0.0146871 -0.0339673 -0.075838
Spot 1 0.0131368 -0.034741 -0.075838
Spot 2 0.0146871 -0.0339673 -0.075838
Spot 1 0.0131373 -0.0347413 -0.075838
Spot 2 0.0146871 -0.0339673 -0.075838
Spot 1 0.0131371 -0.0347415 -0.075838
Spot 2 0.0146871 -0.0339673 -0.075838


*****************************************************************coordonnees du prisme dans le repere MOUNT********************************************************************************** 
20MABNDL000077_PR002
3.57816 -0.0206636 1.0124
3.56546 -0.0206416 0.97209
0.0259107 0.0149161 -3.74718
0.0132109 0.0149381 -3.7875
3.57817 -0.0207738 1.01238
3.56547 -0.0207518 0.972063
0.0259476 0.0148757 -3.74718
0.0132479 0.0148977 -3.7875
3.57817 -0.0207558 1.01238
3.56547 -0.0207338 0.972061
0.0259495 0.0148822 -3.74718
0.0132498 0.0149042 -3.7875
3.57814 -0.0211138 1.01246
3.56544 -0.0210918 0.972148
0.0258286 0.0147547 -3.74718
0.0131288 0.0147767 -3.7875
3.57816 -0.0207738 1.0124
3.56546 -0.0207518 0.972089
0.0259111 0.0148763 -3.74718
0.0132113 0.0148983 -3.7875
3.57817 -0.0207822 1.01237
3.56547 -0.0207602 0.972057
0.0259554 0.0148726 -3.74718
0.0132556 0.0148946 -3.7875
3.57817 -0.0207889 1.01238
3.56547 -0.0207669 0.972061
0.0259494 0.0148703 -3.74718
0.0132497 0.0148923 -3.7875


*****************************************************************coordonnees du prisme dans le repere ATLAS********************************************************************************** 
20MABNDL000077_PR002 0
2.87618 -0.163049 3.796
2.87612 -0.175699 3.75567
2.83481 -3.70941 -0.96793
2.83474 -3.72206 -1.00826
2.87629 -0.163043 3.79597
2.87623 -0.175693 3.75564
2.83485 -3.70938 -0.967929
2.83478 -3.72203 -1.00826
2.87628 -0.163042 3.79597
2.87621 -0.175692 3.75564
2.83484 -3.70938 -0.967929
2.83477 -3.72203 -1.00826
2.87663 -0.163073 3.79605
2.87657 -0.175723 3.75572
2.83497 -3.7095 -0.96793
2.8349 -3.72215 -1.00826
2.87629 -0.16305 3.796
2.87623 -0.175701 3.75567
2.83485 -3.70941 -0.96793
2.83478 -3.72206 -1.00826
2.8763 -0.163041 3.79596
2.87624 -0.175691 3.75563
2.83485 -3.70937 -0.967929
2.83478 -3.72202 -1.00826
2.87631 -0.163043 3.79597
2.87624 -0.175693 3.75564
2.83485 -3.70938 -0.967929
2.83479 -3.72203 -1.00826


*****************************************************************Rapport********************************************************************************** 
CAM-LBA-US_EBA-US-HO-H 2014.08.15.15.46.04 2.85556 -1.94255 1.39386 0.0207354 1.77319 2.38204 0 VRAI 
