********** Fichier qui contient une sauvegarde des coordonnees images + coordonnees images transformees dans le repere BCAM (MOUNT) + coordonnees des prismes dans le repere MOUNT********** 
********************************************************************** Unite en metres (m)************************************************************************************************** 

*******************************************************************coordonnees images dans le repere CCD *********************************************************************************** 
20MABNDA000188_PR008
Spot 1 0.002835 0.000125
Spot 2 0.000445 4.5e-05
Spot 1 0.002515 0.000405
Spot 2 0.002835 0.000125
Spot 1 0.002515 0.000405
Spot 2 0.002835 0.000125
Spot 1 0.002515 0.000405
Spot 2 0.002835 0.000125
Spot 1 0.002515 0.000405
Spot 2 0.002835 0.000125
20MABNDA000188_PR010
Spot 1 0.002455 4.5e-05
Spot 2 0.003365 0.000145
Spot 1 0.002455 4.5e-05
Spot 2 0.000445 4.5e-05
Spot 1 0.000445 4.5e-05
Spot 2 0.002455 4.5e-05
Spot 1 0.000445 4.5e-05
Spot 2 0.002455 4.5e-05
Spot 1 0.002455 4.5e-05
Spot 2 0.000445 4.5e-05
20MABNDA000039_PR009
Spot 1 0.000275 0.000245
Spot 2 0.003165 0.000345
Spot 1 0.000275 0.000245
Spot 2 0.003165 0.000345
Spot 1 0.000275 0.000245
Spot 2 0.000805 0.000265
Spot 1 0.000275 0.000245
Spot 2 0.003165 0.000345
Spot 1 0.000275 0.000245
Spot 2 0.003165 0.000345
20MABNDA000039_PR011
Spot 1 0.000805 0.000265
Spot 2 0.000815 0.000525
Spot 1 0.000805 0.000265
Spot 2 0.000845 0.000225
Spot 1 0.003165 0.000345
Spot 2 0.000815 0.000525
Spot 1 0.000805 0.000265
Spot 2 0.000845 0.000225
Spot 1 0.000805 0.000265
Spot 2 0.000815 0.000525
20MABNDB000155_PR020
Spot 1 0.001095 0.001395
Spot 2 0.001725 0.001475
Spot 1 0.001095 0.001395
Spot 2 0.001725 0.001475
Spot 1 0.001095 0.001395
Spot 2 0.001725 0.001475
Spot 1 0.001095 0.001395
Spot 2 0.001725 0.001475
Spot 1 0.001095 0.001395
Spot 2 0.001725 0.001475
20MABNDB000155_PR022
Spot 1 0.001725 0.000545
Spot 2 0.000255 0.000385
Spot 1 0.001725 0.000545
Spot 2 0.000255 0.000385
Spot 1 0.001725 0.000545
Spot 2 0.000255 0.000385
Spot 1 0.001725 0.000545
Spot 2 0.000255 0.000385
Spot 1 0.001725 0.000545
Spot 2 0.000255 0.000385
20MABNDB000010_PR021
Spot 1 0.00310243 0.00091964
Spot 2 0.0006083 0.00043617
Spot 1 0.003103 0.00091949
Spot 2 0.00060784 0.00043523
Spot 1 0.00310285 0.00091957
Spot 2 0.00060761 0.0004362
Spot 1 0.00310345 0.0009193
Spot 2 0.00060886 0.00043614
Spot 1 0.00310446 0.00091937
Spot 2 0.00060774 0.000435
20MABNDB000010_PR023
Spot 1 0.00235955 0.00088136
Spot 2 0.000615 5.5e-05
Spot 1 0.00237071 0.00088214
Spot 2 0.000615 5.5e-05
Spot 1 0.00236593 0.00088128
Spot 2 0.000615 5.5e-05
Spot 1 0.00235947 0.00087895
Spot 2 0.000615 5.5e-05
Spot 1 0.00235652 0.00087439
Spot 2 0.000615 5.5e-05


****************************************************************coordonnees images transformees dans le repere MOUNT************************************************************************* 
20MABNDA000188_PR008
Spot 1 -0.0138512 0.0139384 -0.07502
Spot 2 -0.0114606 0.0139979 -0.07502
Spot 1 -0.0135336 0.0136557 -0.07502
Spot 2 -0.0138512 0.0139384 -0.07502
Spot 1 -0.0135336 0.0136557 -0.07502
Spot 2 -0.0138512 0.0139384 -0.07502
Spot 1 -0.0135336 0.0136557 -0.07502
Spot 2 -0.0138512 0.0139384 -0.07502
Spot 1 -0.0135336 0.0136557 -0.07502
Spot 2 -0.0138512 0.0139384 -0.07502
20MABNDA000188_PR010
Spot 1 -0.0134705 0.0140152 -0.07502
Spot 2 -0.0143813 0.013923 -0.07502
Spot 1 -0.0134705 0.0140152 -0.07502
Spot 2 -0.0114606 0.0139979 -0.07502
Spot 1 -0.0114606 0.0139979 -0.07502
Spot 2 -0.0134705 0.0140152 -0.07502
Spot 1 -0.0114606 0.0139979 -0.07502
Spot 2 -0.0134705 0.0140152 -0.07502
Spot 1 -0.0134705 0.0140152 -0.07502
Spot 2 -0.0114606 0.0139979 -0.07502
20MABNDA000039_PR009
Spot 1 -0.0112331 0.0139974 -0.074448
Spot 2 -0.0141235 0.0139099 -0.074448
Spot 1 -0.0112331 0.0139974 -0.074448
Spot 2 -0.0141235 0.0139099 -0.074448
Spot 1 -0.0112331 0.0139974 -0.074448
Spot 2 -0.0117632 0.0139797 -0.074448
Spot 1 -0.0112331 0.0139974 -0.074448
Spot 2 -0.0141235 0.0139099 -0.074448
Spot 1 -0.0112331 0.0139974 -0.074448
Spot 2 -0.0141235 0.0139099 -0.074448
20MABNDA000039_PR011
Spot 1 -0.0117632 0.0139797 -0.074448
Spot 2 -0.0117743 0.0137198 -0.074448
Spot 1 -0.0117632 0.0139797 -0.074448
Spot 2 -0.011803 0.0140199 -0.074448
Spot 1 -0.0141235 0.0139099 -0.074448
Spot 2 -0.0117743 0.0137198 -0.074448
Spot 1 -0.0117632 0.0139797 -0.074448
Spot 2 -0.011803 0.0140199 -0.074448
Spot 1 -0.0117632 0.0139797 -0.074448
Spot 2 -0.0117743 0.0137198 -0.074448
20MABNDB000155_PR020
Spot 1 -0.0131748 -0.0128559 -0.075017
Spot 2 -0.012546 -0.0127673 -0.075017
Spot 1 -0.0131748 -0.0128559 -0.075017
Spot 2 -0.012546 -0.0127673 -0.075017
Spot 1 -0.0131748 -0.0128559 -0.075017
Spot 2 -0.012546 -0.0127673 -0.075017
Spot 1 -0.0131748 -0.0128559 -0.075017
Spot 2 -0.012546 -0.0127673 -0.075017
Spot 1 -0.0131748 -0.0128559 -0.075017
Spot 2 -0.012546 -0.0127673 -0.075017
20MABNDB000155_PR022
Spot 1 -0.0125333 -0.0136972 -0.075017
Spot 2 -0.0140009 -0.0138773 -0.075017
Spot 1 -0.0125333 -0.0136972 -0.075017
Spot 2 -0.0140009 -0.0138773 -0.075017
Spot 1 -0.0125333 -0.0136972 -0.075017
Spot 2 -0.0140009 -0.0138773 -0.075017
Spot 1 -0.0125333 -0.0136972 -0.075017
Spot 2 -0.0140009 -0.0138773 -0.075017
Spot 1 -0.0125333 -0.0136972 -0.075017
Spot 2 -0.0140009 -0.0138773 -0.075017
20MABNDB000010_PR021
Spot 1 -0.0113447 -0.0131549 -0.073582
Spot 2 -0.0138302 -0.0136805 -0.073582
Spot 1 -0.0113441 -0.013155 -0.073582
Spot 2 -0.0138307 -0.0136815 -0.073582
Spot 1 -0.0113442 -0.0131549 -0.073582
Spot 2 -0.0138309 -0.0136805 -0.073582
Spot 1 -0.0113436 -0.0131552 -0.073582
Spot 2 -0.0138297 -0.0136806 -0.073582
Spot 1 -0.0113426 -0.0131551 -0.073582
Spot 2 -0.0138308 -0.0136817 -0.073582
20MABNDB000010_PR023
Spot 1 -0.0120868 -0.0132057 -0.073582
Spot 2 -0.0138171 -0.0140615 -0.073582
Spot 1 -0.0120756 -0.0132048 -0.073582
Spot 2 -0.0138171 -0.0140615 -0.073582
Spot 1 -0.0120804 -0.0132057 -0.073582
Spot 2 -0.0138171 -0.0140615 -0.073582
Spot 1 -0.0120868 -0.0132081 -0.073582
Spot 2 -0.0138171 -0.0140615 -0.073582
Spot 1 -0.0120897 -0.0132128 -0.073582
Spot 2 -0.0138171 -0.0140615 -0.073582


*****************************************************************coordonnees du prisme dans le repere MOUNT********************************************************************************** 
20MABNDA000188_PR008
-0.0177433 -0.0984125 9.20438
0.10951 -0.0773952 9.20381
0.10951 -0.0773952 9.20381
0.10951 -0.0773952 9.20381
0.10951 -0.0773952 9.20381
20MABNDA000188_PR010
0.00836155 -0.00248129 1.28456
-0.0166601 -0.00312571 1.28472
-0.0166603 -0.00312571 1.28472
-0.0166603 -0.00312571 1.28472
-0.0166601 -0.00312571 1.28472
20MABNDA000039_PR009
-0.0138136 -0.106344 11.1477
-0.0138136 -0.106344 11.1477
-0.188608 -0.111497 11.1462
-0.0138136 -0.106344 11.1477
-0.0138136 -0.106344 11.1477
20MABNDA000039_PR011
-0.0545193 -0.0189084 3.43355
-0.0538638 -0.0257535 3.43349
-0.000679319 -0.0173187 3.4338
-0.0538638 -0.0257535 3.43349
-0.0545193 -0.0189084 3.43355
20MABNDB000155_PR020
0.00962854 -0.0479261 9.20091
0.00962854 -0.0479261 9.20091
0.00962854 -0.0479261 9.20091
0.00962854 -0.0479261 9.20091
0.00962854 -0.0479261 9.20091
20MABNDB000155_PR022
-0.00259655 -0.00129433 1.28069
-0.00259655 -0.00129433 1.28069
-0.00259655 -0.00129433 1.28069
-0.00259655 -0.00129433 1.28069
-0.00259655 -0.00129433 1.28069
20MABNDB000010_PR021
-0.0244947 0.039588 11.1482
-0.0245042 0.0396689 11.1482
-0.0244747 0.0395912 11.1482
-0.0246128 0.0396135 11.1482
-0.024606 0.0396932 11.1482
20MABNDB000010_PR023
0.000418727 0.0130397 3.43385
0.000163165 0.0130175 3.43385
0.000272419 0.0130391 3.43385
0.000419621 0.013095 3.43385
0.00048548 0.0132007 3.43385


*****************************************************************coordonnees du prisme dans le repere ATLAS********************************************************************************** 
20MABNDA000188_PR008 0
3.44513 3.84866 8.00469
3.57238 3.84937 7.98366
3.57238 3.84937 7.98366
3.57238 3.84937 7.98366
3.57238 3.84937 7.98366
20MABNDA000188_PR010 0
3.55175 -4.07051 7.91076
3.52673 -4.0706 7.91141
3.52673 -4.0706 7.91141
3.52673 -4.0706 7.91141
3.52673 -4.0706 7.91141
20MABNDA000039_PR009 0
3.71817 3.78835 12.8049
3.71817 3.78835 12.8049
3.89296 3.78669 12.7998
3.71817 3.78835 12.8049
3.71817 3.78835 12.8049
20MABNDA000039_PR011 0
3.74954 -3.92583 12.8899
3.74889 -3.92589 12.8831
3.6957 -3.92552 12.8915
3.74889 -3.92589 12.8831
3.74954 -3.92583 12.8899
20MABNDB000155_PR020 0
-3.58826 3.84965 7.85902
-3.58826 3.84965 7.85902
-3.58826 3.84965 7.85902
-3.58826 3.84965 7.85902
-3.58826 3.84965 7.85902
20MABNDB000155_PR022 0
-3.55739 -4.07051 7.90676
-3.55739 -4.07051 7.90676
-3.55739 -4.07051 7.90676
-3.55739 -4.07051 7.90676
-3.55739 -4.07051 7.90676
20MABNDB000010_PR021 0
-3.7112 3.78882 12.8627
-3.71121 3.78881 12.8626
-3.71118 3.78882 12.8627
-3.71132 3.78881 12.8627
-3.71132 3.78881 12.8626
20MABNDB000010_PR023 0
-3.68959 -3.92552 12.8924
-3.68985 -3.92552 12.8924
-3.68974 -3.92552 12.8924
-3.68959 -3.92553 12.8923
-3.68953 -3.92553 12.8922


*****************************************************************Rapport********************************************************************************** 
CAM-ECTA-US-IP_ECTA-US-IP-T 2014.08.15.10.27.20 3.54693 3.84923 7.98786 0.0509001 0.000283909 0.00841236 0 VRAI 
CAM-ECTA-US-IP_ECTA-US-IP 2014.08.15.10.27.20 3.53173 -4.07059 7.91128 0.0100088 3.83377e-05 0.000258827 0 VRAI 
CAM-ECTA-US-HO_ECTA-US-HO-T 2014.08.15.10.27.20 3.75313 3.78802 12.8039 0.0699173 0.000662231 0.00205421 0 VRAI 
CAM-ECTA-US-HO_ECTA-US-HO 2014.08.15.10.27.20 3.73851 -3.92579 12.8875 0.021407 0.000139959 0.00365781 0 VRAI 
CAM-ECTA-USA-IP_ECTA-USA-IP-T 2014.08.15.10.27.20 -3.58826 3.84965 7.85902 0 0 0 0 VRAI 
CAM-ECTA-USA-IP_ECTA-USA-IP 2014.08.15.10.27.20 -3.55739 -4.07051 7.90676 0 0 0 0 VRAI 
CAM-ECTA-USA-HO_ECTA-USA-HO-T 2014.08.15.10.27.20 -3.71125 3.78881 12.8627 5.87135e-05 4.37028e-07 4.24255e-05 0 VRAI 
CAM-ECTA-USA-HO_ECTA-USA-HO 2014.08.15.10.27.20 -3.68966 -3.92552 12.8923 0.000117276 1.01825e-06 6.63653e-05 0 VRAI 
