********** Fichier qui contient une sauvegarde des coordonnees images + coordonnees images transformees dans le repere BCAM (MOUNT) + coordonnees des prismes dans le repere MOUNT********** 
********************************************************************** Unite en metres (m)************************************************************************************************** 

*******************************************************************coordonnees images dans le repere CCD *********************************************************************************** 
20MABNDA000196_PR006
Spot 1   0.00199544   0.00073040
Spot 2   0.00162471   0.00072644
Spot 1   0.00199544   0.00073051
Spot 2   0.00162457   0.00072663
Spot 1   0.00199531   0.00073059
Spot 2   0.00162452   0.00072644
Spot 1   0.00199513   0.00073066
Spot 2   0.00162451   0.00072675
Spot 1   0.00199513   0.00073066
Spot 2   0.00162457   0.00072661
Spot 1   0.00199530   0.00073057
Spot 2   0.00162447   0.00072663
Spot 1   0.00199510   0.00073064
Spot 2   0.00162447   0.00072677
Spot 1   0.00199507   0.00073068
Spot 2   0.00162438   0.00072673
Spot 1   0.00199534   0.00073073
Spot 2   0.00162438   0.00072667
Spot 1   0.00199520   0.00073059
Spot 2   0.00162447   0.00072673
Spot 1   0.00199527   0.00073069
Spot 2   0.00162442   0.00072663
Spot 1   0.00199524   0.00073071
Spot 2   0.00162437   0.00072674
20MABNDA000324_PR007
Spot 1   0.00195326   0.00122122
Spot 2   0.00174563   0.00122709
Spot 1   0.00195315   0.00122138
Spot 2   0.00174575   0.00122715
Spot 1   0.00195323   0.00122111
Spot 2   0.00174561   0.00122715
Spot 1   0.00195328   0.00122128
Spot 2   0.00174556   0.00122691
Spot 1   0.00195333   0.00122133
Spot 2   0.00174574   0.00122714
Spot 1   0.00195340   0.00122111
Spot 2   0.00174585   0.00122722
Spot 1   0.00195328   0.00122130
Spot 2   0.00174552   0.00122697
Spot 1   0.00195331   0.00122120
Spot 2   0.00174584   0.00122719
Spot 1   0.00195344   0.00122132
Spot 2   0.00174566   0.00122716
Spot 1   0.00195333   0.00122125
Spot 2   0.00174575   0.00122712
Spot 1   0.00195325   0.00122116
Spot 2   0.00174560   0.00122713
20MABNDB000001_PR017
Spot 1   0.00187236   0.00049138
Spot 2   0.00224292   0.00050047
Spot 1   0.00187241   0.00049153
Spot 2   0.00224304   0.00050041
Spot 1   0.00187239   0.00049137
Spot 2   0.00224303   0.00050034
Spot 1   0.00187228   0.00049147
Spot 2   0.00224313   0.00050036
Spot 1   0.00187237   0.00049149
Spot 2   0.00224303   0.00050038
Spot 1   0.00187229   0.00049146
Spot 2   0.00224321   0.00050041
Spot 1   0.00187243   0.00049147
Spot 2   0.00224316   0.00050046
Spot 1   0.00187243   0.00049154
Spot 2   0.00224301   0.00050044
Spot 1   0.00187234   0.00049158
Spot 2   0.00224308   0.00050043
Spot 1   0.00187243   0.00049149
Spot 2   0.00224293   0.00050042
Spot 1   0.00187238   0.00049143
Spot 2   0.00224307   0.00050051
20MABNDB000260_PR019
Spot 1   0.00192364   0.00148294
Spot 2   0.00212820   0.00148260
Spot 1   0.00192371   0.00148280
Spot 2   0.00212810   0.00148259
Spot 1   0.00192382   0.00148279
Spot 2   0.00212821   0.00148286
Spot 1   0.00192352   0.00148298
Spot 2   0.00212780   0.00148220
Spot 1   0.00192381   0.00148282
Spot 2   0.00212820   0.00148260
Spot 1   0.00192388   0.00148288
Spot 2   0.00212808   0.00148269
Spot 1   0.00192373   0.00148299
Spot 2   0.00212780   0.00148180
Spot 1   0.00192377   0.00148305
Spot 2   0.00212796   0.00148241
Spot 1   0.00192359   0.00148282
Spot 2   0.00212759   0.00148241
Spot 1   0.00192367   0.00148283
Spot 2   0.00212870   0.00148241
Spot 1   0.00192362   0.00148277
Spot 2   0.00212846   0.00148269


****************************************************************coordonnees images transformees dans le repere MOUNT************************************************************************* 
20MABNDA000196_PR006
Spot 1  -0.01295016   0.01324795  -0.07967100
Spot 2  -0.01257941   0.01324714  -0.07967100
Spot 1  -0.01295016   0.01324784  -0.07967100
Spot 2  -0.01257927   0.01324695  -0.07967100
Spot 1  -0.01295003   0.01324775  -0.07967100
Spot 2  -0.01257922   0.01324714  -0.07967100
Spot 1  -0.01294985   0.01324768  -0.07967100
Spot 2  -0.01257921   0.01324683  -0.07967100
Spot 1  -0.01294985   0.01324768  -0.07967100
Spot 2  -0.01257927   0.01324697  -0.07967100
Spot 1  -0.01295002   0.01324777  -0.07967100
Spot 2  -0.01257917   0.01324695  -0.07967100
Spot 1  -0.01294982   0.01324770  -0.07967100
Spot 2  -0.01257917   0.01324681  -0.07967100
Spot 1  -0.01294979   0.01324766  -0.07967100
Spot 2  -0.01257908   0.01324685  -0.07967100
Spot 1  -0.01295006   0.01324761  -0.07967100
Spot 2  -0.01257908   0.01324691  -0.07967100
Spot 1  -0.01294992   0.01324775  -0.07967100
Spot 2  -0.01257917   0.01324685  -0.07967100
Spot 1  -0.01294999   0.01324765  -0.07967100
Spot 2  -0.01257912   0.01324695  -0.07967100
Spot 1  -0.01294996   0.01324763  -0.07967100
Spot 2  -0.01257907   0.01324684  -0.07967100
20MABNDA000324_PR007
Spot 1  -0.01255890   0.01280031  -0.07446800
Spot 2  -0.01235123   0.01279606  -0.07446800
Spot 1  -0.01255879   0.01280015  -0.07446800
Spot 2  -0.01235135   0.01279600  -0.07446800
Spot 1  -0.01255887   0.01280042  -0.07446800
Spot 2  -0.01235121   0.01279600  -0.07446800
Spot 1  -0.01255892   0.01280025  -0.07446800
Spot 2  -0.01235116   0.01279624  -0.07446800
Spot 1  -0.01255897   0.01280020  -0.07446800
Spot 2  -0.01235134   0.01279601  -0.07446800
Spot 1  -0.01255904   0.01280042  -0.07446800
Spot 2  -0.01235145   0.01279593  -0.07446800
Spot 1  -0.01255892   0.01280023  -0.07446800
Spot 2  -0.01235112   0.01279618  -0.07446800
Spot 1  -0.01255895   0.01280033  -0.07446800
Spot 2  -0.01235144   0.01279596  -0.07446800
Spot 1  -0.01255908   0.01280021  -0.07446800
Spot 2  -0.01235126   0.01279599  -0.07446800
Spot 1  -0.01255897   0.01280028  -0.07446800
Spot 2  -0.01235135   0.01279603  -0.07446800
Spot 1  -0.01255889   0.01280037  -0.07446800
Spot 2  -0.01235120   0.01279602  -0.07446800
20MABNDB000001_PR017
Spot 1  -0.01231544  -0.01349799  -0.07418400
Spot 2  -0.01194481  -0.01349283  -0.07418400
Spot 1  -0.01231539  -0.01349784  -0.07418400
Spot 2  -0.01194469  -0.01349289  -0.07418400
Spot 1  -0.01231541  -0.01349800  -0.07418400
Spot 2  -0.01194470  -0.01349296  -0.07418400
Spot 1  -0.01231552  -0.01349790  -0.07418400
Spot 2  -0.01194460  -0.01349294  -0.07418400
Spot 1  -0.01231543  -0.01349788  -0.07418400
Spot 2  -0.01194470  -0.01349292  -0.07418400
Spot 1  -0.01231551  -0.01349791  -0.07418400
Spot 2  -0.01194452  -0.01349289  -0.07418400
Spot 1  -0.01231537  -0.01349790  -0.07418400
Spot 2  -0.01194457  -0.01349284  -0.07418400
Spot 1  -0.01231537  -0.01349783  -0.07418400
Spot 2  -0.01194472  -0.01349286  -0.07418400
Spot 1  -0.01231546  -0.01349779  -0.07418400
Spot 2  -0.01194465  -0.01349287  -0.07418400
Spot 1  -0.01231537  -0.01349788  -0.07418400
Spot 2  -0.01194480  -0.01349288  -0.07418400
Spot 1  -0.01231542  -0.01349794  -0.07418400
Spot 2  -0.01194466  -0.01349279  -0.07418400
20MABNDB000260_PR019
Spot 1  -0.01240730  -0.01241958  -0.07492700
Spot 2  -0.01220277  -0.01241572  -0.07492700
Spot 1  -0.01240722  -0.01241971  -0.07492700
Spot 2  -0.01220287  -0.01241573  -0.07492700
Spot 1  -0.01240711  -0.01241972  -0.07492700
Spot 2  -0.01220277  -0.01241546  -0.07492700
Spot 1  -0.01240742  -0.01241954  -0.07492700
Spot 2  -0.01220316  -0.01241613  -0.07492700
Spot 1  -0.01240712  -0.01241969  -0.07492700
Spot 2  -0.01220277  -0.01241572  -0.07492700
Spot 1  -0.01240705  -0.01241963  -0.07492700
Spot 2  -0.01220289  -0.01241563  -0.07492700
Spot 1  -0.01240721  -0.01241952  -0.07492700
Spot 2  -0.01220315  -0.01241653  -0.07492700
Spot 1  -0.01240717  -0.01241946  -0.07492700
Spot 2  -0.01220301  -0.01241592  -0.07492700
Spot 1  -0.01240734  -0.01241970  -0.07492700
Spot 2  -0.01220338  -0.01241593  -0.07492700
Spot 1  -0.01240726  -0.01241969  -0.07492700
Spot 2  -0.01220227  -0.01241590  -0.07492700
Spot 1  -0.01240731  -0.01241975  -0.07492700
Spot 2  -0.01220251  -0.01241563  -0.07492700


*****************************************************************coordonnees du prisme dans le repere MOUNT********************************************************************************** 
20MABNDA000196_PR006
 -0.01024868   0.00993782   1.64206374
 -0.01025016   0.00994111   1.64206386
 -0.01025215   0.00993993   1.64206386
 -0.01025416   0.00994411   1.64206386
 -0.01025353   0.00994258   1.64206386
 -0.01025278   0.00994180   1.64206386
 -0.01025493   0.00994412   1.64206386
 -0.01025624   0.00994413   1.64206386
 -0.01025330   0.00994399   1.64206386
 -0.01025385   0.00994313   1.64206386
 -0.01025364   0.00994312   1.64206386
 -0.01025449   0.00994455   1.64206386
20MABNDA000324_PR007
 -0.02508524   0.02821423   2.95549083
 -0.02508507   0.02821856   2.95549083
 -0.02508621   0.02821325   2.95549083
 -0.02508621   0.02821187   2.95549083
 -0.02508174   0.02821741   2.95549083
 -0.02507816   0.02821467   2.95549083
 -0.02508700   0.02821343   2.95549083
 -0.02508014   0.02821585   2.95549083
 -0.02508113   0.02821761   2.95549083
 -0.02508152   0.02821544   2.95549083
 -0.02508602   0.02821383   2.95549083
20MABNDB000001_PR017
 -0.02385652  -0.00399270   1.64036846
 -0.02385838  -0.00399367   1.64036846
 -0.02385802  -0.00399116   1.64036846
 -0.02385793  -0.00399247   1.64036846
 -0.02385783  -0.00399291   1.64036846
 -0.02385892  -0.00399290   1.64036846
 -0.02385991  -0.00399354   1.64036846
 -0.02385828  -0.00399410   1.64036846
 -0.02385806  -0.00399443   1.64036846
 -0.02385739  -0.00399334   1.64036846
 -0.02385838  -0.00399367   1.64036846
20MABNDB000260_PR019
 -0.02444367  -0.03757067   2.95628119
 -0.02444316  -0.03756771   2.95628119
 -0.02444737  -0.03757290   2.95628119
 -0.02443360  -0.03756336   2.95628119
 -0.02444708  -0.03756837   2.95628119
 -0.02444603  -0.03757131   2.95628119
 -0.02443789  -0.03755577   2.95628119
 -0.02444156  -0.03756903   2.95628119
 -0.02443081  -0.03756428   2.95628119
 -0.02445423  -0.03756498   2.95628119
 -0.02444845  -0.03756918   2.95628119


*****************************************************************coordonnees du prisme dans le repere ATLAS********************************************************************************** 
20MABNDA000196_PR006 0.00000000
  2.58470869  -4.19496489   6.54789019
  2.58471036  -4.19496489   6.54789352
  2.58471227  -4.19496489   6.54789257
  2.58471417  -4.19496489   6.54789686
  2.58471370  -4.19496489   6.54789495
  2.58471298  -4.19496489   6.54789448
  2.58471513  -4.19496489   6.54789686
  2.58471632  -4.19496489   6.54789686
  2.58471346  -4.19496489   6.54789639
  2.58471394  -4.19496489   6.54789591
  2.58471370  -4.19496489   6.54789591
  2.58471465  -4.19496489   6.54789734
20MABNDA000324_PR007 0.00000000
  2.59423256  -4.13996744   6.94769859
  2.59423256  -4.13996744   6.94769430
  2.59423137  -4.13996744   6.94769955
  2.59423137  -4.13996744   6.94770098
  2.59423590  -4.13996744   6.94769573
  2.59423947  -4.13996744   6.94769812
  2.59423065  -4.13996744   6.94769955
  2.59423757  -4.13996744   6.94769716
  2.59423661  -4.13996744   6.94769526
  2.59423614  -4.13996744   6.94769764
  2.59423161  -4.13996744   6.94769907
20MABNDB000001_PR017 0.00000000
 -2.59756160  -4.19504595   6.53931427
 -2.59756351  -4.19504595   6.53931522
 -2.59756303  -4.19504595   6.53931284
 -2.59756303  -4.19504595   6.53931427
 -2.59756303  -4.19504595   6.53931475
 -2.59756398  -4.19504595   6.53931475
 -2.59756494  -4.19504595   6.53931522
 -2.59756327  -4.19504595   6.53931570
 -2.59756327  -4.19504595   6.53931618
 -2.59756255  -4.19504595   6.53931522
 -2.59756351  -4.19504595   6.53931522
20MABNDB000260_PR019 0.00000000
 -2.60431170  -4.13995361   6.94307470
 -2.60431218  -4.13995361   6.94307756
 -2.60430789  -4.13995361   6.94307232
 -2.60432172  -4.13995361   6.94308186
 -2.60430813  -4.13995361   6.94307709
 -2.60430932  -4.13995361   6.94307423
 -2.60431743  -4.13995361   6.94308949
 -2.60431385  -4.13995361   6.94307661
 -2.60432458  -4.13995361   6.94308138
 -2.60430098  -4.13995361   6.94308043
 -2.60430694  -4.13995361   6.94307613


*****************************************************************Rapport********************************************************************************** 
CAM-JDA-US-IP_JDA-US-IP     2014.09.03.17.25.58   2.58471328  -4.19496489   6.54789515   0.00000198   0.00000000   0.00000206 0.00000000 VRAI 
CAM-JDA-US-HO_JDA-US-HO     2014.09.03.17.25.58   2.59423416  -4.13996744   6.94769781   0.00000290   0.00000000   0.00000195 0.00000000 VRAI 
CAM-JDA-USA-IP_JDA-USA-IP   2014.09.03.17.25.58  -2.59756325  -4.19504595   6.53931488   0.00000079   0.00000000   0.00000084 0.00000000 VRAI 
CAM-JDA-USA-HO_JDA-USA-HO   2014.09.03.17.25.58  -2.60431225  -4.13995361   6.94307834   0.00000655   0.00000000   0.00000454 0.00000000 VRAI 
