********** Fichier qui contient une sauvegarde des coordonnees images + coordonnees images transformees dans le repere BCAM (MOUNT) + coordonnees des prismes dans le repere MOUNT********** 
********************************************************************** Unite en metres (m)************************************************************************************************** 

*******************************************************************coordonnees images dans le repere CCD *********************************************************************************** 
20MABNDB000135_PR027
Spot 1 0.00185482 0.00124704
Spot 2 0.00209309 0.00124902
Spot 1 0.00185496 0.00124695
Spot 2 0.00209323 0.00124921
Spot 1 0.00185489 0.00124711
Spot 2 0.00209327 0.00124904
Spot 1 0.00185504 0.00124703
Spot 2 0.00209319 0.00124905
Spot 1 0.00185486 0.00124706
Spot 2 0.00209323 0.00124911
Spot 1 0.00185486 0.00124704
Spot 2 0.00209329 0.00124905
Spot 1 0.00185475 0.00124704
Spot 2 0.00209329 0.00124914
Spot 1 0.00185489 0.00124707
Spot 2 0.0020932 0.00124913
Spot 1 0.00185482 0.0012471
Spot 2 0.00209338 0.00124919
20MABNDB000126_PR028
Spot 1 0.00184792 0.00140839
Spot 2 0.0015322 0.0014071
Spot 1 0.0018479 0.00140833
Spot 2 0.0015322 0.00140696
Spot 1 0.00184794 0.00140829
Spot 2 0.00153231 0.00140716
Spot 1 0.0018479 0.00140835
Spot 2 0.00153232 0.00140712
Spot 1 0.00184785 0.00140846
Spot 2 0.00153229 0.00140713
Spot 1 0.0018479 0.00140839
Spot 2 0.00153234 0.00140716
Spot 1 0.00184793 0.00140838
Spot 2 0.00153229 0.00140713
Spot 1 0.00184796 0.00140833
Spot 2 0.00153227 0.00140717
20MABNDA000272_PR038
Spot 1 0.00203381 0.00138649
Spot 2 0.00179162 0.00138476
Spot 1 0.00203387 0.00138659
Spot 2 0.00179155 0.00138481
Spot 1 0.00203388 0.00138651
Spot 2 0.0017917 0.00138486
Spot 1 0.0020338 0.00138659
Spot 2 0.0017916 0.00138476
Spot 1 0.00203373 0.00138667
Spot 2 0.00179162 0.00138486
Spot 1 0.00203375 0.00138649
Spot 2 0.00179155 0.0013849
Spot 1 0.00203384 0.00138666
Spot 2 0.00179149 0.00138486
Spot 1 0.00203391 0.00138652
Spot 2 0.00179155 0.00138485
20MABNDA000003_PR039
Spot 1 0.00211596 0.00112574
Spot 2 0.0018025 0.00112747
Spot 1 0.00211593 0.00112576
Spot 2 0.00180253 0.0011275
Spot 1 0.00211589 0.00112578
Spot 2 0.00180239 0.00112737
Spot 1 0.00211598 0.00112576
Spot 2 0.00180248 0.00112739
Spot 1 0.00211595 0.00112572
Spot 2 0.00180245 0.00112742
Spot 1 0.00211591 0.00112575
Spot 2 0.00180244 0.00112746
Spot 1 0.00211596 0.00112577
Spot 2 0.00180242 0.00112738
Spot 1 0.00211591 0.00112578
Spot 2 0.00180246 0.00112746


****************************************************************coordonnees images transformees dans le repere MOUNT************************************************************************* 
20MABNDB000135_PR027
Spot 1 -0.0125462 -0.0128656 -0.074647
Spot 2 -0.0123079 -0.0128663 -0.074647
Spot 1 -0.012546 -0.0128657 -0.074647
Spot 2 -0.0123077 -0.0128661 -0.074647
Spot 1 -0.0125461 -0.0128655 -0.074647
Spot 2 -0.0123077 -0.0128663 -0.074647
Spot 1 -0.0125459 -0.0128656 -0.074647
Spot 2 -0.0123078 -0.0128662 -0.074647
Spot 1 -0.0125461 -0.0128656 -0.074647
Spot 2 -0.0123077 -0.0128662 -0.074647
Spot 1 -0.0125461 -0.0128656 -0.074647
Spot 2 -0.0123077 -0.0128662 -0.074647
Spot 1 -0.0125462 -0.0128656 -0.074647
Spot 2 -0.0123077 -0.0128662 -0.074647
Spot 1 -0.0125461 -0.0128656 -0.074647
Spot 2 -0.0123078 -0.0128662 -0.074647
Spot 1 -0.0125462 -0.0128655 -0.074647
Spot 2 -0.0123076 -0.0128661 -0.074647
20MABNDB000126_PR028
Spot 1 -0.0123284 -0.0127727 -0.075004
Spot 2 -0.0126441 -0.0127757 -0.075004
Spot 1 -0.0123284 -0.0127727 -0.075004
Spot 2 -0.0126441 -0.0127758 -0.075004
Spot 1 -0.0123284 -0.0127728 -0.075004
Spot 2 -0.012644 -0.0127756 -0.075004
Spot 1 -0.0123284 -0.0127727 -0.075004
Spot 2 -0.012644 -0.0127756 -0.075004
Spot 1 -0.0123285 -0.0127726 -0.075004
Spot 2 -0.012644 -0.0127756 -0.075004
Spot 1 -0.0123284 -0.0127727 -0.075004
Spot 2 -0.012644 -0.0127756 -0.075004
Spot 1 -0.0123284 -0.0127727 -0.075004
Spot 2 -0.012644 -0.0127756 -0.075004
Spot 1 -0.0123284 -0.0127727 -0.075004
Spot 2 -0.012644 -0.0127756 -0.075004
20MABNDA000272_PR038
Spot 1 -0.0128702 0.0127252 -0.074179
Spot 2 -0.012628 0.0127265 -0.074179
Spot 1 -0.0128703 0.0127251 -0.074179
Spot 2 -0.012628 0.0127264 -0.074179
Spot 1 -0.0128703 0.0127252 -0.074179
Spot 2 -0.0126281 0.0127264 -0.074179
Spot 1 -0.0128702 0.0127251 -0.074179
Spot 2 -0.012628 0.0127265 -0.074179
Spot 1 -0.0128702 0.012725 -0.074179
Spot 2 -0.012628 0.0127264 -0.074179
Spot 1 -0.0128702 0.0127252 -0.074179
Spot 2 -0.012628 0.0127263 -0.074179
Spot 1 -0.0128703 0.012725 -0.074179
Spot 2 -0.0126279 0.0127264 -0.074179
Spot 1 -0.0128703 0.0127251 -0.074179
Spot 2 -0.012628 0.0127264 -0.074179
20MABNDA000003_PR039
Spot 1 -0.012915 0.0129268 -0.073734
Spot 2 -0.0126016 0.0129243 -0.073734
Spot 1 -0.012915 0.0129268 -0.073734
Spot 2 -0.0126016 0.0129243 -0.073734
Spot 1 -0.0129149 0.0129268 -0.073734
Spot 2 -0.0126014 0.0129244 -0.073734
Spot 1 -0.012915 0.0129268 -0.073734
Spot 2 -0.0126015 0.0129244 -0.073734
Spot 1 -0.012915 0.0129268 -0.073734
Spot 2 -0.0126015 0.0129243 -0.073734
Spot 1 -0.012915 0.0129268 -0.073734
Spot 2 -0.0126015 0.0129243 -0.073734
Spot 1 -0.012915 0.0129268 -0.073734
Spot 2 -0.0126015 0.0129244 -0.073734
Spot 1 -0.012915 0.0129268 -0.073734
Spot 2 -0.0126015 0.0129243 -0.073734


*****************************************************************coordonnees du prisme dans le repere MOUNT********************************************************************************** 
20MABNDB000135_PR027 0
-0.0201798 -0.0220063 2.74936
-0.020185 -0.0220081 2.74936
-0.0201845 -0.0220079 2.74936
-0.0201857 -0.0220066 2.74936
-0.0201832 -0.0220083 2.74936
-0.0201843 -0.0220068 2.74936
-0.0201823 -0.0220085 2.74936
-0.0201832 -0.0220088 2.74936
-0.0201852 -0.0220105 2.74936
20MABNDB000126_PR028 0
-0.0176993 -0.0217818 2.14694
-0.017699 -0.0217789 2.14694
-0.0177011 -0.0217812 2.14694
-0.0177007 -0.0217815 2.14694
-0.0176995 -0.0217832 2.14694
-0.017701 -0.0217826 2.14694
-0.0177007 -0.0217821 2.14694
-0.0177008 -0.0217819 2.14694
20MABNDA000272_PR038 0
-0.00952308 0.0267296 2.74962
-0.00952327 0.0267324 2.74962
-0.00952034 0.0267318 2.74962
-0.00952363 0.0267314 2.74962
-0.00952455 0.0267347 2.74962
-0.00952547 0.0267322 2.74962
-0.00952491 0.0267346 2.74962
-0.00952254 0.0267318 2.74962
20MABNDA000003_PR039 0
-0.0111545 0.0183887 2.1491
-0.0111545 0.0183894 2.1491
-0.011157 0.0183878 2.1491
-0.0111545 0.0183878 2.1491
-0.0111553 0.0183877 2.1491
-0.011156 0.0183887 2.1491
-0.0111556 0.0183878 2.1491
-0.0111558 0.0183891 2.1491


*****************************************************************coordonnees du prisme dans le repere ATLAS********************************************************************************** 
20MABNDB000135_PR027 0
2.60132 -4.19783 -3.81196
2.60132 -4.19783 -3.81196
2.60132 -4.19783 -3.81196
2.60131 -4.19783 -3.81196
2.60132 -4.19783 -3.81196
2.60132 -4.19783 -3.81196
2.60132 -4.19783 -3.81196
2.60132 -4.19783 -3.81196
2.60132 -4.19783 -3.81196
20MABNDB000126_PR028 0
2.60821 -4.19695 -5.91044
2.60821 -4.19695 -5.91044
2.60821 -4.19695 -5.91044
2.60821 -4.19695 -5.91044
2.60821 -4.19695 -5.91044
2.60821 -4.19695 -5.91044
2.60821 -4.19695 -5.91044
2.60821 -4.19695 -5.91044
20MABNDA000272_PR038 0
-2.61501 -4.19702 -3.81176
-2.61501 -4.19702 -3.81175
-2.61501 -4.19702 -3.81175
-2.61501 -4.19702 -3.81175
-2.61501 -4.19702 -3.81175
-2.61501 -4.19702 -3.81175
-2.61501 -4.19702 -3.81175
-2.61501 -4.19702 -3.81175
20MABNDA000003_PR039 0
-2.61057 -4.19693 -5.91438
-2.61057 -4.19693 -5.91438
-2.61057 -4.19693 -5.91438
-2.61057 -4.19693 -5.91438
-2.61057 -4.19693 -5.91438
-2.61057 -4.19693 -5.91438
-2.61057 -4.19693 -5.91438
-2.61057 -4.19693 -5.91438


*****************************************************************Rapport********************************************************************************** 
CAM-EBC-US-IP_EBC-US-IP 2014.08.15.08.49.01 2.60132 -4.19783 -3.81196 1.67878e-06 0 1.24141e-06 0 VRAI 
CAM-EBC-US-HO_EBC-US-HO 2014.08.15.08.49.01 2.60821 -4.19695 -5.91044 8.06317e-07 0 1.20248e-06 0 VRAI 
CAM-EBC-USA-IP_EBC-USA-IP 2014.08.15.08.49.01 -2.61501 -4.19702 -3.81175 1.53011e-06 2.06477e-07 1.59491e-06 0 VRAI 
CAM-EBC-USA-HO_EBC-USA-HO 2014.08.15.08.49.01 -2.61057 -4.19693 -5.91438 8.87589e-07 0 5.71708e-07 0 VRAI 
