********** Fichier qui contient une sauvegarde des coordonnees images + coordonnees images transformees dans le repere BCAM (MOUNT) + coordonnees des prismes dans le repere MOUNT********** 
********************************************************************** Unite en metres (m)************************************************************************************************** 

*******************************************************************coordonnees images dans le repere CCD *********************************************************************************** 
20MABNDA000196_PR006
Spot 1   0.00198009   0.00095403
Spot 2   0.00160898   0.00094960
Spot 1   0.00198009   0.00095418
Spot 2   0.00160907   0.00094954
Spot 1   0.00198007   0.00095399
Spot 2   0.00160889   0.00094963
Spot 1   0.00198014   0.00095427
Spot 2   0.00160904   0.00094967
Spot 1   0.00198021   0.00095437
Spot 2   0.00160896   0.00094969
Spot 1   0.00198012   0.00095439
Spot 2   0.00160886   0.00094969
Spot 1   0.00198010   0.00095434
Spot 2   0.00160907   0.00094967
Spot 1   0.00198014   0.00095437
Spot 2   0.00160900   0.00094974
Spot 1   0.00198010   0.00095432
Spot 2   0.00160887   0.00094984
Spot 1   0.00198010   0.00095442
Spot 2   0.00160895   0.00094986
Spot 1   0.00198012   0.00095445
Spot 2   0.00160889   0.00094980
20MABNDA000324_PR007
Spot 1   0.00174214   0.00110174
Spot 2   0.00194991   0.00109628
Spot 1   0.00174208   0.00110153
Spot 2   0.00194965   0.00109622
Spot 1   0.00174193   0.00110168
Spot 2   0.00194968   0.00109625
Spot 1   0.00174187   0.00110173
Spot 2   0.00194989   0.00109620
Spot 1   0.00174195   0.00110173
Spot 2   0.00194976   0.00109631
Spot 1   0.00174202   0.00110181
Spot 2   0.00194973   0.00109638
Spot 1   0.00174206   0.00110180
Spot 2   0.00194981   0.00109637
Spot 1   0.00174198   0.00110180
Spot 2   0.00194985   0.00109631
Spot 1   0.00174205   0.00110170
Spot 2   0.00195002   0.00109646
Spot 1   0.00174203   0.00110178
Spot 2   0.00194971   0.00109632
20MABNDB000001_PR017
Spot 1   0.00186517   0.00050036
Spot 2   0.00223490   0.00050913
Spot 1   0.00186499   0.00050038
Spot 2   0.00223451   0.00050922
Spot 1   0.00186527   0.00050025
Spot 2   0.00223486   0.00050908
Spot 1   0.00186513   0.00050034
Spot 2   0.00223466   0.00050918
Spot 1   0.00186499   0.00050043
Spot 2   0.00223457   0.00050917
Spot 1   0.00186544   0.00050036
Spot 2   0.00223491   0.00050907
Spot 1   0.00186507   0.00050043
Spot 2   0.00223457   0.00050902
Spot 1   0.00186516   0.00050049
Spot 2   0.00223486   0.00050928
Spot 1   0.00186515   0.00050062
Spot 2   0.00223500   0.00050929
Spot 1   0.00186511   0.00050042
Spot 2   0.00223482   0.00050913
20MABNDB000260_PR019
Spot 1   0.00192065   0.00147929
Spot 2   0.00212435   0.00147831
Spot 1   0.00192058   0.00147939
Spot 2   0.00212439   0.00147884
Spot 1   0.00192016   0.00147920
Spot 2   0.00212400   0.00147861
Spot 1   0.00192068   0.00147920
Spot 2   0.00212417   0.00147854
Spot 1   0.00192030   0.00147920
Spot 2   0.00212412   0.00147870
Spot 1   0.00192043   0.00147942
Spot 2   0.00212418   0.00147868
Spot 1   0.00192048   0.00147937
Spot 2   0.00212407   0.00147861
Spot 1   0.00192063   0.00147923
Spot 2   0.00212441   0.00147868
Spot 1   0.00192056   0.00147923
Spot 2   0.00212428   0.00147865
Spot 1   0.00192040   0.00147917
Spot 2   0.00212423   0.00147863


****************************************************************coordonnees images transformees dans le repere MOUNT************************************************************************* 
20MABNDA000196_PR006
Spot 1  -0.01293769   0.01302414  -0.07967100
Spot 2  -0.01256655   0.01302380  -0.07967100
Spot 1  -0.01293769   0.01302399  -0.07967100
Spot 2  -0.01256664   0.01302386  -0.07967100
Spot 1  -0.01293767   0.01302418  -0.07967100
Spot 2  -0.01256646   0.01302376  -0.07967100
Spot 1  -0.01293774   0.01302390  -0.07967100
Spot 2  -0.01256661   0.01302373  -0.07967100
Spot 1  -0.01293781   0.01302380  -0.07967100
Spot 2  -0.01256653   0.01302371  -0.07967100
Spot 1  -0.01293772   0.01302378  -0.07967100
Spot 2  -0.01256643   0.01302370  -0.07967100
Spot 1  -0.01293770   0.01302383  -0.07967100
Spot 2  -0.01256664   0.01302373  -0.07967100
Spot 1  -0.01293774   0.01302380  -0.07967100
Spot 2  -0.01256657   0.01302366  -0.07967100
Spot 1  -0.01293770   0.01302385  -0.07967100
Spot 2  -0.01256644   0.01302355  -0.07967100
Spot 1  -0.01293770   0.01302375  -0.07967100
Spot 2  -0.01256652   0.01302354  -0.07967100
Spot 1  -0.01293772   0.01302372  -0.07967100
Spot 2  -0.01256646   0.01302359  -0.07967100
20MABNDA000324_PR007
Spot 1  -0.01234872   0.01292144  -0.07446800
Spot 2  -0.01255653   0.01292527  -0.07446800
Spot 1  -0.01234866   0.01292165  -0.07446800
Spot 2  -0.01255627   0.01292534  -0.07446800
Spot 1  -0.01234851   0.01292150  -0.07446800
Spot 2  -0.01255630   0.01292531  -0.07446800
Spot 1  -0.01234845   0.01292145  -0.07446800
Spot 2  -0.01255651   0.01292535  -0.07446800
Spot 1  -0.01234853   0.01292145  -0.07446800
Spot 2  -0.01255638   0.01292524  -0.07446800
Spot 1  -0.01234860   0.01292137  -0.07446800
Spot 2  -0.01255635   0.01292518  -0.07446800
Spot 1  -0.01234864   0.01292138  -0.07446800
Spot 2  -0.01255643   0.01292518  -0.07446800
Spot 1  -0.01234856   0.01292138  -0.07446800
Spot 2  -0.01255647   0.01292524  -0.07446800
Spot 1  -0.01234863   0.01292148  -0.07446800
Spot 2  -0.01255664   0.01292509  -0.07446800
Spot 1  -0.01234861   0.01292140  -0.07446800
Spot 2  -0.01255633   0.01292524  -0.07446800
20MABNDB000001_PR017
Spot 1  -0.01232254  -0.01348894  -0.07418400
Spot 2  -0.01195274  -0.01348408  -0.07418400
Spot 1  -0.01232272  -0.01348891  -0.07418400
Spot 2  -0.01195313  -0.01348399  -0.07418400
Spot 1  -0.01232244  -0.01348905  -0.07418400
Spot 2  -0.01195278  -0.01348413  -0.07418400
Spot 1  -0.01232258  -0.01348896  -0.07418400
Spot 2  -0.01195298  -0.01348403  -0.07418400
Spot 1  -0.01232272  -0.01348886  -0.07418400
Spot 2  -0.01195307  -0.01348404  -0.07418400
Spot 1  -0.01232227  -0.01348894  -0.07418400
Spot 2  -0.01195273  -0.01348414  -0.07418400
Spot 1  -0.01232264  -0.01348887  -0.07418400
Spot 2  -0.01195307  -0.01348419  -0.07418400
Spot 1  -0.01232255  -0.01348881  -0.07418400
Spot 2  -0.01195277  -0.01348393  -0.07418400
Spot 1  -0.01232256  -0.01348868  -0.07418400
Spot 2  -0.01195263  -0.01348392  -0.07418400
Spot 1  -0.01232260  -0.01348888  -0.07418400
Spot 2  -0.01195282  -0.01348408  -0.07418400
20MABNDB000260_PR019
Spot 1  -0.01241021  -0.01242329  -0.07492700
Spot 2  -0.01220653  -0.01242009  -0.07492700
Spot 1  -0.01241028  -0.01242319  -0.07492700
Spot 2  -0.01220650  -0.01241956  -0.07492700
Spot 1  -0.01241070  -0.01242339  -0.07492700
Spot 2  -0.01220689  -0.01241980  -0.07492700
Spot 1  -0.01241018  -0.01242338  -0.07492700
Spot 2  -0.01220672  -0.01241986  -0.07492700
Spot 1  -0.01241056  -0.01242338  -0.07492700
Spot 2  -0.01220677  -0.01241971  -0.07492700
Spot 1  -0.01241043  -0.01242316  -0.07492700
Spot 2  -0.01220671  -0.01241972  -0.07492700
Spot 1  -0.01241038  -0.01242321  -0.07492700
Spot 2  -0.01220682  -0.01241980  -0.07492700
Spot 1  -0.01241023  -0.01242335  -0.07492700
Spot 2  -0.01220648  -0.01241972  -0.07492700
Spot 1  -0.01241030  -0.01242335  -0.07492700
Spot 2  -0.01220661  -0.01241975  -0.07492700
Spot 1  -0.01241046  -0.01242341  -0.07492700
Spot 2  -0.01220666  -0.01241977  -0.07492700


*****************************************************************coordonnees du prisme dans le repere MOUNT********************************************************************************** 
20MABNDA000196_PR006
 -0.01052542   0.01482255   1.64206648
 -0.01052442   0.01482351   1.64206648
 -0.01052662   0.01482245   1.64206648
 -0.01052417   0.01482592   1.64206648
 -0.01052427   0.01482723   1.64206648
 -0.01052634   0.01482747   1.64206648
 -0.01052427   0.01482668   1.64206648
 -0.01052459   0.01482778   1.64206648
 -0.01052644   0.01482835   1.64206648
 -0.01052555   0.01482964   1.64206648
 -0.01052599   0.01482932   1.64206648
20MABNDA000324_PR007
 -0.02518143   0.02328787   2.95551133
 -0.02518768   0.02328250   2.95551133
 -0.02519008   0.02328604   2.95551133
 -0.02518713   0.02328606   2.95551133
 -0.02518813   0.02328820   2.95551133
 -0.02518736   0.02329117   2.95551133
 -0.02518500   0.02329080   2.95551133
 -0.02518577   0.02328961   2.95551133
 -0.02518106   0.02329062   2.95551133
 -0.02518755   0.02328939   2.95551133
20MABNDB000001_PR017
 -0.02369234  -0.00418722   1.64037085
 -0.02368612  -0.00418850   1.64037085
 -0.02369298  -0.00418547   1.64037085
 -0.02368929  -0.00418758   1.64037085
 -0.02368678  -0.00418849   1.64037085
 -0.02369539  -0.00418653   1.64037085
 -0.02368765  -0.00418684   1.64037085
 -0.02369183  -0.00419029   1.64037085
 -0.02369327  -0.00419180   1.64037085
 -0.02369081  -0.00418791   1.64037085
20MABNDB000260_PR019
 -0.02431223  -0.03741158   2.95628309
 -0.02431139  -0.03742398   2.95628309
 -0.02429560  -0.03741540   2.95628309
 -0.02430923  -0.03741428   2.95628309
 -0.02430068  -0.03741727   2.95628309
 -0.02430435  -0.03742128   2.95628309
 -0.02430323  -0.03741888   2.95628309
 -0.02431289  -0.03741771   2.95628309
 -0.02430897  -0.03741705   2.95628309
 -0.02430486  -0.03741538   2.95628309


*****************************************************************coordonnees du prisme dans le repere ATLAS********************************************************************************** 
20MABNDA000196_PR006 0.00000000
  2.58498502  -4.19495535   6.55277538
  2.58498406  -4.19495487   6.55277634
  2.58498621  -4.19495535   6.55277491
  2.58498383  -4.19495487   6.55277872
  2.58498383  -4.19495487   6.55277967
  2.58498597  -4.19495487   6.55278015
  2.58498383  -4.19495487   6.55277920
  2.58498406  -4.19495487   6.55278063
  2.58498597  -4.19495487   6.55278111
  2.58498502  -4.19495487   6.55278206
  2.58498549  -4.19495487   6.55278206
20MABNDA000324_PR007 0.00000000
  2.59413576  -4.13994360   6.95262480
  2.59412956  -4.13994360   6.95263052
  2.59412694  -4.13994360   6.95262671
  2.59413004  -4.13994360   6.95262671
  2.59412909  -4.13994360   6.95262480
  2.59412980  -4.13994360   6.95262194
  2.59413218  -4.13994360   6.95262194
  2.59413147  -4.13994360   6.95262337
  2.59413600  -4.13994360   6.95262241
  2.59412956  -4.13994360   6.95262337
20MABNDB000001_PR017 0.00000000
 -2.59739757  -4.19504309   6.53950882
 -2.59739137  -4.19504309   6.53951025
 -2.59739804  -4.19504309   6.53950739
 -2.59739447  -4.19504309   6.53950930
 -2.59739184  -4.19504309   6.53951025
 -2.59740067  -4.19504309   6.53950834
 -2.59739280  -4.19504309   6.53950882
 -2.59739709  -4.19504309   6.53951216
 -2.59739852  -4.19504309   6.53951359
 -2.59739590  -4.19504309   6.53950977
20MABNDB000260_PR019 0.00000000
 -2.60444307  -4.13995218   6.94323397
 -2.60444403  -4.13995218   6.94322157
 -2.60445976  -4.13995218   6.94323015
 -2.60444617  -4.13995218   6.94323111
 -2.60445476  -4.13995218   6.94322824
 -2.60445094  -4.13995218   6.94322395
 -2.60445213  -4.13995218   6.94322634
 -2.60444236  -4.13995218   6.94322777
 -2.60444641  -4.13995218   6.94322824
 -2.60445046  -4.13995218   6.94323015


*****************************************************************Rapport********************************************************************************** 
CAM-JDA-US-IP_JDA-US-IP     2014.09.02.12.37.39   2.58498484  -4.19495496   6.55277911   0.00000092   0.00000018   0.00000242 0.00000000 VRAI 
CAM-JDA-US-HO_JDA-US-HO     2014.09.02.12.37.39   2.59413104  -4.13994360   6.95262465   0.00000276   0.00000000   0.00000257 0.00000000 VRAI 
CAM-JDA-USA-IP_JDA-USA-IP   2014.09.02.12.37.39  -2.59739583  -4.19504309   6.53950987   0.00000295   0.00000000   0.00000174 0.00000000 VRAI 
CAM-JDA-USA-HO_JDA-USA-HO   2014.09.02.12.37.39  -2.60444901  -4.13995218   6.94322815   0.00000532   0.00000000   0.00000339 0.00000000 VRAI 
