********** Fichier qui contient une sauvegarde des coordonnees images + coordonnees images transformees dans le repere BCAM (MOUNT) + coordonnees des prismes dans le repere MOUNT********** 
********************************************************************** Unite en metres (m)************************************************************************************************** 

*******************************************************************coordonnees images dans le repere CCD *********************************************************************************** 
20MABNDB000135_PR027
Spot 1 0.00185475 0.00124718
Spot 2 0.00209329 0.00124917
Spot 1 0.00185479 0.00124721
Spot 2 0.00209332 0.00124925
Spot 1 0.00185475 0.00124721
Spot 2 0.00209343 0.00124924
Spot 1 0.00185482 0.00124741
Spot 2 0.00209326 0.00124923
Spot 1 0.00185489 0.00124728
Spot 2 0.00209343 0.00124921
Spot 1 0.00185493 0.00124735
Spot 2 0.00209334 0.00124929
Spot 1 0.00185479 0.00124721
Spot 2 0.00209332 0.00124909
Spot 1 0.00185489 0.00124723
Spot 2 0.00209323 0.0012494
Spot 1 0.00185493 0.00124725
Spot 2 0.00209348 0.00124955
20MABNDB000126_PR028
Spot 1 0.0018488 0.00140779
Spot 2 0.00153293 0.00140661
Spot 1 0.00184873 0.00140785
Spot 2 0.00153316 0.00140673
Spot 1 0.00184876 0.00140781
Spot 2 0.00153304 0.00140662
Spot 1 0.00184873 0.00140784
Spot 2 0.00153305 0.00140667
Spot 1 0.00184869 0.00140773
Spot 2 0.00153304 0.00140651
Spot 1 0.00184875 0.00140773
Spot 2 0.00153306 0.0014066
Spot 1 0.0018488 0.00140784
Spot 2 0.00153323 0.00140666
Spot 1 0.00184872 0.00140778
Spot 2 0.00153304 0.00140653
20MABNDA000272_PR038
Spot 1 0.00203353 0.0013865
Spot 2 0.00179092 0.00138429
Spot 1 0.00203341 0.00138655
Spot 2 0.00179109 0.00138447
Spot 1 0.00203344 0.0013865
Spot 2 0.00179084 0.00138452
Spot 1 0.00203348 0.00138645
Spot 2 0.00179113 0.00138451
Spot 1 0.00203354 0.00138646
Spot 2 0.00179096 0.00138462
Spot 1 0.00203355 0.00138648
Spot 2 0.00179115 0.00138447
Spot 1 0.00203346 0.00138635
Spot 2 0.00179117 0.00138456
Spot 1 0.0020336 0.00138656
Spot 2 0.001791 0.00138456
20MABNDA000003_PR039
Spot 1 0.00211589 0.00112534
Spot 2 0.00180225 0.00112706
Spot 1 0.00211583 0.00112533
Spot 2 0.00180224 0.00112691
Spot 1 0.00211584 0.00112532
Spot 2 0.00180223 0.00112697
Spot 1 0.00211585 0.00112533
Spot 2 0.00180223 0.00112702
Spot 1 0.00211589 0.00112531
Spot 2 0.00180221 0.00112698
Spot 1 0.00211589 0.00112528
Spot 2 0.00180228 0.00112705
Spot 1 0.00211588 0.00112528
Spot 2 0.00180216 0.00112695
Spot 1 0.00211586 0.00112543
Spot 2 0.00180225 0.0011269


****************************************************************coordonnees images transformees dans le repere MOUNT************************************************************************* 
20MABNDB000135_PR027
Spot 1 -0.0125462 -0.0128655 -0.074647
Spot 2 -0.0123077 -0.0128661 -0.074647
Spot 1 -0.0125462 -0.0128654 -0.074647
Spot 2 -0.0123077 -0.012866 -0.074647
Spot 1 -0.0125462 -0.0128654 -0.074647
Spot 2 -0.0123075 -0.0128661 -0.074647
Spot 1 -0.0125462 -0.0128652 -0.074647
Spot 2 -0.0123077 -0.0128661 -0.074647
Spot 1 -0.0125461 -0.0128654 -0.074647
Spot 2 -0.0123075 -0.0128661 -0.074647
Spot 1 -0.012546 -0.0128653 -0.074647
Spot 2 -0.0123076 -0.012866 -0.074647
Spot 1 -0.0125462 -0.0128654 -0.074647
Spot 2 -0.0123077 -0.0128662 -0.074647
Spot 1 -0.0125461 -0.0128654 -0.074647
Spot 2 -0.0123077 -0.0128659 -0.074647
Spot 1 -0.0125461 -0.0128654 -0.074647
Spot 2 -0.0123075 -0.0128657 -0.074647
20MABNDB000126_PR028
Spot 1 -0.0123275 -0.0127733 -0.075004
Spot 2 -0.0126434 -0.0127761 -0.075004
Spot 1 -0.0123276 -0.0127732 -0.075004
Spot 2 -0.0126432 -0.012776 -0.075004
Spot 1 -0.0123276 -0.0127733 -0.075004
Spot 2 -0.0126433 -0.0127761 -0.075004
Spot 1 -0.0123276 -0.0127732 -0.075004
Spot 2 -0.0126433 -0.0127761 -0.075004
Spot 1 -0.0123276 -0.0127733 -0.075004
Spot 2 -0.0126433 -0.0127762 -0.075004
Spot 1 -0.0123276 -0.0127733 -0.075004
Spot 2 -0.0126433 -0.0127762 -0.075004
Spot 1 -0.0123275 -0.0127732 -0.075004
Spot 2 -0.0126431 -0.0127761 -0.075004
Spot 1 -0.0123276 -0.0127733 -0.075004
Spot 2 -0.0126433 -0.0127762 -0.075004
20MABNDA000272_PR038
Spot 1 -0.01287 0.0127252 -0.074179
Spot 2 -0.0126273 0.0127269 -0.074179
Spot 1 -0.0128698 0.0127251 -0.074179
Spot 2 -0.0126275 0.0127268 -0.074179
Spot 1 -0.0128699 0.0127252 -0.074179
Spot 2 -0.0126273 0.0127267 -0.074179
Spot 1 -0.0128699 0.0127252 -0.074179
Spot 2 -0.0126275 0.0127267 -0.074179
Spot 1 -0.01287 0.0127252 -0.074179
Spot 2 -0.0126274 0.0127266 -0.074179
Spot 1 -0.01287 0.0127252 -0.074179
Spot 2 -0.0126276 0.0127268 -0.074179
Spot 1 -0.0128699 0.0127253 -0.074179
Spot 2 -0.0126276 0.0127267 -0.074179
Spot 1 -0.01287 0.0127251 -0.074179
Spot 2 -0.0126274 0.0127267 -0.074179
20MABNDA000003_PR039
Spot 1 -0.0129149 0.0129272 -0.073734
Spot 2 -0.0126013 0.0129247 -0.073734
Spot 1 -0.0129149 0.0129272 -0.073734
Spot 2 -0.0126013 0.0129248 -0.073734
Spot 1 -0.0129149 0.0129272 -0.073734
Spot 2 -0.0126013 0.0129248 -0.073734
Spot 1 -0.0129149 0.0129272 -0.073734
Spot 2 -0.0126013 0.0129247 -0.073734
Spot 1 -0.0129149 0.0129272 -0.073734
Spot 2 -0.0126013 0.0129248 -0.073734
Spot 1 -0.0129149 0.0129273 -0.073734
Spot 2 -0.0126013 0.0129247 -0.073734
Spot 1 -0.0129149 0.0129273 -0.073734
Spot 2 -0.0126012 0.0129248 -0.073734
Spot 1 -0.0129149 0.0129271 -0.073734
Spot 2 -0.0126013 0.0129249 -0.073734


*****************************************************************coordonnees du prisme dans le repere MOUNT********************************************************************************** 
20MABNDB000135_PR027
-0.0201823 -0.0220116 2.74936
-0.0201836 -0.0220136 2.74936
-0.0201849 -0.0220134 2.74936
-0.0201831 -0.0220169 2.74936
-0.0201874 -0.0220141 2.74936
-0.0201866 -0.0220169 2.74936
-0.0201836 -0.0220107 2.74936
-0.0201838 -0.0220167 2.74936
-0.0201892 -0.0220198 2.74936
20MABNDB000126_PR028
-0.0177223 -0.0217664 2.14694
-0.0177246 -0.0217689 2.14694
-0.0177233 -0.0217668 2.14694
-0.017723 -0.0217679 2.14694
-0.0177223 -0.0217641 2.14694
-0.0177234 -0.0217654 2.14694
-0.0177266 -0.0217678 2.14694
-0.0177227 -0.0217651 2.14694
20MABNDA000272_PR038
-0.00954105 0.0267212 2.74962
-0.00954015 0.0267254 2.74962
-0.00954418 0.0267254 2.74962
-0.00953812 0.0267243 2.74962
-0.00954013 0.0267265 2.74962
-0.00953648 0.0267241 2.74962
-0.00953776 0.0267234 2.74962
-0.0095383 0.0267273 2.74962
20MABNDA000003_PR039
-0.0111591 0.0183771 2.1491
-0.0111601 0.0183748 2.1491
-0.0111601 0.0183756 2.1491
-0.0111599 0.0183764 2.1491
-0.0111596 0.0183756 2.1491
-0.0111586 0.0183761 2.1491
-0.0111605 0.0183747 2.1491
-0.0111595 0.0183761 2.1491


*****************************************************************coordonnees du prisme dans le repere ATLAS********************************************************************************** 
20MABNDB000135_PR027
2.60132 -4.19783 -3.81196
2.60132 -4.19783 -3.81196
2.60132 -4.19783 -3.81196
2.60132 -4.19783 -3.81195
2.60131 -4.19783 -3.81196
2.60131 -4.19783 -3.81195
2.60132 -4.19783 -3.81196
2.60132 -4.19783 -3.81195
2.60131 -4.19783 -3.81195
20MABNDB000126_PR028
2.60819 -4.19695 -5.91045
2.60818 -4.19695 -5.91045
2.60819 -4.19695 -5.91045
2.60819 -4.19695 -5.91045
2.60819 -4.19695 -5.91045
2.60818 -4.19695 -5.91045
2.60818 -4.19695 -5.91045
2.60819 -4.19695 -5.91045
20MABNDA000272_PR038
-2.61499 -4.19702 -3.81176
-2.61499 -4.19702 -3.81176
-2.61499 -4.19702 -3.81176
-2.61499 -4.19702 -3.81176
-2.61499 -4.19702 -3.81176
-2.61499 -4.19702 -3.81176
-2.61499 -4.19702 -3.81176
-2.61499 -4.19702 -3.81176
20MABNDA000003_PR039
-2.61056 -4.19693 -5.91439
-2.61056 -4.19693 -5.91439
-2.61056 -4.19693 -5.91439
-2.61056 -4.19693 -5.91439
-2.61056 -4.19693 -5.91439
-2.61056 -4.19693 -5.91439
-2.61056 -4.19693 -5.91439
-2.61056 -4.19693 -5.91439


*****************************************************************Rapport********************************************************************************** 
CAM-EBC-US-IP_EBC-US-IP 2014.08.13.14.57.37 2.60132 -4.19783 -3.81195 2.13182e-06 0 2.77764e-06 VRAI 
CAM-EBC-US-HO_EBC-US-HO 2014.08.13.14.57.37 2.60818 -4.19695 -5.91045 1.3298e-06 0 1.52196e-06 VRAI 
CAM-EBC-USA-IP_EBC-USA-IP 2014.08.13.14.57.37 -2.61499 -4.19702 -3.81176 2.24291e-06 0 1.76791e-06 VRAI 
CAM-EBC-USA-HO_EBC-USA-HO 2014.08.13.14.57.37 -2.61056 -4.19693 -5.91439 5.68592e-07 0 7.88495e-07 VRAI 
