********** Fichier qui contient une sauvegarde des coordonnees images + coordonnees images transformees dans le repere BCAM (MOUNT) + coordonnees des prismes dans le repere MOUNT********** 
********************************************************************** Unite en metres (m)************************************************************************************************** 

*******************************************************************coordonnees images dans le repere CCD *********************************************************************************** 
20MABNDB000135_PR027
Spot 1     0.00189259     0.00092239
Spot 2     0.00211074     0.00092477
Spot 1     0.00189246     0.00092236
Spot 2     0.00211066     0.00092486
Spot 1     0.00189257     0.00092248
Spot 2     0.00211075     0.00092495
Spot 1     0.00189252     0.00092245
Spot 2     0.00211079     0.00092505
Spot 1     0.00189256     0.00092232
Spot 2     0.00211073     0.00092518
Spot 1     0.00189260     0.00092243
Spot 2     0.00211086     0.00092505
Spot 1     0.00189255     0.00092265
Spot 2     0.00211089     0.00092500
Spot 1     0.00189245     0.00092258
Spot 2     0.00211094     0.00092523
Spot 1     0.00189260     0.00092243
Spot 2     0.00211094     0.00092509
20MABNDB000126_PR028
Spot 1     0.00193486     0.00200489
Spot 2     0.00165253     0.00200276
Spot 1     0.00193475     0.00200484
Spot 2     0.00165261     0.00200292
Spot 1     0.00193461     0.00200483
Spot 2     0.00165246     0.00200284
Spot 1     0.00193486     0.00200486
Spot 2     0.00165263     0.00200282
Spot 1     0.00193478     0.00200483
Spot 2     0.00165259     0.00200278
Spot 1     0.00193483     0.00200486
Spot 2     0.00165250     0.00200296
Spot 1     0.00193472     0.00200489
Spot 2     0.00165256     0.00200295
Spot 1     0.00193478     0.00200489
Spot 2     0.00165260     0.00200279
20MABNDA000272_PR038
Spot 1     0.00192195     0.00096897
Spot 2     0.00169759     0.00096914
Spot 1     0.00192218     0.00096871
Spot 2     0.00169740     0.00096917
Spot 1     0.00192190     0.00096883
Spot 2     0.00169753     0.00096923
Spot 1     0.00192215     0.00096904
Spot 2     0.00169728     0.00096897
Spot 1     0.00192192     0.00096915
Spot 2     0.00169771     0.00096884
Spot 1     0.00192194     0.00096915
Spot 2     0.00169767     0.00096920
Spot 1     0.00192202     0.00096912
Spot 2     0.00169763     0.00096929
Spot 1     0.00192226     0.00096882
Spot 2     0.00169769     0.00096940
20MABNDA000003_PR039
Spot 1     0.00200603     0.00192974
Spot 2     0.00228393     0.00192903
Spot 1     0.00200600     0.00192975
Spot 2     0.00228392     0.00192905
Spot 1     0.00200597     0.00192975
Spot 2     0.00228380     0.00192908
Spot 1     0.00200588     0.00192971
Spot 2     0.00228390     0.00192903
Spot 1     0.00200602     0.00192971
Spot 2     0.00228382     0.00192899
Spot 1     0.00200593     0.00192966
Spot 2     0.00228378     0.00192899
Spot 1     0.00200602     0.00192973
Spot 2     0.00228387     0.00192900
Spot 1     0.00200603     0.00192969
Spot 2     0.00228390     0.00192899


****************************************************************coordonnees images transformees dans le repere MOUNT************************************************************************* 
20MABNDB000135_PR027
Spot 1    -0.01251201    -0.01319065    -0.07464699
Spot 2    -0.01229385    -0.01319070    -0.07464699
Spot 1    -0.01251214    -0.01319068    -0.07464699
Spot 2    -0.01229393    -0.01319061    -0.07464699
Spot 1    -0.01251203    -0.01319056    -0.07464699
Spot 2    -0.01229384    -0.01319052    -0.07464699
Spot 1    -0.01251208    -0.01319059    -0.07464699
Spot 2    -0.01229379    -0.01319042    -0.07464699
Spot 1    -0.01251204    -0.01319072    -0.07464699
Spot 2    -0.01229385    -0.01319029    -0.07464699
Spot 1    -0.01251200    -0.01319061    -0.07464699
Spot 2    -0.01229372    -0.01319042    -0.07464699
Spot 1    -0.01251205    -0.01319039    -0.07464699
Spot 2    -0.01229370    -0.01319047    -0.07464699
Spot 1    -0.01251215    -0.01319046    -0.07464699
Spot 2    -0.01229364    -0.01319024    -0.07464699
Spot 1    -0.01251200    -0.01319061    -0.07464699
Spot 2    -0.01229364    -0.01319038    -0.07464699
20MABNDB000126_PR028
Spot 1    -0.01224466    -0.01217573    -0.07500400
Spot 2    -0.01252697    -0.01217937    -0.07500400
Spot 1    -0.01224477    -0.01217578    -0.07500400
Spot 2    -0.01252689    -0.01217921    -0.07500400
Spot 1    -0.01224491    -0.01217579    -0.07500400
Spot 2    -0.01252704    -0.01217929    -0.07500400
Spot 1    -0.01224466    -0.01217576    -0.07500400
Spot 2    -0.01252687    -0.01217931    -0.07500400
Spot 1    -0.01224474    -0.01217579    -0.07500400
Spot 2    -0.01252691    -0.01217935    -0.07500400
Spot 1    -0.01224469    -0.01217576    -0.07500400
Spot 2    -0.01252700    -0.01217917    -0.07500400
Spot 1    -0.01224480    -0.01217573    -0.07500400
Spot 2    -0.01252694    -0.01217918    -0.07500400
Spot 1    -0.01224474    -0.01217573    -0.07500400
Spot 2    -0.01252690    -0.01217934    -0.07500400
20MABNDA000272_PR038
Spot 1    -0.01275763     0.01314250    -0.07417900
Spot 2    -0.01253327     0.01314193    -0.07417900
Spot 1    -0.01275786     0.01314276    -0.07417900
Spot 2    -0.01253308     0.01314190    -0.07417900
Spot 1    -0.01275758     0.01314264    -0.07417900
Spot 2    -0.01253321     0.01314184    -0.07417900
Spot 1    -0.01275783     0.01314243    -0.07417900
Spot 2    -0.01253296     0.01314210    -0.07417900
Spot 1    -0.01275760     0.01314231    -0.07417900
Spot 2    -0.01253339     0.01314223    -0.07417900
Spot 1    -0.01275762     0.01314231    -0.07417900
Spot 2    -0.01253335     0.01314187    -0.07417900
Spot 1    -0.01275770     0.01314235    -0.07417900
Spot 2    -0.01253331     0.01314178    -0.07417900
Spot 1    -0.01275794     0.01314265    -0.07417900
Spot 2    -0.01253337     0.01314167    -0.07417900
20MABNDA000003_PR039
Spot 1    -0.01280712     0.01212254    -0.07373400
Spot 2    -0.01308502     0.01212395    -0.07373400
Spot 1    -0.01280709     0.01212253    -0.07373400
Spot 2    -0.01308501     0.01212393    -0.07373400
Spot 1    -0.01280706     0.01212253    -0.07373400
Spot 2    -0.01308489     0.01212390    -0.07373400
Spot 1    -0.01280697     0.01212257    -0.07373400
Spot 2    -0.01308499     0.01212395    -0.07373400
Spot 1    -0.01280711     0.01212257    -0.07373400
Spot 2    -0.01308491     0.01212399    -0.07373400
Spot 1    -0.01280702     0.01212262    -0.07373400
Spot 2    -0.01308487     0.01212399    -0.07373400
Spot 1    -0.01280711     0.01212255    -0.07373400
Spot 2    -0.01308496     0.01212398    -0.07373400
Spot 1    -0.01280712     0.01212259    -0.07373400
Spot 2    -0.01308499     0.01212399    -0.07373400


*****************************************************************coordonnees du prisme dans le repere MOUNT********************************************************************************** 
20MABNDB000135_PR027
   -0.02106352    -0.01009742     2.74937129
   -0.02105968    -0.01009858     2.74937129
   -0.02106337    -0.01010237     2.74937129
   -0.02106321    -0.01010367     2.74937129
   -0.02106285    -0.01010369     2.74937129
   -0.02106596    -0.01010326     2.74937129
   -0.02106562    -0.01010639     2.74937129
   -0.02106475    -0.01010934     2.74937129
   -0.02106743    -0.01010398     2.74937129
20MABNDB000126_PR028
   -0.02056233    -0.03878831     2.14679646
   -0.02056191    -0.03878989     2.14679646
   -0.02055778    -0.03878858     2.14679646
   -0.02056376    -0.03878875     2.14679646
   -0.02056206    -0.03878774     2.14679646
   -0.02056147    -0.03879073     2.14679646
   -0.02056076    -0.03879101     2.14679646
   -0.02056220    -0.03878874     2.14679646
20MABNDA000272_PR038
   -0.01332265     0.01147051     2.74965906
   -0.01332193     0.01146631     2.74965906
   -0.01332468     0.01146961     2.74965906
   -0.01332470     0.01146869     2.74965906
   -0.01332101     0.01146833     2.74965906
   -0.01332137     0.01147491     2.74965906
   -0.01332064     0.01147601     2.74965906
   -0.01331516     0.01147253     2.74965906
20MABNDA000003_PR039
   -0.00578734     0.04131913     2.14891410
   -0.00578791     0.04131956     2.14891410
   -0.00579004     0.04132000     2.14891410
   -0.00578990     0.04131870     2.14891410
   -0.00578905     0.04131813     2.14891410
   -0.00579090     0.04131741     2.14891410
   -0.00578833     0.04131856     2.14891410
   -0.00578776     0.04131784     2.14891410


*****************************************************************coordonnees du prisme dans le repere ATLAS********************************************************************************** 
20MABNDB000135_PR027 0.00000000
    2.60036969    -4.19776392    -3.82386661
    2.60037351    -4.19776392    -3.82386541
    2.60036993    -4.19776392    -3.82386160
    2.60036993    -4.19776392    -3.82386041
    2.60037041    -4.19776392    -3.82386041
    2.60036731    -4.19776392    -3.82386065
    2.60036755    -4.19776392    -3.82385755
    2.60036850    -4.19776392    -3.82385468
    2.60036588    -4.19776392    -3.82385993
20MABNDB000126_PR028 0.00000000
    2.60535455    -4.19702005    -5.89342880
    2.60535502    -4.19702005    -5.89342690
    2.60535908    -4.19702005    -5.89342833
    2.60535312    -4.19702005    -5.89342833
    2.60535479    -4.19702005    -5.89342928
    2.60535550    -4.19702005    -5.89342642
    2.60535622    -4.19702005    -5.89342594
    2.60535479    -4.19702005    -5.89342833
20MABNDA000272_PR038 0.00000000
   -2.61121058    -4.19698238    -3.82701516
   -2.61121130    -4.19698238    -3.82701945
   -2.61120868    -4.19698238    -3.82701612
   -2.61120868    -4.19698238    -3.82701707
   -2.61121225    -4.19698238    -3.82701731
   -2.61121202    -4.19698238    -3.82701063
   -2.61121273    -4.19698238    -3.82700968
   -2.61121821    -4.19698238    -3.82701302
20MABNDA000003_PR039 0.00000000
   -2.61593866    -4.19702291    -5.89144659
   -2.61593795    -4.19702291    -5.89144611
   -2.61593580    -4.19702291    -5.89144564
   -2.61593604    -4.19702291    -5.89144707
   -2.61593676    -4.19702291    -5.89144754
   -2.61593509    -4.19702291    -5.89144802
   -2.61593747    -4.19702291    -5.89144707
   -2.61593819    -4.19702291    -5.89144802


*****************************************************************Rapport********************************************************************************** 
CAM-EBC-US-IP_EBC-US-IP        2014.11.21.10.45.26     2.60036919    -4.19776392    -3.82386080     0.00000209     0.00000000     0.00000341 0.00000000 VRAI 
CAM-EBC-US-HO_EBC-US-HO        2014.11.21.10.45.26     2.60535538    -4.19702005    -5.89342779     0.00000162     0.00000000     0.00000113 0.00000000 VRAI 
CAM-EBC-USA-IP_EBC-USA-IP      2014.11.21.10.45.26    -2.61121181    -4.19698238    -3.82701480     0.00000282     0.00000000     0.00000320 0.00000000 VRAI 
CAM-EBC-USA-HO_EBC-USA-HO      2014.11.21.10.45.26    -2.61593699    -4.19702291    -5.89144701     0.00000119     0.00000000     0.00000081 0.00000000 VRAI 
