********** Fichier qui contient une sauvegarde des coordonnees images + coordonnees images transformees dans le repere BCAM (MOUNT) + coordonnees des prismes dans le repere MOUNT********** 
********************************************************************** Unite en metres (m)************************************************************************************************** 

*******************************************************************coordonnees images dans le repere CCD *********************************************************************************** 
20MABNDB000135_PR027
Spot 1   0.00187649   0.00070690
Spot 2   0.00209495   0.00071084
Spot 1   0.00187643   0.00070673
Spot 2   0.00209496   0.00071056
Spot 1   0.00187652   0.00070639
Spot 2   0.00209491   0.00071027
Spot 1   0.00187627   0.00070624
Spot 2   0.00209491   0.00071007
Spot 1   0.00187615   0.00070588
Spot 2   0.00209482   0.00070984
Spot 1   0.00187619   0.00070568
Spot 2   0.00209478   0.00070964
Spot 1   0.00187614   0.00070534
Spot 2   0.00209455   0.00070932
20MABNDB000126_PR028
Spot 1   0.00198822   0.00171533
Spot 2   0.00170555   0.00171411
Spot 1   0.00198835   0.00171495
Spot 2   0.00170565   0.00171380
Spot 1   0.00198843   0.00171454
Spot 2   0.00170583   0.00171324
Spot 1   0.00198833   0.00171413
Spot 2   0.00170591   0.00171307
Spot 1   0.00198843   0.00171386
Spot 2   0.00170586   0.00171252
Spot 1   0.00198854   0.00171337
Spot 2   0.00170597   0.00171222
20MABNDA000272_PR038
Spot 1   0.00189254   0.00090288
Spot 2   0.00166734   0.00090256
Spot 1   0.00189237   0.00090293
Spot 2   0.00166760   0.00090249
Spot 1   0.00189251   0.00090295
Spot 2   0.00166745   0.00090260
Spot 1   0.00189255   0.00090279
Spot 2   0.00166741   0.00090255
Spot 1   0.00189239   0.00090312
Spot 2   0.00166712   0.00090288
Spot 1   0.00189220   0.00090347
Spot 2   0.00166720   0.00090304
20MABNDA000003_PR039
Spot 1   0.00232384   0.00183349
Spot 2   0.00204598   0.00183395
Spot 1   0.00232395   0.00183363
Spot 2   0.00204606   0.00183408
Spot 1   0.00232403   0.00183364
Spot 2   0.00204629   0.00183414
Spot 1   0.00232396   0.00183388
Spot 2   0.00204629   0.00183421
Spot 1   0.00232406   0.00183410
Spot 2   0.00204600   0.00183421
Spot 1   0.00232394   0.00183418
Spot 2   0.00204637   0.00183464


****************************************************************coordonnees images transformees dans le repere MOUNT************************************************************************* 
20MABNDB000135_PR027
Spot 1  -0.01253051  -0.01340595  -0.07464699
Spot 2  -0.01231202  -0.01340444  -0.07464699
Spot 1  -0.01253057  -0.01340611  -0.07464699
Spot 2  -0.01231201  -0.01340472  -0.07464699
Spot 1  -0.01253049  -0.01340646  -0.07464699
Spot 2  -0.01231207  -0.01340501  -0.07464699
Spot 1  -0.01253074  -0.01340660  -0.07464699
Spot 2  -0.01231207  -0.01340521  -0.07464699
Spot 1  -0.01253086  -0.01340696  -0.07464699
Spot 2  -0.01231216  -0.01340544  -0.07464699
Spot 1  -0.01253082  -0.01340716  -0.07464699
Spot 2  -0.01231220  -0.01340564  -0.07464699
Spot 1  -0.01253088  -0.01340750  -0.07464699
Spot 2  -0.01231244  -0.01340595  -0.07464699
20MABNDB000126_PR028
Spot 1  -0.01218975  -0.01246500  -0.07500400
Spot 2  -0.01247241  -0.01246773  -0.07500400
Spot 1  -0.01218962  -0.01246538  -0.07500400
Spot 2  -0.01247231  -0.01246804  -0.07500400
Spot 1  -0.01218954  -0.01246579  -0.07500400
Spot 2  -0.01247213  -0.01246860  -0.07500400
Spot 1  -0.01218964  -0.01246620  -0.07500400
Spot 2  -0.01247204  -0.01246877  -0.07500400
Spot 1  -0.01218953  -0.01246647  -0.07500400
Spot 2  -0.01247209  -0.01246932  -0.07500400
Spot 1  -0.01218942  -0.01246696  -0.07500400
Spot 2  -0.01247198  -0.01246962  -0.07500400
20MABNDA000272_PR038
Spot 1  -0.01272811   0.01320853  -0.07417900
Spot 2  -0.01250291   0.01320845  -0.07417900
Spot 1  -0.01272794   0.01320848  -0.07417900
Spot 2  -0.01250317   0.01320853  -0.07417900
Spot 1  -0.01272808   0.01320846  -0.07417900
Spot 2  -0.01250302   0.01320841  -0.07417900
Spot 1  -0.01272812   0.01320862  -0.07417900
Spot 2  -0.01250298   0.01320846  -0.07417900
Spot 1  -0.01272796   0.01320829  -0.07417900
Spot 2  -0.01250269   0.01320813  -0.07417900
Spot 1  -0.01272777   0.01320794  -0.07417900
Spot 2  -0.01250277   0.01320797  -0.07417900
20MABNDA000003_PR039
Spot 1  -0.01312469   0.01221960  -0.07373400
Spot 2  -0.01284683   0.01221843  -0.07373400
Spot 1  -0.01312480   0.01221946  -0.07373400
Spot 2  -0.01284691   0.01221830  -0.07373400
Spot 1  -0.01312488   0.01221945  -0.07373400
Spot 2  -0.01284714   0.01221824  -0.07373400
Spot 1  -0.01312481   0.01221921  -0.07373400
Spot 2  -0.01284714   0.01221817  -0.07373400
Spot 1  -0.01312491   0.01221899  -0.07373400
Spot 2  -0.01284685   0.01221817  -0.07373400
Spot 1  -0.01312479   0.01221891  -0.07373400
Spot 2  -0.01284722   0.01221774  -0.07373400


*****************************************************************coordonnees du prisme dans le repere MOUNT********************************************************************************** 
20MABNDB000135_PR027
 -0.02039107  -0.00223059   2.74935317
 -0.02039008  -0.00222234   2.74935317
 -0.02039066  -0.00221078   2.74935317
 -0.02038601  -0.00220441   2.74935317
 -0.02038205  -0.00219364   2.74935317
 -0.02038195  -0.00218629   2.74935317
 -0.02037671  -0.00217427   2.74935317
20MABNDB000126_PR028
 -0.02212286  -0.03055606   2.14687300
 -0.02212619  -0.03054623   2.14687300
 -0.02212998  -0.03053243   2.14687300
 -0.02212974  -0.03052416   2.14687300
 -0.02213051  -0.03051248   2.14687300
 -0.02213371  -0.03050124   2.14687324
20MABNDA000272_PR038
 -0.01442015   0.00904150   2.74965596
 -0.01441849   0.00904112   2.74965596
 -0.01441867   0.00904351   2.74965596
 -0.01441867   0.00903966   2.74965596
 -0.01442689   0.00905177   2.74965596
 -0.01442890   0.00906113   2.74965596
20MABNDA000003_PR039
 -0.00465297   0.03858236   2.14894414
 -0.00465024   0.03858622   2.14894414
 -0.00464581   0.03858721   2.14894414
 -0.00464680   0.03859164   2.14894414
 -0.00464951   0.03859479   2.14894414
 -0.00464591   0.03860206   2.14894390


*****************************************************************coordonnees du prisme dans le repere ATLAS********************************************************************************** 
20MABNDB000135_PR027 0.00300000
  2.60099721  -4.19476938  -3.83173728
  2.60099816  -4.19476938  -3.83174539
  2.60099745  -4.19476938  -3.83175707
  2.60100198  -4.19476938  -3.83176327
  2.60100603  -4.19476938  -3.83177423
  2.60100603  -4.19476938  -3.83178163
  2.60101128  -4.19476938  -3.83179355
20MABNDB000126_PR028 0.00300000
  2.60378981  -4.19397926  -5.90166044
  2.60378647  -4.19397926  -5.90166998
  2.60378289  -4.19397926  -5.90168381
  2.60378313  -4.19397926  -5.90169239
  2.60378218  -4.19397974  -5.90170383
  2.60377908  -4.19397926  -5.90171528
20MABNDA000272_PR038 0.00300000
 -2.61011362  -4.19398546  -3.82944441
 -2.61011529  -4.19398546  -3.82944465
 -2.61011505  -4.19398546  -3.82944226
 -2.61011505  -4.19398546  -3.82944632
 -2.61010695  -4.19398546  -3.82943416
 -2.61010480  -4.19398546  -3.82942462
20MABNDA000003_PR039 0.00300000
 -2.61707258  -4.19400358  -5.89418364
 -2.61707544  -4.19400358  -5.89417982
 -2.61707973  -4.19400358  -5.89417887
 -2.61707878  -4.19400358  -5.89417410
 -2.61707616  -4.19400358  -5.89417124
 -2.61707973  -4.19400406  -5.89416361


*****************************************************************Rapport********************************************************************************** 
CAM-EBC-US-IP_EBC-US-IP     2014.08.28.17.33.00   2.60100259  -4.19476938  -3.83176463   0.00000499   0.00000000   0.00001850 0.00300000 VRAI 
CAM-EBC-US-HO_EBC-US-HO     2014.08.28.17.33.00   2.60378393  -4.19397934  -5.90168762   0.00000340   0.00000018   0.00001878 0.00300000 VRAI 
CAM-EBC-USA-IP_EBC-USA-IP   2014.08.28.17.33.00  -2.61011179  -4.19398546  -3.82943940   0.00000427   0.00000000   0.00000769 0.00300000 VRAI 
CAM-EBC-USA-HO_EBC-USA-HO   2014.08.28.17.33.00  -2.61707707  -4.19400366  -5.89417521   0.00000261   0.00000018   0.00000655 0.00300000 VRAI 
