********** Fichier qui contient une sauvegarde des coordonnees images + coordonnees images transformees dans le repere BCAM (MOUNT) + coordonnees des prismes dans le repere MOUNT********** 
********************************************************************** Unite en metres (m)************************************************************************************************** 

*******************************************************************coordonnees images dans le repere CCD *********************************************************************************** 
20MABNDB000212_PR029
Spot 1     0.00226896     0.00025285
Spot 2     0.00190042     0.00025281
Spot 1     0.00226875     0.00025283
Spot 2     0.00190043     0.00025309
Spot 1     0.00226886     0.00025301
Spot 2     0.00190053     0.00025319
Spot 1     0.00226873     0.00025295
Spot 2     0.00190043     0.00025283
Spot 1     0.00226896     0.00025315
Spot 2     0.00190043     0.00025330
Spot 1     0.00226887     0.00025307
Spot 2     0.00189984     0.00025247
Spot 1     0.00226885     0.00025293
Spot 2     0.00190016     0.00025247
Spot 1     0.00226885     0.00025289
Spot 2     0.00190027     0.00025296
20MABNDB000128_PR030
Spot 1     0.00093500     0.00039500
Spot 2     0.00237500     0.00056500
Spot 1     0.00093500     0.00039500
Spot 2     0.00035500     0.00076500
Spot 1     0.00093500     0.00039500
Spot 2     0.00237500     0.00056500
Spot 1     0.00093500     0.00039500
Spot 2     0.00035500     0.00076500
Spot 1     0.00093500     0.00039500
Spot 2     0.00237500     0.00056500
Spot 1     0.00093500     0.00039500
Spot 2     0.00035500     0.00076500
Spot 1     0.00093500     0.00039500
Spot 2     0.00237500     0.00056500
Spot 1     0.00093500     0.00039500
Spot 2     0.00237500     0.00056500
20MABNDA000444_PR040
Spot 1     0.00312100     0.00005700
Spot 2     0.00123700     0.00006500
Spot 1     0.00246300     0.00003500
Spot 2     0.00228833     0.00002833
Spot 1     0.00182395     0.00010658
Spot 2     0.00219250     0.00005750
Spot 1     0.00089750     0.00003750
Spot 2     0.00328500     0.00003500
Spot 1     0.00088000     0.00003500
Spot 2     0.00182250     0.00005500
Spot 1     0.00332300     0.00004100
Spot 2     0.00030500     0.00002500
Spot 1     0.00182365     0.00014176
Spot 2     0.00312100     0.00004500
Spot 1     0.00182250     0.00005750
Spot 2     0.00328500     0.00003500
20MABNDA000053_PR041
Spot 1     0.00139817     0.00122786
Spot 2     0.00326500     0.00007500
Spot 1     0.00139844     0.00122811
Spot 2     0.00326500     0.00007500
Spot 1     0.00139822     0.00122754
Spot 2     0.00326500     0.00007500
Spot 1     0.00326500     0.00007500
Spot 2     0.00216500     0.00004500
Spot 1     0.00326500     0.00007500
Spot 2     0.00216500     0.00004500
Spot 1     0.00326500     0.00007500
Spot 2     0.00216500     0.00004500
Spot 1     0.00326500     0.00007500
Spot 2     0.00216500     0.00004500
Spot 1     0.00326500     0.00007500
Spot 2     0.00216500     0.00004500


****************************************************************coordonnees images transformees dans le repere MOUNT************************************************************************* 
20MABNDB000212_PR029
Spot 1    -0.01182367    -0.01372877    -0.07390500
Spot 2    -0.01219219    -0.01372488    -0.07390500
Spot 1    -0.01182388    -0.01372879    -0.07390500
Spot 2    -0.01219218    -0.01372460    -0.07390500
Spot 1    -0.01182377    -0.01372861    -0.07390500
Spot 2    -0.01219208    -0.01372450    -0.07390500
Spot 1    -0.01182390    -0.01372867    -0.07390500
Spot 2    -0.01219218    -0.01372486    -0.07390500
Spot 1    -0.01182367    -0.01372847    -0.07390500
Spot 2    -0.01219217    -0.01372439    -0.07390500
Spot 1    -0.01182376    -0.01372855    -0.07390500
Spot 2    -0.01219277    -0.01372521    -0.07390500
Spot 1    -0.01182378    -0.01372869    -0.07390500
Spot 2    -0.01219245    -0.01372521    -0.07390500
Spot 1    -0.01182378    -0.01372873    -0.07390500
Spot 2    -0.01219234    -0.01372472    -0.07390500
20MABNDB000128_PR030
Spot 1    -0.01341456    -0.01382564    -0.07353400
Spot 2    -0.01197516    -0.01365067    -0.07353400
Spot 1    -0.01341456    -0.01382564    -0.07353400
Spot 2    -0.01399584    -0.01345765    -0.07353400
Spot 1    -0.01341456    -0.01382564    -0.07353400
Spot 2    -0.01197516    -0.01365067    -0.07353400
Spot 1    -0.01341456    -0.01382564    -0.07353400
Spot 2    -0.01399584    -0.01345765    -0.07353400
Spot 1    -0.01341456    -0.01382564    -0.07353400
Spot 2    -0.01197516    -0.01365067    -0.07353400
Spot 1    -0.01341456    -0.01382564    -0.07353400
Spot 2    -0.01399584    -0.01345765    -0.07353400
Spot 1    -0.01341456    -0.01382564    -0.07353400
Spot 2    -0.01197516    -0.01365067    -0.07353400
Spot 1    -0.01341456    -0.01382564    -0.07353400
Spot 2    -0.01197516    -0.01365067    -0.07353400
20MABNDA000444_PR040
Spot 1    -0.01406441     0.01394264    -0.07412000
Spot 2    -0.01218046     0.01395855    -0.07412000
Spot 1    -0.01340674     0.01397299    -0.07412000
Spot 2    -0.01323217     0.01398187    -0.07412000
Spot 1    -0.01276683     0.01390952    -0.07412000
Spot 2    -0.01313597     0.01395392    -0.07412000
Spot 1    -0.01184133     0.01399036    -0.07412000
Spot 2    -0.01422867     0.01396255    -0.07412000
Spot 1    -0.01182386     0.01399308    -0.07412000
Spot 2    -0.01276604     0.01396112    -0.07412000
Spot 1    -0.01426659     0.01395607    -0.07412000
Spot 2    -0.01124904     0.01401038    -0.07412000
Spot 1    -0.01276608     0.01387435    -0.07412000
Spot 2    -0.01406456     0.01395464    -0.07412000
Spot 1    -0.01276600     0.01395862    -0.07412000
Spot 2    -0.01422867     0.01396255    -0.07412000
20MABNDA000053_PR041
Spot 1    -0.01213999     0.01287748    -0.07430100
Spot 2    -0.01398395     0.01406657    -0.07430100
Spot 1    -0.01214026     0.01287723    -0.07430100
Spot 2    -0.01398395     0.01406657    -0.07430100
Spot 1    -0.01214003     0.01287780    -0.07430100
Spot 2    -0.01398395     0.01406657    -0.07430100
Spot 1    -0.01398395     0.01406657    -0.07430100
Spot 2    -0.01288358     0.01407509    -0.07430100
Spot 1    -0.01398395     0.01406657    -0.07430100
Spot 2    -0.01288358     0.01407509    -0.07430100
Spot 1    -0.01398395     0.01406657    -0.07430100
Spot 2    -0.01288358     0.01407509    -0.07430100
Spot 1    -0.01398395     0.01406657    -0.07430100
Spot 2    -0.01288358     0.01407509    -0.07430100
Spot 1    -0.01398395     0.01406657    -0.07430100
Spot 2    -0.01288358     0.01407509    -0.07430100


*****************************************************************coordonnees du prisme dans le repere MOUNT********************************************************************************** 
20MABNDB000212_PR029
   -0.02598234     0.00136978     1.64217627
   -0.02598018     0.00136690     1.64217627
   -0.02598250     0.00136386     1.64217627
   -0.02597994     0.00136843     1.64217627
   -0.02598254     0.00136112     1.64217639
   -0.02597498     0.00137101     1.64217627
   -0.02597825     0.00137259     1.64217627
   -0.02597951     0.00136766     1.64217627
20MABNDB000128_PR030
   -0.00582285     0.01294372     2.95504117
    0.03389563     0.00914690     2.95471478
   -0.00582285     0.01294372     2.95504117
    0.03389563     0.00914690     2.95471478
   -0.00582285     0.01294372     2.95504117
    0.03389563     0.00914690     2.95471478
   -0.00582285     0.01294372     2.95504117
   -0.00582285     0.01294372     2.95504117
20MABNDA000444_PR040
   -0.00277341    -0.00513187     1.64491618
    0.00154218    -0.00571930     1.64487791
   -0.00651967    -0.00471874     1.64493906
   -0.00468834    -0.00569842     1.64492023
   -0.02089960    -0.00571249     1.64491904
   -0.01076050    -0.00584689     1.64493692
    0.00364221    -0.00434063     1.64487362
    0.00543846    -0.00534994     1.64484370
20MABNDA000053_PR041
    0.00305412    -0.00205763     2.95470023
    0.00305951    -0.00205282     2.95470023
    0.00305498    -0.00206394     2.95470023
    0.01765081    -0.02556832     2.95437264
    0.01765081    -0.02556832     2.95437264
    0.01765081    -0.02556832     2.95437264
    0.01765081    -0.02556832     2.95437264
    0.01765081    -0.02556832     2.95437264


*****************************************************************coordonnees du prisme dans le repere ATLAS********************************************************************************** 
20MABNDB000212_PR029 0.00000000
    2.59965873    -4.19507122    -6.53761911
    2.59965658    -4.19507122    -6.53762197
    2.59965873    -4.19507122    -6.53762531
    2.59965634    -4.19507122    -6.53762054
    2.59965897    -4.19507122    -6.53762770
    2.59965134    -4.19507122    -6.53761816
    2.59965467    -4.19507122    -6.53761625
    2.59965587    -4.19507122    -6.53762150
20MABNDB000128_PR030 0.00000000
    2.62305117    -4.14010525    -6.99106932
    2.66276836    -4.14047337    -6.98726368
    2.62305117    -4.14010525    -6.99106932
    2.66276836    -4.14047337    -6.98726368
    2.62305117    -4.14010525    -6.99106932
    2.66276836    -4.14047337    -6.98726368
    2.62305117    -4.14010525    -6.99106932
    2.62305117    -4.14010525    -6.99106932
20MABNDA000444_PR040 0.00000000
   -2.57794571    -4.19508839    -6.53405190
   -2.57363009    -4.19512606    -6.53346491
   -2.58169198    -4.19506598    -6.53446436
   -2.57986069    -4.19508457    -6.53348494
   -2.59607172    -4.19508743    -6.53346920
   -2.58593273    -4.19506836    -6.53333569
   -2.57153010    -4.19513035    -6.53484344
   -2.56973386    -4.19515991    -6.53383446
20MABNDA000053_PR041 0.00000000
   -2.62359738    -4.14002943    -6.97997522
   -2.62360287    -4.14002943    -6.97997046
   -2.62359834    -4.14002943    -6.97998142
   -2.63819218    -4.14039993    -7.00348663
   -2.63819218    -4.14039993    -7.00348663
   -2.63819218    -4.14039993    -7.00348663
   -2.63819218    -4.14039993    -7.00348663
   -2.63819218    -4.14039993    -7.00348663


*****************************************************************Rapport********************************************************************************** 
CAM-JDC-US-IP_JDC-US-IP        2014.09.19.16.24.33     2.59965640    -4.19507122    -6.53762132     0.00000241     0.00000000     0.00000350 0.00000000 VRAI 
CAM-JDC-US-HO_JDC-US-HO        2014.09.19.16.24.33     2.63794512    -4.14024329    -6.98964220     0.01922801     0.00017821     0.00184240 0.00000000 VRAI 
CAM-JDC-USA-IP_JDC-USA-IP      2014.09.19.16.24.33    -2.57954961    -4.19510138    -6.53386861     0.00803652     0.00003135     0.00051158 0.00000000 VRAI 
CAM-JDC-USA-HO_JDC-USA-HO      2014.09.19.16.24.33    -2.63271993    -4.14026099    -6.99467003     0.00706464     0.00017937     0.01138218 0.00000000 VRAI 
