********** Fichier qui contient une sauvegarde des coordonnees images + coordonnees images transformees dans le repere BCAM (MOUNT) + coordonnees des prismes dans le repere MOUNT********** 
********************************************************************** Unite en metres (m)************************************************************************************************** 

*******************************************************************coordonnees images dans le repere CCD *********************************************************************************** 
20MABNDA000196_PR006
Spot 1   0.00197811   0.00087076
Spot 2   0.00160743   0.00086704
Spot 1   0.00197812   0.00087086
Spot 2   0.00160730   0.00086691
Spot 1   0.00197800   0.00087082
Spot 2   0.00160732   0.00086703
Spot 1   0.00197792   0.00087097
Spot 2   0.00160740   0.00086706
Spot 1   0.00197794   0.00087074
Spot 2   0.00160737   0.00086703
Spot 1   0.00197780   0.00087076
Spot 2   0.00160736   0.00086701
Spot 1   0.00197796   0.00087084
Spot 2   0.00160759   0.00086707
Spot 1   0.00197786   0.00087091
Spot 2   0.00160738   0.00086713
Spot 1   0.00197791   0.00087073
Spot 2   0.00160734   0.00086706
Spot 1   0.00197789   0.00087100
Spot 2   0.00160737   0.00086708
Spot 1   0.00197787   0.00087096
Spot 2   0.00160713   0.00086730
Spot 1   0.00197788   0.00087081
Spot 2   0.00160750   0.00086733
20MABNDA000324_PR007
Spot 1   0.00195426   0.00114432
Spot 2   0.00174678   0.00115020
Spot 1   0.00195415   0.00114458
Spot 2   0.00174683   0.00115018
Spot 1   0.00195421   0.00114440
Spot 2   0.00174679   0.00115022
Spot 1   0.00195408   0.00114451
Spot 2   0.00174701   0.00115027
Spot 1   0.00195421   0.00114457
Spot 2   0.00174676   0.00115009
Spot 1   0.00195431   0.00114454
Spot 2   0.00174697   0.00115025
Spot 1   0.00195415   0.00114461
Spot 2   0.00174688   0.00115022
Spot 1   0.00195420   0.00114447
Spot 2   0.00174662   0.00115023
Spot 1   0.00195404   0.00114439
Spot 2   0.00174682   0.00115029
Spot 1   0.00195417   0.00114450
Spot 2   0.00174667   0.00115034
Spot 1   0.00195404   0.00114448
Spot 2   0.00174699   0.00115044
20MABNDB000001_PR017
Spot 1   0.00187274   0.00057932
Spot 2   0.00224286   0.00058813
Spot 1   0.00187256   0.00057927
Spot 2   0.00224270   0.00058810
Spot 1   0.00187273   0.00057924
Spot 2   0.00224279   0.00058809
Spot 1   0.00187271   0.00057915
Spot 2   0.00224289   0.00058811
Spot 1   0.00187273   0.00057932
Spot 2   0.00224307   0.00058817
Spot 1   0.00187274   0.00057931
Spot 2   0.00224289   0.00058808
Spot 1   0.00187279   0.00057913
Spot 2   0.00224296   0.00058800
Spot 1   0.00187280   0.00057917
Spot 2   0.00224280   0.00058812
Spot 1   0.00187277   0.00057900
Spot 2   0.00224302   0.00058824
Spot 1   0.00187284   0.00057922
Spot 2   0.00224309   0.00058811
Spot 1   0.00187277   0.00057898
Spot 2   0.00224293   0.00058804
20MABNDB000260_PR019
Spot 1   0.00192663   0.00143504
Spot 2   0.00213000   0.00143500
Spot 1   0.00192663   0.00143513
Spot 2   0.00213119   0.00143548
Spot 1   0.00192653   0.00143535
Spot 2   0.00213000   0.00143500
Spot 1   0.00192657   0.00143535
Spot 2   0.00213050   0.00143450
Spot 1   0.00192666   0.00143513
Spot 2   0.00213000   0.00143500
Spot 1   0.00192643   0.00143509
Spot 2   0.00213000   0.00143500
Spot 1   0.00192645   0.00143522
Spot 2   0.00213000   0.00143500
Spot 1   0.00192635   0.00143517
Spot 2   0.00213050   0.00143550
Spot 1   0.00192661   0.00143526
Spot 2   0.00213000   0.00143500
Spot 1   0.00192652   0.00143522
Spot 2   0.00213024   0.00143405
Spot 1   0.00192645   0.00143504
Spot 2   0.00213091   0.00143636


****************************************************************coordonnees images transformees dans le repere MOUNT************************************************************************* 
20MABNDA000196_PR006
Spot 1  -0.01293464   0.01310737  -0.07967100
Spot 2  -0.01256394   0.01310633  -0.07967100
Spot 1  -0.01293465   0.01310727  -0.07967100
Spot 2  -0.01256381   0.01310646  -0.07967100
Spot 1  -0.01293453   0.01310731  -0.07967100
Spot 2  -0.01256383   0.01310634  -0.07967100
Spot 1  -0.01293445   0.01310716  -0.07967100
Spot 2  -0.01256391   0.01310631  -0.07967100
Spot 1  -0.01293447   0.01310739  -0.07967100
Spot 2  -0.01256388   0.01310634  -0.07967100
Spot 1  -0.01293433   0.01310737  -0.07967100
Spot 2  -0.01256387   0.01310636  -0.07967100
Spot 1  -0.01293449   0.01310729  -0.07967100
Spot 2  -0.01256410   0.01310630  -0.07967100
Spot 1  -0.01293439   0.01310722  -0.07967100
Spot 2  -0.01256389   0.01310624  -0.07967100
Spot 1  -0.01293444   0.01310740  -0.07967100
Spot 2  -0.01256385   0.01310631  -0.07967100
Spot 1  -0.01293442   0.01310713  -0.07967100
Spot 2  -0.01256388   0.01310629  -0.07967100
Spot 1  -0.01293440   0.01310717  -0.07967100
Spot 2  -0.01256364   0.01310606  -0.07967100
Spot 1  -0.01293441   0.01310732  -0.07967100
Spot 2  -0.01256401   0.01310604  -0.07967100
20MABNDA000324_PR007
Spot 1  -0.01256050   0.01287720  -0.07446800
Spot 2  -0.01235298   0.01287294  -0.07446800
Spot 1  -0.01256039   0.01287694  -0.07446800
Spot 2  -0.01235303   0.01287296  -0.07446800
Spot 1  -0.01256045   0.01287712  -0.07446800
Spot 2  -0.01235299   0.01287292  -0.07446800
Spot 1  -0.01256032   0.01287701  -0.07446800
Spot 2  -0.01235321   0.01287287  -0.07446800
Spot 1  -0.01256045   0.01287695  -0.07446800
Spot 2  -0.01235296   0.01287305  -0.07446800
Spot 1  -0.01256055   0.01287698  -0.07446800
Spot 2  -0.01235317   0.01287289  -0.07446800
Spot 1  -0.01256039   0.01287691  -0.07446800
Spot 2  -0.01235308   0.01287292  -0.07446800
Spot 1  -0.01256044   0.01287705  -0.07446800
Spot 2  -0.01235282   0.01287291  -0.07446800
Spot 1  -0.01256028   0.01287713  -0.07446800
Spot 2  -0.01235302   0.01287285  -0.07446800
Spot 1  -0.01256041   0.01287702  -0.07446800
Spot 2  -0.01235287   0.01287280  -0.07446800
Spot 1  -0.01256028   0.01287704  -0.07446800
Spot 2  -0.01235319   0.01287270  -0.07446800
20MABNDB000001_PR017
Spot 1  -0.01231413  -0.01341006  -0.07418400
Spot 2  -0.01194394  -0.01340517  -0.07418400
Spot 1  -0.01231431  -0.01341011  -0.07418400
Spot 2  -0.01194410  -0.01340520  -0.07418400
Spot 1  -0.01231414  -0.01341014  -0.07418400
Spot 2  -0.01194401  -0.01340521  -0.07418400
Spot 1  -0.01231417  -0.01341023  -0.07418400
Spot 2  -0.01194391  -0.01340519  -0.07418400
Spot 1  -0.01231414  -0.01341006  -0.07418400
Spot 2  -0.01194373  -0.01340513  -0.07418400
Spot 1  -0.01231413  -0.01341007  -0.07418400
Spot 2  -0.01194391  -0.01340522  -0.07418400
Spot 1  -0.01231408  -0.01341025  -0.07418400
Spot 2  -0.01194384  -0.01340530  -0.07418400
Spot 1  -0.01231407  -0.01341021  -0.07418400
Spot 2  -0.01194400  -0.01340518  -0.07418400
Spot 1  -0.01231411  -0.01341038  -0.07418400
Spot 2  -0.01194378  -0.01340506  -0.07418400
Spot 1  -0.01231403  -0.01341016  -0.07418400
Spot 2  -0.01194371  -0.01340519  -0.07418400
Spot 1  -0.01231411  -0.01341040  -0.07418400
Spot 2  -0.01194387  -0.01340526  -0.07418400
20MABNDB000260_PR019
Spot 1  -0.01240332  -0.01246740  -0.07492700
Spot 2  -0.01220000  -0.01246328  -0.07492700
Spot 1  -0.01240333  -0.01246732  -0.07492700
Spot 2  -0.01219882  -0.01246277  -0.07492700
Spot 1  -0.01240343  -0.01246710  -0.07492700
Spot 2  -0.01220000  -0.01246328  -0.07492700
Spot 1  -0.01240339  -0.01246710  -0.07492700
Spot 2  -0.01219949  -0.01246377  -0.07492700
Spot 1  -0.01240330  -0.01246731  -0.07492700
Spot 2  -0.01220000  -0.01246328  -0.07492700
Spot 1  -0.01240352  -0.01246736  -0.07492700
Spot 2  -0.01220000  -0.01246328  -0.07492700
Spot 1  -0.01240351  -0.01246723  -0.07492700
Spot 2  -0.01220000  -0.01246328  -0.07492700
Spot 1  -0.01240361  -0.01246728  -0.07492700
Spot 2  -0.01219951  -0.01246276  -0.07492700
Spot 1  -0.01240335  -0.01246719  -0.07492700
Spot 2  -0.01220000  -0.01246328  -0.07492700
Spot 1  -0.01240344  -0.01246723  -0.07492700
Spot 2  -0.01219974  -0.01246422  -0.07492700
Spot 1  -0.01240350  -0.01246741  -0.07492700
Spot 2  -0.01219911  -0.01246190  -0.07492700


*****************************************************************coordonnees du prisme dans le repere MOUNT********************************************************************************** 
20MABNDA000196_PR006
 -0.01058727   0.01301164   1.64206731
 -0.01058858   0.01301134   1.64206731
 -0.01058966   0.01301222   1.64206731
 -0.01058964   0.01301419   1.64206731
 -0.01058977   0.01301136   1.64206731
 -0.01059142   0.01301137   1.64206731
 -0.01058715   0.01301285   1.64206731
 -0.01059051   0.01301431   1.64206731
 -0.01059044   0.01301157   1.64206731
 -0.01059029   0.01301475   1.64206731
 -0.01059310   0.01301675   1.64206731
 -0.01058897   0.01301539   1.64206731
20MABNDA000324_PR007
 -0.02501935   0.02518823   2.95550489
 -0.02502058   0.02519296   2.95550489
 -0.02502016   0.02519019   2.95550489
 -0.02501842   0.02519336   2.95550489
 -0.02502074   0.02519096   2.95550489
 -0.02501468   0.02519358   2.95550489
 -0.02501961   0.02519433   2.95550489
 -0.02502371   0.02519175   2.95550489
 -0.02502292   0.02519136   2.95550489
 -0.02502335   0.02519450   2.95550489
 -0.02501961   0.02519609   2.95550489
20MABNDB000001_PR017
 -0.02388040  -0.00591167   1.64037800
 -0.02387667  -0.00591085   1.64037800
 -0.02387950  -0.00591038   1.64037800
 -0.02388037  -0.00590960   1.64037800
 -0.02388259  -0.00591209   1.64037800
 -0.02388071  -0.00591102   1.64037800
 -0.02388200  -0.00590816   1.64037776
 -0.02388037  -0.00590993   1.64037800
 -0.02388244  -0.00590935   1.64037776
 -0.02388398  -0.00591033   1.64037776
 -0.02388144  -0.00590697   1.64037776
20MABNDB000260_PR019
 -0.02457662  -0.03569251   2.95629573
 -0.02459981  -0.03570418   2.95629525
 -0.02457453  -0.03569856   2.95629573
 -0.02458535  -0.03568893   2.95629573
 -0.02457717  -0.03569428   2.95629573
 -0.02457265  -0.03569340   2.95629573
 -0.02457300  -0.03569597   2.95629573
 -0.02458067  -0.03570499   2.95629573
 -0.02457612  -0.03569682   2.95629573
 -0.02457948  -0.03567739   2.95629573
 -0.02459044  -0.03571957   2.95629525


*****************************************************************coordonnees du prisme dans le repere ATLAS********************************************************************************** 
20MABNDA000196_PR006 0.00000000
  2.58504701  -4.19495678   6.55096436
  2.58504844  -4.19495678   6.55096388
  2.58504939  -4.19495678   6.55096483
  2.58504939  -4.19495678   6.55096674
  2.58504963  -4.19495678   6.55096388
  2.58505130  -4.19495678   6.55096388
  2.58504701  -4.19495678   6.55096531
  2.58505034  -4.19495678   6.55096674
  2.58505011  -4.19495678   6.55096436
  2.58505011  -4.19495678   6.55096722
  2.58505297  -4.19495678   6.55096960
  2.58504868  -4.19495678   6.55096817
20MABNDA000324_PR007 0.00000000
  2.59429789  -4.13995123   6.95072460
  2.59429669  -4.13995123   6.95071983
  2.59429717  -4.13995123   6.95072269
  2.59429884  -4.13995123   6.95071936
  2.59429669  -4.13995123   6.95072174
  2.59430265  -4.13995123   6.95071936
  2.59429765  -4.13995123   6.95071840
  2.59429359  -4.13995123   6.95072126
  2.59429431  -4.13995123   6.95072174
  2.59429407  -4.13995123   6.95071840
  2.59429765  -4.13995123   6.95071697
20MABNDB000001_PR017 0.00000000
 -2.59758615  -4.19502974   6.54123354
 -2.59758234  -4.19502974   6.54123259
 -2.59758520  -4.19502974   6.54123211
 -2.59758615  -4.19502974   6.54123116
 -2.59758830  -4.19502974   6.54123354
 -2.59758639  -4.19502974   6.54123259
 -2.59758782  -4.19503021   6.54122972
 -2.59758615  -4.19502974   6.54123163
 -2.59758830  -4.19503021   6.54123116
 -2.59758973  -4.19503021   6.54123211
 -2.59758711  -4.19503021   6.54122877
20MABNDB000260_PR019 0.00000000
 -2.60417938  -4.13994074   6.94495296
 -2.60415602  -4.13994074   6.94494152
 -2.60418153  -4.13994074   6.94494677
 -2.60417056  -4.13994074   6.94495678
 -2.60417867  -4.13994074   6.94495106
 -2.60418320  -4.13994074   6.94495201
 -2.60418296  -4.13994074   6.94494963
 -2.60417533  -4.13994074   6.94494057
 -2.60417986  -4.13994074   6.94494867
 -2.60417652  -4.13994074   6.94496822
 -2.60416555  -4.13994074   6.94492579


*****************************************************************Rapport********************************************************************************** 
CAM-JDA-US-IP_JDA-US-IP     2014.09.05.16.46.53   2.58504953  -4.19495678   6.55096575   0.00000161   0.00000000   0.00000183 0.00000000 VRAI 
CAM-JDA-US-HO_JDA-US-HO     2014.09.05.16.46.53   2.59429702  -4.13995123   6.95072040   0.00000242   0.00000000   0.00000212 0.00000000 VRAI 
CAM-JDA-USA-IP_JDA-USA-IP   2014.09.05.16.46.53  -2.59758670  -4.19502991   6.54123172   0.00000186   0.00000023   0.00000141 0.00000000 VRAI 
CAM-JDA-USA-HO_JDA-USA-HO   2014.09.05.16.46.53  -2.60417542  -4.13994074   6.94494854   0.00000797   0.00000000   0.00001013 0.00000000 VRAI 
