********** Fichier qui contient une sauvegarde des coordonnees images + coordonnees images transformees dans le repere BCAM (MOUNT) + coordonnees des prismes dans le repere MOUNT********** 
********************************************************************** Unite en metres (m)************************************************************************************************** 

*******************************************************************coordonnees images dans le repere CCD *********************************************************************************** 
20MABNDB000135_PR027
Spot 1 0.00283500 0.00116500
Spot 2 0.00274500 0.00235500
Spot 1 0.00283500 0.00116500
Spot 2 0.00337500 0.00002500
Spot 1 0.00283500 0.00116500
Spot 2 0.00274500 0.00235500
Spot 1 0.00283500 0.00116500
Spot 2 0.00337500 0.00002500
Spot 1 0.00337500 0.00002500
Spot 2 0.00173500 0.00015500
Spot 1 0.00283500 0.00116500
Spot 2 0.00337500 0.00002500
20MABNDB000126_PR028
Spot 1 0.00161500 0.00009500
Spot 2 0.00328382 0.00033618
Spot 1 0.00161500 0.00009500
Spot 2 0.00328395 0.00033605
Spot 1 0.00161500 0.00009500
Spot 2 0.00328395 0.00033605
Spot 1 0.00161500 0.00009500
Spot 2 0.00328395 0.00033605
Spot 1 0.00161500 0.00009500
Spot 2 0.00328395 0.00033605
20MABNDA000272_PR038
Spot 1 0.00070500 0.00012500
Spot 2 0.00326500 0.00005500
Spot 1 0.00326500 0.00005500
Spot 2 0.00025500 0.00002500
Spot 1 0.00326500 0.00005500
Spot 2 0.00025500 0.00002500
Spot 1 0.00326500 0.00005500
Spot 2 0.00025500 0.00002500
Spot 1 0.00326500 0.00005500
Spot 2 0.00025500 0.00002500
20MABNDA000003_PR039
Spot 1 0.00103500 0.00005500
Spot 2 0.00163500 0.00018500
Spot 1 0.00103500 0.00005500
Spot 2 0.00163500 0.00018500
Spot 1 0.00103500 0.00005500
Spot 2 0.00163500 0.00018500
Spot 1 0.00103500 0.00005500
Spot 2 0.00138500 0.00007500
Spot 1 0.00103500 0.00005500
Spot 2 0.00163500 0.00018500


****************************************************************coordonnees images transformees dans le repere MOUNT************************************************************************* 
20MABNDB000135_PR027
Spot 1 -0.01156696 -0.01295855 -0.07464699
Spot 2 -0.01164370 -0.01176762 -0.07464699
Spot 1 -0.01156696 -0.01295855 -0.07464699
Spot 2 -0.01103969 -0.01410449 -0.07464699
Spot 1 -0.01156696 -0.01295855 -0.07464699
Spot 2 -0.01164370 -0.01176762 -0.07464699
Spot 1 -0.01156696 -0.01295855 -0.07464699
Spot 2 -0.01103969 -0.01410449 -0.07464699
Spot 1 -0.01103969 -0.01410449 -0.07464699
Spot 2 -0.01267814 -0.01395624 -0.07464699
Spot 1 -0.01156696 -0.01295855 -0.07464699
Spot 2 -0.01103969 -0.01410449 -0.07464699
20MABNDB000126_PR028
Spot 1 -0.01255431 -0.01408730 -0.07500400
Spot 2 -0.01088681 -0.01383722 -0.07500400
Spot 1 -0.01255431 -0.01408730 -0.07500400
Spot 2 -0.01088668 -0.01383735 -0.07500400
Spot 1 -0.01255431 -0.01408730 -0.07500400
Spot 2 -0.01088668 -0.01383735 -0.07500400
Spot 1 -0.01255431 -0.01408730 -0.07500400
Spot 2 -0.01088668 -0.01383735 -0.07500400
Spot 1 -0.01255431 -0.01408730 -0.07500400
Spot 2 -0.01088668 -0.01383735 -0.07500400
20MABNDA000272_PR038
Spot 1 -0.01153919 0.01398431 -0.07417900
Spot 2 -0.01409906 0.01405884 -0.07417900
Spot 1 -0.01409906 0.01405884 -0.07417900
Spot 2 -0.01108902 0.01408351 -0.07417900
Spot 1 -0.01409906 0.01405884 -0.07417900
Spot 2 -0.01108902 0.01408351 -0.07417900
Spot 1 -0.01409906 0.01405884 -0.07417900
Spot 2 -0.01108902 0.01408351 -0.07417900
Spot 1 -0.01409906 0.01405884 -0.07417900
Spot 2 -0.01108902 0.01408351 -0.07417900
20MABNDA000003_PR039
Spot 1 -0.01183134 0.01399481 -0.07373400
Spot 2 -0.01243166 0.01386633 -0.07373400
Spot 1 -0.01183134 0.01399481 -0.07373400
Spot 2 -0.01243166 0.01386633 -0.07373400
Spot 1 -0.01183134 0.01399481 -0.07373400
Spot 2 -0.01243166 0.01386633 -0.07373400
Spot 1 -0.01183134 0.01399481 -0.07373400
Spot 2 -0.01218139 0.01397570 -0.07373400
Spot 1 -0.01183134 0.01399481 -0.07373400
Spot 2 -0.01243166 0.01386633 -0.07373400


*****************************************************************coordonnees du prisme dans le repere MOUNT********************************************************************************** 
20MABNDB000135_PR027
-0.05030819 -0.04044335 2.74899173
-0.06138055 0.00239963 2.74890947
-0.05030819 -0.04044335 2.74899173
-0.06138055 0.00239963 2.74890947
-0.04101039 0.02069180 2.74903107
-0.06138055 0.00239963 2.74890947
20MABNDB000126_PR028
-0.03952400 0.01208405 2.14664912
-0.03952586 0.01208589 2.14664912
-0.03952586 0.01208589 2.14664912
-0.03952586 0.01208589 2.14664912
-0.03952586 0.01208589 2.14664912
20MABNDA000272_PR038
-0.00695824 -0.02075274 2.74944520
-0.01520685 -0.02257011 2.74942708
-0.01520685 -0.02257011 2.74942708
-0.01520685 -0.02257011 2.74942708
-0.01520685 -0.02257011 2.74942708
20MABNDA000003_PR039
-0.02906885 -0.01033646 2.14891982
-0.02906885 -0.01033646 2.14891982
-0.02906885 -0.01033646 2.14891982
-0.03264506 -0.01189880 2.14887190
-0.02906885 -0.01033646 2.14891982


*****************************************************************coordonnees du prisme dans le repere ATLAS********************************************************************************** 
20MABNDB000135_PR027 0.00300000
2.57129478 -4.19475126 -3.79335546
2.55998039 -4.19451857 -3.83613467
2.57129478 -4.19475126 -3.79335546
2.55998039 -4.19451857 -3.83613467
2.58024597 -4.19467926 -3.85454249
2.55998039 -4.19451857 -3.83613467
20MABNDB000126_PR028 0.00300000
2.58636713 -4.19438457 -5.94429016
2.58636522 -4.19438457 -5.94429207
2.58636522 -4.19438457 -5.94429207
2.58636522 -4.19438457 -5.94429207
2.58636522 -4.19438457 -5.94429207
20MABNDA000272_PR038 0.00300000
-2.61758065 -4.19420195 -3.85923719
-2.60933256 -4.19421673 -3.86105609
-2.60933256 -4.19421673 -3.86105609
-2.60933256 -4.19421673 -3.86105609
-2.60933256 -4.19421673 -3.86105609
20MABNDA000003_PR039 0.00300000
-2.59265208 -4.19424677 -5.94309950
-2.59265208 -4.19424677 -5.94309950
-2.59265208 -4.19424677 -5.94309950
-2.58907580 -4.19430304 -5.94466114
-2.59265208 -4.19424677 -5.94309950


*****************************************************************Rapport********************************************************************************** 
CAM-EBC-US-IP_EBC-US-IP 2014.08.22.16.04.29 2.56712945 -4.19462291 -3.82494291 0.00774672 0.00010707 0.02326455 0.00300000 VRAI 
CAM-EBC-US-HO_EBC-US-HO 2014.08.22.16.04.29 2.58636560 -4.19438457 -5.94429169 0.00000076 0.00000000 0.00000076 0.00300000 VRAI 
CAM-EBC-USA-IP_EBC-USA-IP 2014.08.22.16.04.29 -2.61098218 -4.19421377 -3.86069231 0.00329924 0.00000591 0.00072756 0.00300000 VRAI 
CAM-EBC-USA-HO_EBC-USA-HO 2014.08.22.16.04.29 -2.59193683 -4.19425802 -5.94341183 0.00143051 0.00002251 0.00062466 0.00300000 VRAI 
