********** Fichier qui contient une sauvegarde des coordonnees images + coordonnees images transformees dans le repere BCAM (MOUNT) + coordonnees des prismes dans le repere MOUNT********** 
********************************************************************** Unite en metres (m)************************************************************************************************** 

*******************************************************************coordonnees images dans le repere CCD *********************************************************************************** 
20MABNDB000003_PR004
Spot 1 0.0015795 0.00129696
Spot 2 0.0012926 0.00129626
Spot 1 0.00157946 0.00129691
Spot 2 0.00129264 0.00129658
Spot 1 0.00157938 0.00129699
Spot 2 0.0012927 0.00129645
Spot 1 0.00157951 0.00129709
Spot 2 0.00129253 0.00129657
Spot 1 0.00157949 0.00129702
Spot 2 0.00129272 0.00129636
Spot 1 0.00157929 0.00129682
Spot 2 0.00129266 0.00129656
Spot 1 0.00157936 0.00129704
Spot 2 0.00129258 0.00129661
20MABNDA000134_PR002
Spot 1 0.00106884 0.00168032
Spot 2 0.00078355 0.00167158
Spot 1 0.00106892 0.0016803
Spot 2 0.00078362 0.00167174
Spot 1 0.00106881 0.00168035
Spot 2 0.00078348 0.00167176
Spot 1 0.00106888 0.00168035
Spot 2 0.00078362 0.0016717
Spot 1 0.00106888 0.00168044
Spot 2 0.00078368 0.00167164
Spot 1 0.00106888 0.00168038
Spot 2 0.00078339 0.00167178
Spot 1 0.00106888 0.00168035
Spot 2 0.00078362 0.00167176
20MABNDB000004_PR001
Spot 1 0.00179504 0.00039971
Spot 2 0.00207996 0.0004005
Spot 1 0.00179493 0.00039969
Spot 2 0.00207985 0.00040056
Spot 1 0.00179499 0.00039962
Spot 2 0.00207985 0.00040058
Spot 1 0.001795 0.00039964
Spot 2 0.00207988 0.0004005
Spot 1 0.001795 0.00039969
Spot 2 0.00207992 0.00040058
Spot 1 0.00179503 0.00039959
Spot 2 0.0020798 0.0004006
Spot 1 0.00179499 0.00039962
Spot 2 0.00207988 0.00040059
20MABNDA000279_PR003
Spot 1 0.00157868 0.00034214
Spot 2 0.00186423 0.00034921
Spot 1 0.0015786 0.00034205
Spot 2 0.00186416 0.00034926
Spot 1 0.00186428 0.00034924
Spot 2 0.00157873 0.00034206
Spot 1 0.00157874 0.00034207
Spot 2 0.00186416 0.00034927
Spot 1 0.00157883 0.00034211
Spot 2 0.00186424 0.00034922
Spot 1 0.00186427 0.00034923
Spot 2 0.00157869 0.00034212
Spot 1 0.00186425 0.00034929
Spot 2 0.00157866 0.00034205


****************************************************************coordonnees images transformees dans le repere MOUNT************************************************************************* 
20MABNDB000003_PR004
Spot 1 -0.0127098 -0.0125978 -0.073803
Spot 2 -0.0129967 -0.0125996 -0.073803
Spot 1 -0.0127098 -0.0125979 -0.073803
Spot 2 -0.0129967 -0.0125992 -0.073803
Spot 1 -0.0127099 -0.0125978 -0.073803
Spot 2 -0.0129966 -0.0125994 -0.073803
Spot 1 -0.0127098 -0.0125977 -0.073803
Spot 2 -0.0129968 -0.0125992 -0.073803
Spot 1 -0.0127098 -0.0125978 -0.073803
Spot 2 -0.0129966 -0.0125995 -0.073803
Spot 1 -0.01271 -0.012598 -0.073803
Spot 2 -0.0129966 -0.0125993 -0.073803
Spot 1 -0.0127099 -0.0125978 -0.073803
Spot 2 -0.0129967 -0.0125992 -0.073803
20MABNDA000134_PR002
Spot 1 -0.0120377 0.0124692 -0.076084
Spot 2 -0.0117522 0.01247 -0.076084
Spot 1 -0.0120377 0.0124692 -0.076084
Spot 2 -0.0117523 0.0124699 -0.076084
Spot 1 -0.0120376 0.0124692 -0.076084
Spot 2 -0.0117522 0.0124699 -0.076084
Spot 1 -0.0120377 0.0124692 -0.076084
Spot 2 -0.0117523 0.0124699 -0.076084
Spot 1 -0.0120377 0.0124691 -0.076084
Spot 2 -0.0117524 0.01247 -0.076084
Spot 1 -0.0120377 0.0124692 -0.076084
Spot 2 -0.0117521 0.0124698 -0.076084
Spot 1 -0.0120377 0.0124692 -0.076084
Spot 2 -0.0117523 0.0124699 -0.076084
20MABNDB000004_PR001
Spot 1 -0.012418 -0.0134633 -0.074591
Spot 2 -0.0121331 -0.0134641 -0.074591
Spot 1 -0.0124181 -0.0134633 -0.074591
Spot 2 -0.0121332 -0.0134641 -0.074591
Spot 1 -0.012418 -0.0134634 -0.074591
Spot 2 -0.0121332 -0.013464 -0.074591
Spot 1 -0.012418 -0.0134633 -0.074591
Spot 2 -0.0121332 -0.0134641 -0.074591
Spot 1 -0.012418 -0.0134633 -0.074591
Spot 2 -0.0121331 -0.013464 -0.074591
Spot 1 -0.012418 -0.0134634 -0.074591
Spot 2 -0.0121332 -0.013464 -0.074591
Spot 1 -0.012418 -0.0134634 -0.074591
Spot 2 -0.0121332 -0.013464 -0.074591
20MABNDA000279_PR003
Spot 1 -0.0125356 0.0137704 -0.073712
Spot 2 -0.0128211 0.0137643 -0.073712
Spot 1 -0.0125355 0.0137705 -0.073712
Spot 2 -0.0128211 0.0137643 -0.073712
Spot 1 -0.0128212 0.0137643 -0.073712
Spot 2 -0.0125356 0.0137705 -0.073712
Spot 1 -0.0125356 0.0137705 -0.073712
Spot 2 -0.0128211 0.0137643 -0.073712
Spot 1 -0.0125357 0.0137705 -0.073712
Spot 2 -0.0128212 0.0137643 -0.073712
Spot 1 -0.0128212 0.0137643 -0.073712
Spot 2 -0.0125356 0.0137704 -0.073712
Spot 1 -0.0128212 0.0137642 -0.073712
Spot 2 -0.0125356 0.0137705 -0.073712


*****************************************************************coordonnees du prisme dans le repere MOUNT********************************************************************************** 
20MABNDB000003_PR004
-0.00750117 -0.0288032 2.11996
-0.00750115 -0.028807 2.11996
-0.00750087 -0.0288063 2.11996
-0.00750029 -0.0288094 2.11996
-0.00750271 -0.0288055 2.11996
-0.00749905 -0.0288055 2.11996
-0.00749889 -0.0288093 2.11996
20MABNDA000134_PR002
-0.0339401 0.0307533 2.11618
-0.0339379 0.0307552 2.11618
-0.0339414 0.0307563 2.11618
-0.0339384 0.0307553 2.11618
-0.0339376 0.0307558 2.11618
-0.0339416 0.030757 2.11618
-0.0339384 0.0307562 2.11618
20MABNDB000004_PR001
-0.0229514 -0.00244429 2.12386
-0.0229483 -0.00244487 2.12386
-0.0229491 -0.00244416 2.12386
-0.0229497 -0.0024433 2.12386
-0.0229503 -0.00244515 2.12386
-0.022949 -0.00244401 2.12386
-0.0229495 -0.0024443 2.12386
20MABNDA000279_PR003
-0.0115575 -0.00653353 2.11588
-0.0115597 -0.00653409 2.11588
-0.0115561 -0.00653424 2.11588
-0.0115577 -0.00653367 2.11588
-0.0115553 -0.00653382 2.11588
-0.0115568 -0.00653353 2.11588
-0.0115576 -0.00653367 2.11588


*****************************************************************coordonnees du prisme dans le repere ATLAS********************************************************************************** 
20MABNDB000003_PR004
2.21626 1.00303 0.940937
2.21626 1.00303 0.940937
2.21626 1.00303 0.940937
2.21626 1.00303 0.940937
2.21627 1.00303 0.940937
2.21626 1.00303 0.940937
2.21626 1.00303 0.940937
20MABNDA000134_PR002
1.48533 2.64593 0.946505
1.48533 2.64593 0.946505
1.48533 2.64593 0.946505
1.48533 2.64593 0.946505
1.48533 2.64593 0.946505
1.48533 2.64593 0.946505
1.48533 2.64593 0.946505
20MABNDB000004_PR001
1.55587 1.03017 0.939882
1.55587 1.03017 0.939882
1.55587 1.03017 0.939882
1.55587 1.03017 0.939882
1.55587 1.03017 0.939882
1.55587 1.03017 0.939882
1.55587 1.03017 0.939882
20MABNDA000279_PR003
2.09562 2.68741 0.9459
2.09562 2.68741 0.9459
2.09562 2.68741 0.9459
2.09562 2.68741 0.9459
2.09562 2.68741 0.9459
2.09562 2.68741 0.9459
2.09562 2.68741 0.9459


*****************************************************************Rapport********************************************************************************** 
EBC-C-US-BCAM003_EBC-C-USA-P04 2013.10.1.15.38.41 2.21626 1.00303 0.940937 1.29248e-06 2.03406e-06 2.69266e-08 VRAI 
EBC-C-USA-BCAM134_EBC-A-USA-P02 2013.10.1.15.38.41 1.48533 2.64593 0.946505 1.55803e-06 1.0564e-06 2.69266e-08 VRAI 
EBC-A-US-BCAM004_EBC-C-US-P01 2013.10.1.15.38.41 1.55587 1.03017 0.939882 9.26527e-07 5.47081e-07 2.69266e-08 VRAI 
EBC-A-USA-BCAM279_EBC-A-USA-P03 2013.10.1.15.38.41 2.09562 2.68741 0.9459 1.27075e-06 2.68187e-07 3.186e-08 VRAI 
