********** Fichier qui contient une sauvegarde des coordonnees images + coordonnees images transformees dans le repere BCAM (MOUNT) + coordonnees des prismes dans le repere MOUNT********** 
********************************************************************** Unite en metres (m)************************************************************************************************** 

*******************************************************************coordonnees images dans le repere CCD *********************************************************************************** 
20MABNDM000168_PR025
Spot 1 0.00284164 0.00136875
Spot 2 0.00266728 0.00137193
Spot 1 0.00284191 0.00136879
Spot 2 0.00266733 0.00137167
Spot 1 0.00284181 0.00136867
Spot 2 0.00266744 0.00137182
Spot 1 0.00284178 0.00136877
Spot 2 0.0026675 0.00137189
Spot 1 0.00284195 0.00136882
Spot 2 0.00266727 0.00137181
20MABNDM000168_PR026
Spot 1 0.00217923 0.00121962
Spot 2 0.001525 0.0011225
Spot 1 0.002179 0.0012194
Spot 2 0.001523 0.001123
Spot 1 0.00217958 0.00121958
Spot 2 0.001525 0.0011225
Spot 1 0.002179 0.0012194
Spot 2 0.001523 0.001123
Spot 1 0.0021798 0.0012194
Spot 2 0.001523 0.001123
20MABNDM000168_PR001
Spot 1 0.00073 6.833e-05
Spot 2 0.000953 7.1e-05
Spot 1 0.000985 3.5e-05
Spot 2 0.00141167 4.5e-05
Spot 1 0.00131 3.5e-05
Spot 2 0.00098833 3.5e-05
Spot 1 0.000985 3.5e-05
Spot 2 0.002865 3.167e-05
Spot 1 0.00098167 3.167e-05
Spot 2 0.00285833 3.5e-05
20MABNDM000168_20MABNDL000077
Spot 1 0.00158097 0.00142062
Spot 2 0.00165516 0.00088204
Spot 1 0.00158085 0.00142041
Spot 2 0.0016548 0.00088163
Spot 1 0.00158071 0.0014204
Spot 2 0.0016548 0.00088128
Spot 1 0.00158061 0.00142056
Spot 2 0.0016548 0.0008809
20MABNDL000196_PR036
Spot 1 0.00084763 0.00179348
Spot 2 0.00139872 0.00166799
Spot 1 0.00084769 0.00179355
Spot 2 0.00139877 0.00166756
Spot 1 0.0008477 0.00179363
Spot 2 0.00139885 0.00166716
Spot 1 0.0008478 0.00179342
Spot 2 0.00139884 0.00166676
20MABNDL000196_PR037
Spot 1 0.00161458 0.00080577
Spot 2 0.00146192 0.00121833
Spot 1 0.00161429 0.00080559
Spot 2 0.00215611 0.00104377
Spot 1 0.00161464 0.00080548
Spot 2 0.00146146 0.0012193
Spot 1 0.00161458 0.00080554
Spot 2 0.0014615 0.00121825
20MABNDL000196_PR012
Spot 1 0.001603 6.1e-05
Spot 2 0.003085 5.5e-05
Spot 1 0.000485 9.25e-05
Spot 2 0.00243833 6.167e-05
Spot 1 0.002919 7.7e-05
Spot 2 0.00159833 6.167e-05
Spot 1 0.002685 9.5e-05
Spot 2 0.0016 5.75e-05
20MABNDL000196_20MABNDM000020
Spot 1 0.00183588 0.00130332
Spot 2 0.00225335 0.00067544
Spot 1 0.00183589 0.00130332
Spot 2 0.00225371 0.00067477
Spot 1 0.00183606 0.00130325
Spot 2 0.00225381 0.00067538
Spot 1 0.00183618 0.00130343
Spot 2 0.00225425 0.00067515


****************************************************************coordonnees images transformees dans le repere MOUNT************************************************************************* 
20MABNDM000168_PR025
Spot 1 -0.011561 -0.0356988 -0.005329
Spot 2 -0.0117353 -0.0357027 -0.005329
Spot 1 -0.0115607 -0.0356988 -0.005329
Spot 2 -0.0117353 -0.0357025 -0.005329
Spot 1 -0.0115608 -0.0356987 -0.005329
Spot 2 -0.0117351 -0.0357026 -0.005329
Spot 1 -0.0115608 -0.0356988 -0.005329
Spot 2 -0.0117351 -0.0357027 -0.005329
Spot 1 -0.0115606 -0.0356988 -0.005329
Spot 2 -0.0117353 -0.0357026 -0.005329
20MABNDM000168_PR026
Spot 1 -0.012224 -0.0355525 -0.005329
Spot 2 -0.0128786 -0.0354582 -0.005329
Spot 1 -0.0122242 -0.0355523 -0.005329
Spot 2 -0.0128806 -0.0354587 -0.005329
Spot 1 -0.0122237 -0.0355525 -0.005329
Spot 2 -0.0128786 -0.0354582 -0.005329
Spot 1 -0.0122242 -0.0355523 -0.005329
Spot 2 -0.0128806 -0.0354587 -0.005329
Spot 1 -0.0122234 -0.0355523 -0.005329
Spot 2 -0.0128806 -0.0354587 -0.005329
20MABNDM000168_PR001
Spot 1 -0.0136782 -0.0344074 -0.005329
Spot 2 -0.0134552 -0.0344092 -0.005329
Spot 1 -0.0134233 -0.034373 -0.005329
Spot 2 -0.0129966 -0.0343812 -0.005329
Spot 1 -0.0130983 -0.0343716 -0.005329
Spot 2 -0.01342 -0.034373 -0.005329
Spot 1 -0.0134233 -0.034373 -0.005329
Spot 2 -0.0115433 -0.0343616 -0.005329
Spot 1 -0.0134267 -0.0343697 -0.005329
Spot 2 -0.01155 -0.034365 -0.005329
20MABNDM000168_20MABNDL000077
Spot 1 -0.0128214 -0.0357561 -0.005329
Spot 2 -0.0127495 -0.0352172 -0.005329
Spot 1 -0.0128215 -0.0357559 -0.005329
Spot 2 -0.0127499 -0.0352168 -0.005329
Spot 1 -0.0128217 -0.0357558 -0.005329
Spot 2 -0.0127499 -0.0352164 -0.005329
Spot 1 -0.0128218 -0.035756 -0.005329
Spot 2 -0.0127499 -0.035216 -0.005329
20MABNDL000196_PR036
Spot 1 0.0118272 0.035982 -0.074836
Spot 2 0.0123786 0.0358576 -0.074836
Spot 1 0.0118273 0.035982 -0.074836
Spot 2 0.0123786 0.0358572 -0.074836
Spot 1 0.0118273 0.0359821 -0.074836
Spot 2 0.0123787 0.0358568 -0.074836
Spot 1 0.0118274 0.0359819 -0.074836
Spot 2 0.0123787 0.0358564 -0.074836
20MABNDL000196_PR037
Spot 1 0.0125962 0.0349959 -0.074836
Spot 2 0.0124427 0.0354081 -0.074836
Spot 1 0.012596 0.0349957 -0.074836
Spot 2 0.0131373 0.035235 -0.074836
Spot 1 0.0125963 0.0349956 -0.074836
Spot 2 0.0124423 0.0354091 -0.074836
Spot 1 0.0125962 0.0349956 -0.074836
Spot 2 0.0124423 0.035408 -0.074836
20MABNDL000196_PR012
Spot 1 0.0125862 0.0342511 -0.074836
Spot 2 0.0140682 0.0342482 -0.074836
Spot 1 0.0114682 0.0342802 -0.074836
Spot 2 0.0134215 0.0342535 -0.074836
Spot 1 0.0139022 0.0342698 -0.074836
Spot 2 0.0125815 0.0342517 -0.074836
Spot 1 0.0136681 0.0342873 -0.074836
Spot 2 0.0125832 0.0342476 -0.074836
20MABNDL000196_20MABNDM000020
Spot 1 0.0128165 0.0354939 -0.074836
Spot 2 0.0132353 0.0348669 -0.074836
Spot 1 0.0128165 0.0354939 -0.074836
Spot 2 0.0132356 0.0348662 -0.074836
Spot 1 0.0128167 0.0354938 -0.074836
Spot 2 0.0132357 0.0348668 -0.074836
Spot 1 0.0128168 0.035494 -0.074836
Spot 2 0.0132362 0.0348666 -0.074836


*****************************************************************coordonnees du prisme dans le repere MOUNT********************************************************************************** 
20MABNDM000168_PR025
-0.0638655 -0.0179124 -3.7884
-0.0638734 -0.0179178 -3.7884
-0.0638736 -0.0179171 -3.7884
-0.0638744 -0.0179129 -3.7884
-0.0638729 -0.0179137 -3.7884
20MABNDM000168_PR026
-0.0195498 -0.0271261 -3.9846
-0.0194918 -0.0271186 -3.9846
-0.0195589 -0.0271272 -3.9846
-0.0194918 -0.0271186 -3.9846
-0.0195126 -0.0271187 -3.9846
20MABNDM000168_PR001
0.0558124 -0.107813 -5.89417
0.0281599 -0.110235 -5.8944
0.0319736 -0.110606 -5.89437
-0.0281763 -0.110995 -5.89451
-0.0277886 -0.110993 -5.89451
20MABNDM000168_20MABNDL000077
-0.00533292 -0.0250805 -5.46867
-0.00531555 -0.0251028 -5.46867
-0.00531047 -0.0251157 -5.46867
-0.00530685 -0.0251236 -5.46867
20MABNDL000196_PR036
0.0467176 0.00144381 3.68778
0.0467149 0.00145259 3.68778
0.0467127 0.00146045 3.68778
0.0467104 0.00147545 3.68778
20MABNDL000196_PR037
0.0269811 0.0367274 3.88398
0.00903002 0.0412081 3.884
0.0269915 0.0367098 3.88398
0.026992 0.0367353 3.88398
20MABNDL000196_PR012
-0.0286394 0.111104 5.83473
0.0399096 0.109765 5.83484
-0.0220076 0.110238 5.83479
-0.0129823 0.10972 5.83484
20MABNDL000196_20MABNDM000020
-0.00386985 0.0385818 5.3943
-0.00388319 0.0386059 5.3943
-0.00389286 0.0385865 5.3943
-0.00391296 0.0385881 5.3943


*****************************************************************coordonnees du prisme dans le repere ATLAS********************************************************************************** 
20MABNDM000168_PR025 0
2.83535 -3.68147 -6.47905
2.83534 -3.68146 -6.47905
2.83534 -3.68146 -6.47905
2.83535 -3.68146 -6.47905
2.83535 -3.68146 -6.47905
20MABNDM000168_PR026 0
2.82611 -3.72585 -6.67523
2.82612 -3.72591 -6.67523
2.82611 -3.72584 -6.67523
2.82612 -3.72591 -6.67523
2.82612 -3.72589 -6.67523
20MABNDM000168_PR001 0
2.74529 -3.8019 -8.58477
2.74288 -3.77425 -8.58501
2.7425 -3.77806 -8.58497
2.74213 -3.71791 -8.58514
2.74213 -3.7183 -8.58514
20MABNDM000168_20MABNDL000077 0
2.82806 -3.74062 -8.1593
2.82804 -3.74064 -8.1593
2.82803 -3.74064 -8.1593
2.82802 -3.74065 -8.1593
20MABNDL000196_PR036 0
-2.85216 -3.69756 -6.4791
-2.85215 -3.69756 -6.4791
-2.85215 -3.69756 -6.4791
-2.85213 -3.69756 -6.4791
20MABNDL000196_PR037 0
-2.81687 -3.71746 -6.67528
-2.81239 -3.73541 -6.67528
-2.81689 -3.71745 -6.67528
-2.81687 -3.71745 -6.67528
20MABNDL000196_PR012 0
-2.74252 -3.77486 -8.62598
-2.74389 -3.70631 -8.62615
-2.74338 -3.76823 -8.62605
-2.74391 -3.7592 -8.62611
20MABNDL000196_20MABNDM000020 0
-2.81504 -3.74971 -8.18558
-2.81502 -3.74973 -8.18558
-2.81503 -3.74974 -8.18558
-2.81503 -3.74976 -8.18558


*****************************************************************Rapport********************************************************************************** 
CAM-LBC-US_EBC-US-HO-H 2014.08.18.15.16.49 2.83535 -3.68146 -6.47905 2.21921e-06 3.28776e-06 0 0 VRAI 
CAM-LBC-US_JDC-US-H 2014.08.18.15.16.49 2.82612 -3.72588 -6.67523 3.93094e-06 2.83938e-05 0 0 VRAI 
CAM-LBC-US_EBA-US-IP-H 2014.08.18.15.16.49 2.74299 -3.75809 -8.58501 0.00118444 0.0339911 0.00013772 0 VRAI 
CAM-LBC-US_CAM-LBA-US 2014.08.18.15.16.49 2.82804 -3.74064 -8.1593 1.63421e-05 9.97519e-06 0 0 VRAI 
CAM-LBC-USA_EBC-USA-HO-H 2014.08.18.15.16.49 -2.85215 -3.69756 -6.4791 1.16545e-05 2.66827e-06 2.38419e-07 0 VRAI 
CAM-LBC-USA_JDC-USA-H 2014.08.18.15.16.49 -2.81576 -3.72194 -6.67528 0.00194531 0.00777529 1.80002e-06 0 VRAI 
CAM-LBC-USA_EBA-USA-IP-H 2014.08.18.15.16.49 -2.74342 -3.75215 -8.62607 0.000564098 0.0270424 6.2792e-05 0 VRAI 
CAM-LBC-USA_CAM-LBA-USA 2014.08.18.15.16.49 -2.81503 -3.74973 -8.18558 9.16362e-06 1.57206e-05 0 0 VRAI 
