20MABNDA000318_PR004 2149.56 1626.28 24 101 0.296 64 1931.65 1626.80 21 88 0.171 64
20MABNDA000334_PR005 2477.69 1573.07 18 108 0.057 63 2197.19 1573.58 13 92 0.269 63
20MABNDB000317_PR015 1495.67 1607.93 27 129 0.052 65 1715.17 1601.92 26 119 0.111 65
20MABNDB000146_PR016 1451.55 1332.45 15 157 0.043 68 1727.39 1334.85 17 150 0.042 68
20MABNDL000077_PR002 788.69 1497.82 15 122 0.055 63 950.65 1499.35 5 69 0.659 63
20MABNDL000077_PR003 1518.01 1192.69 17 116 0.086 62 1667.81 1195.05 16 100 0.181 62
20MABNDL000077_20MABNDM000168 1878.36 1487.66 13 103 0.077 62 -1 -1 0 0 0 62
20MABNDL000077_PR024 2724.44 1720.43 15 116 0.036 63 -1 -1 0 0 0 63
20MABNDM000020_PR013 1643.50 2150.59 24 145 0.027 64
20MABNDM000020_PR013 1490.96 2163.45 35 149 0.070 64
20MABNDM000020_PR014 2678.50 2291.15 22 148 0.034 64
20MABNDM000020_PR014 2515.88 2298.20 32 148 0.202 64
20MABNDM000020_20MABNDL000196 2001.64 568.44 20 131 0.054 63
20MABNDM000020_20MABNDL000196 1125.00 15.00 1 67 0.000 61
20MABNDM000020_PR035 1263.52 865.34 72 146 0.189 69
20MABNDM000020_PR035 1196.43 1039.41 290 151 0.512 70
20MABNDM000168_PR025 1098.49 1591.78 1527 165 0.472 75 925.00 1265.00 1 76 0.000 75
20MABNDM000168_PR026 2576.01 1667.86 1369 164 0.459 74 -1 -1 0 0 0 74
20MABNDM000168_20MABNDL000077 1578.66 1412.86 4080 171 0.849 76 1325.64 1052.07 19 124 0.286 76
20MABNDM000168_PR001 717.46 1789.28 420 170 0.635 71 735.00 1545.00 1 73 0.000 71
20MABNDL000196_PR036 1124.46 1645.08 33 169 0.225 71 960.91 1646.40 16 110 0.111 71
20MABNDL000196_PR037 2636.51 1172.78 24 167 0.112 71 2482.02 1173.60 17 136 0.051 71
20MABNDL000196_20MABNDM000020 1730.39 1031.91 22 173 0.062 70 1951.46 1032.02 20 171 0.030 70
20MABNDL000196_PR012 2685.00 97.86 5 71 7.143 68 3178.33 48.33 3 69 0.000 68
20MABNDB000135_PR027 1893.69 945.54 70 176 0.273 68 2109.47 940.10 54 175 0.060 68
20MABNDB000126_PR028 1933.78 2006.64 18 129 0.056 65 1651.92 2004.53 16 113 0.122 65
20MABNDA000272_PR038 1922.53 970.25 18 105 0.026 67 1698.53 970.43 15 93 0.143 67
20MABNDA000003_PR039 2006.78 1932.86 19 174 0.018 72 2284.59 1931.95 17 161 0.021 72
20MABNDA000196_PR006 1979.88 751.34 16 108 0.075 63 1610.25 747.83 14 105 0.014 63
20MABNDA000324_PR007 1952.13 1213.74 18 109 0.012 64 1745.92 1219.59 16 95 0.089 64
20MABNDB000001_PR017 495.00 185.00 1 84 0.000 67 695.00 235.00 1 74 0.000 67
20MABNDB000260_PR019 1927.62 1496.01 19 156 0.039 68 2131.82 1496.06 11 100 0.122 68
20MABNDB000212_PR029 2234.87 725.16 21 178 0.005 70 1867.94 724.80 16 124 0.114 70
20MABNDB000128_PR030 1904.27 2008.37 20 104 0.215 62 2108.10 2002.89 17 100 0.104 62
20MABNDA000444_PR040 750.29 381.53 16 110 0.102 71 1116.76 377.28 13 97 0.275 71
20MABNDA000053_PR041 1658.04 1991.08 18 119 0.146 68 1454.08 1987.70 20 118 0.144 68
20MABNDA000188_PR008 2957.00 633.00 4 65 8.246 63
20MABNDA000188_PR008 2835.00 125.00 1 68 0.000 64
20MABNDA000188_PR010 1553.88 1623.93 196 178 0.380 71
20MABNDA000188_PR010 1086.46 1497.15 22 174 0.028 70
20MABNDA000039_PR009 657.98 1210.00 31 110 0.611 61
20MABNDA000039_PR009 611.21 1214.16 25 141 0.294 64
20MABNDA000039_PR011 2757.40 377.07 19 178 0.024 67
20MABNDA000039_PR011 2581.58 371.67 20 160 0.039 66
20MABNDB000155_PR020 670.02 1085.28 22 101 0.193 61
20MABNDB000155_PR020 735.62 1081.61 25 106 0.385 62
20MABNDB000155_PR022 2208.57 1095.00 16 101 0.109 62
20MABNDB000155_PR022 2681.64 1090.86 16 100 0.118 61
20MABNDB000010_PR021 2867.18 1190.29 22 101 0.283 62
20MABNDB000010_PR021 2922.89 1193.28 22 115 0.084 63
20MABNDB000010_PR023 1310.03 424.33 17 177 0.022 69
20MABNDB000010_PR023 1485.06 422.64 21 180 0.061 69
20MABNDB000069_PR031 318.87 1388.21 35 109 0.251 62
20MABNDB000069_PR031 386.46 1387.80 31 103 0.194 62
20MABNDB000069_PR033 1892.58 1868.20 16 100 0.039 61
20MABNDB000069_PR033 2362.81 1887.42 17 136 0.007 65
20MABNDB000131_PR032 2782.63 1103.42 22 116 0.145 64
20MABNDB000131_PR032 2842.93 1106.98 24 111 0.133 63
20MABNDB000131_PR034 941.43 403.61 18 138 0.033 66
20MABNDB000131_PR034 1118.03 403.82 19 117 0.088 64
20MABNDA000208_PR042 2990.96 919.99 26 115 0.443 65
20MABNDA000208_PR042 2920.71 921.63 22 117 0.332 65
20MABNDA000208_PR046 1303.96 2004.17 58 179 0.211 71
20MABNDA000208_PR046 833.86 1989.25 29 178 0.046 71
20MABNDA000035_PR044 740.86 1283.87 21 102 0.212 61
20MABNDA000035_PR044 684.26 1279.03 20 128 0.053 64
20MABNDA000035_PR047 2550.44 581.19 66 177 0.265 70
20MABNDA000035_PR047 2377.19 581.90 72 177 0.192 70
20MABNDA000318_PR004 2149.47 1626.19 22 101 0.117 64 1931.67 1626.72 21 89 0.167 64
20MABNDA000334_PR005 2477.57 1572.86 17 108 0.020 63 2197.34 1573.35 13 93 0.239 63
20MABNDB000317_PR015 1495.73 1607.88 27 131 0.055 65 1715.21 1601.96 26 120 0.111 65
20MABNDB000146_PR016 1451.48 1332.44 15 158 0.041 68 1727.45 1334.92 17 152 0.039 68
20MABNDL000077_PR002 788.80 1497.68 14 122 0.050 63 950.45 1499.09 5 69 0.636 63
20MABNDL000077_PR003 1517.83 1192.71 18 116 0.067 62 1667.84 1195.09 16 101 0.174 62
20MABNDL000077_20MABNDM000168 1878.38 1487.56 13 104 0.080 62 -1 -1 0 0 0 62
20MABNDL000077_PR024 2724.47 1720.53 15 117 0.038 63 -1 -1 0 0 0 63
20MABNDM000020_PR013 1643.67 2150.69 24 145 0.026 64
20MABNDM000020_PR013 1490.98 2163.75 34 150 0.054 65
20MABNDM000020_PR014 2678.57 2291.24 22 147 0.037 64
20MABNDM000020_PR014 2515.79 2298.31 31 148 0.218 64
20MABNDM000020_20MABNDL000196 2001.65 568.45 20 131 0.053 63
20MABNDM000020_20MABNDL000196 1125.00 15.00 1 68 0.000 61
20MABNDM000020_PR035 1263.45 865.39 72 145 0.190 69
20MABNDM000020_PR035 1196.57 1038.67 297 151 0.544 69
20MABNDM000168_PR025 1098.40 1590.70 1528 165 0.478 75 925.00 1265.00 1 77 0.000 75
20MABNDM000168_PR026 2576.00 1667.85 1370 164 0.467 74 -1 -1 0 0 0 74
20MABNDM000168_20MABNDL000077 1578.70 1413.33 4064 172 0.823 76 1326.22 1050.98 21 124 0.254 76
20MABNDM000168_PR001 717.60 1790.20 421 170 0.648 71 735.00 1545.00 1 73 0.000 71
20MABNDL000196_PR036 1124.52 1645.35 33 169 0.219 71 960.95 1646.60 16 110 0.121 71
20MABNDL000196_PR037 2636.65 1172.92 26 167 0.168 71 2482.02 1173.79 18 136 0.010 71
20MABNDL000196_20MABNDM000020 1730.35 1031.80 21 173 0.039 70 1951.55 1031.91 20 170 0.029 70
20MABNDL000196_PR012 3322.50 45.00 4 69 0.000 68 882.50 60.00 4 69 0.000 68
20MABNDB000135_PR027 1893.63 945.59 71 176 0.275 68 2109.46 940.06 53 175 0.067 68
20MABNDB000126_PR028 1933.67 2006.72 18 129 0.053 65 1652.01 2004.50 16 113 0.127 65
20MABNDA000272_PR038 1922.29 970.08 18 105 0.036 67 1698.68 970.20 15 92 0.120 67
20MABNDA000003_PR039 2006.72 1932.90 19 174 0.016 72 2284.53 1931.95 17 160 0.022 72
20MABNDA000196_PR006 1979.93 751.32 16 108 0.075 63 1610.31 747.77 14 104 0.019 63
20MABNDA000324_PR007 1951.88 1213.60 18 107 0.032 64 1746.11 1219.55 16 94 0.111 64
20MABNDB000001_PR017 495.00 185.00 1 85 0.000 67 1915.00 725.00 1 73 0.000 67
20MABNDB000260_PR019 1927.77 1495.81 19 156 0.036 68 2131.91 1495.74 11 99 0.133 68
20MABNDB000212_PR029 2234.87 725.05 21 178 0.004 70 1868.05 724.87 16 123 0.108 70
20MABNDB000128_PR030 1904.07 2008.02 20 104 0.186 62 2107.85 2002.60 17 100 0.133 62
20MABNDA000444_PR040 750.38 381.54 16 111 0.102 71 1116.82 377.26 13 97 0.269 71
20MABNDA000053_PR041 1658.01 1991.13 18 120 0.145 68 1453.99 1987.59 19 119 0.069 68
20MABNDA000188_PR008 2785.00 235.00 1 66 0.000 63
20MABNDA000188_PR008 2675.00 75.00 3 65 0.000 64
20MABNDA000188_PR010 1553.85 1623.70 196 178 0.377 71
20MABNDA000188_PR010 1086.41 1497.07 22 174 0.027 70
20MABNDA000039_PR009 657.67 1210.22 35 109 0.518 60
20MABNDA000039_PR009 611.50 1214.17 29 139 0.353 63
20MABNDA000039_PR011 2757.34 377.09 19 177 0.023 67
20MABNDA000039_PR011 2581.69 371.70 20 158 0.035 65
20MABNDB000155_PR020 670.11 1085.58 20 100 0.206 61
20MABNDB000155_PR020 735.52 1081.49 25 106 0.394 62
20MABNDB000155_PR022 2208.52 1095.11 16 105 0.097 62
20MABNDB000155_PR022 2681.70 1090.91 15 105 0.040 62
20MABNDB000010_PR021 2866.86 1190.46 22 101 0.207 62
20MABNDB000010_PR021 2922.80 1193.39 24 116 0.184 63
20MABNDB000010_PR023 1309.99 424.37 16 178 0.013 69
20MABNDB000010_PR023 1485.00 422.74 21 180 0.058 69
20MABNDB000069_PR031 319.41 1388.28 33 107 0.280 62
20MABNDB000069_PR031 386.30 1386.61 27 102 0.414 62
20MABNDB000069_PR033 1892.72 1868.16 15 114 0.098 63
20MABNDB000069_PR033 2362.82 1887.39 17 162 0.006 68
20MABNDB000131_PR032 2782.64 1103.82 22 106 0.176 63
20MABNDB000131_PR032 2843.07 1106.87 22 106 0.111 63
20MABNDB000131_PR034 941.57 403.63 18 130 0.030 65
20MABNDB000131_PR034 1118.11 403.85 19 111 0.096 63
20MABNDA000208_PR042 2991.19 919.81 32 112 0.382 64
20MABNDA000208_PR042 2921.01 921.72 22 114 0.376 65
20MABNDA000208_PR046 1303.90 2002.72 56 179 0.199 71
20MABNDA000208_PR046 833.74 1988.39 29 177 0.037 71
20MABNDA000035_PR044 741.06 1283.84 22 120 0.201 63
20MABNDA000035_PR044 685.12 1278.69 24 151 0.205 66
20MABNDA000035_PR047 2550.97 562.38 18 127 0.117 63
20MABNDA000035_PR047 2376.02 562.57 18 139 0.066 65
20MABNDA000318_PR004 2149.39 1626.24 22 101 0.115 64 1931.80 1626.97 21 89 0.246 64
20MABNDA000334_PR005 2477.63 1572.95 18 108 0.066 63 2197.36 1573.39 13 92 0.235 63
20MABNDB000317_PR015 1495.77 1608.09 27 129 0.049 65 1715.41 1602.13 26 121 0.122 65
20MABNDB000146_PR016 1451.48 1332.54 15 158 0.044 68 1727.44 1334.90 17 153 0.040 68
20MABNDL000077_PR002 788.73 1497.56 14 122 0.054 63 950.65 1499.35 5 69 0.659 63
20MABNDL000077_PR003 1517.99 1192.72 18 116 0.067 62 1667.81 1194.95 16 100 0.174 62
20MABNDL000077_20MABNDM000168 1878.39 1487.54 14 104 0.103 62 -1 -1 0 0 0 62
20MABNDL000077_PR024 2724.68 1720.31 16 117 0.022 63 -1 -1 0 0 0 63
20MABNDM000020_PR013 1643.59 2150.56 24 146 0.024 64
20MABNDM000020_PR013 1491.03 2163.59 35 150 0.074 65
20MABNDM000020_PR014 2678.45 2291.15 22 148 0.033 64
20MABNDM000020_PR014 2515.95 2298.16 32 148 0.204 64
20MABNDM000020_20MABNDL000196 2001.76 568.10 19 132 0.045 64
20MABNDM000020_20MABNDL000196 1125.00 15.00 1 68 0.000 61
20MABNDM000020_PR035 1263.45 865.39 72 145 0.166 69
20MABNDM000020_PR035 1196.41 1038.97 290 151 0.506 70
20MABNDM000168_PR025 1098.57 1590.87 1529 165 0.472 75 925.00 1265.00 1 76 0.000 75
20MABNDM000168_PR026 2576.10 1667.67 1373 163 0.463 74 -1 -1 0 0 0 74
20MABNDM000168_20MABNDL000077 1578.74 1413.65 4044 171 0.823 76 1406.49 877.64 20 145 0.186 76
20MABNDM000168_PR001 717.65 1790.82 422 170 0.636 71 735.00 1545.00 1 73 0.000 71
20MABNDL000196_PR036 1124.54 1645.24 33 169 0.232 71 960.91 1646.52 16 110 0.118 71
20MABNDL000196_PR037 2636.50 1173.00 24 167 0.108 71 2481.94 1173.92 17 137 0.046 71
20MABNDL000196_20MABNDM000020 1730.42 1031.72 22 173 0.059 70 1951.60 1031.82 20 170 0.029 70
20MABNDL000196_PR012 1915.00 42.50 4 69 0.000 68 3175.00 50.00 4 69 0.000 68
20MABNDB000135_PR027 1893.67 945.49 70 176 0.273 68 2109.50 939.99 54 174 0.076 68
20MABNDB000126_PR028 1933.65 2006.71 18 129 0.053 65 1651.78 2004.42 16 112 0.115 65
20MABNDA000272_PR038 1922.26 970.11 18 105 0.039 67 1698.37 970.33 14 92 0.055 67
20MABNDA000003_PR039 2006.66 1932.86 19 174 0.017 71 2284.52 1931.97 17 159 0.022 71
20MABNDA000196_PR006 1980.03 751.38 16 109 0.077 63 1610.17 747.79 14 105 0.010 63
20MABNDA000324_PR007 1952.13 1213.76 18 108 0.011 64 1745.97 1219.36 16 95 0.104 64
20MABNDB000001_PR017 995.00 1555.00 1 110 0.000 67 495.00 185.00 1 83 0.000 67
20MABNDB000260_PR019 1927.77 1495.98 18 156 0.004 68 2131.73 1495.54 10 98 0.101 68
20MABNDB000212_PR029 2234.86 725.05 21 178 0.004 70 1867.95 724.71 16 124 0.113 70
20MABNDB000128_PR030 1904.38 2008.02 21 105 0.240 62 2107.93 2002.69 17 100 0.124 62
20MABNDA000444_PR040 750.47 381.57 16 110 0.105 71 1116.88 377.25 13 97 0.263 71
20MABNDA000053_PR041 1658.19 1991.15 17 120 0.139 68 1454.17 1987.61 21 120 0.182 68
20MABNDA000188_PR008 2835.00 125.00 1 66 0.000 63
20MABNDA000188_PR008 2835.00 125.00 1 67 0.000 64
20MABNDA000188_PR010 1554.72 1687.03 1051 180 0.551 73
20MABNDA000188_PR010 1086.49 1497.08 22 174 0.028 70
20MABNDA000039_PR009 657.57 1210.28 34 109 0.531 60
20MABNDA000039_PR009 611.35 1214.30 26 141 0.328 64
20MABNDA000039_PR011 2757.36 377.09 19 178 0.023 67
20MABNDA000039_PR011 2581.62 371.71 20 160 0.037 66
20MABNDB000155_PR020 671.03 1085.32 17 116 0.077 63
20MABNDB000155_PR020 735.63 1081.27 26 125 0.325 64
20MABNDB000155_PR022 2208.77 1095.00 16 100 0.086 61
20MABNDB000155_PR022 2681.48 1091.19 18 100 0.155 61
20MABNDB000010_PR021 2866.85 1190.07 29 101 0.217 61
20MABNDB000010_PR021 2922.49 1193.44 24 114 0.192 63
20MABNDB000010_PR023 1309.99 424.36 16 177 0.014 69
20MABNDB000010_PR023 1485.06 422.63 20 180 0.036 69
20MABNDB000069_PR031 319.39 1388.25 33 108 0.328 62
20MABNDB000069_PR031 386.83 1386.70 29 103 0.398 62
20MABNDB000069_PR033 1892.60 1868.10 15 112 0.097 63
20MABNDB000069_PR033 2362.75 1887.50 17 160 0.006 67
20MABNDB000131_PR032 2782.64 1103.66 22 105 0.178 63
20MABNDB000131_PR032 2843.09 1106.94 22 103 0.121 63
20MABNDB000131_PR034 941.83 403.75 18 129 0.018 65
20MABNDB000131_PR034 1118.27 404.01 19 109 0.099 63
20MABNDA000208_PR042 2991.12 919.72 31 112 0.375 64
20MABNDA000208_PR042 2921.06 921.70 22 114 0.384 65
20MABNDA000208_PR046 1303.95 2002.44 56 179 0.196 71
20MABNDA000208_PR046 833.80 1988.31 29 178 0.036 71
20MABNDA000035_PR044 740.78 1284.01 21 101 0.238 61
20MABNDA000035_PR044 684.40 1278.86 23 125 0.172 63
20MABNDA000035_PR047 2550.35 580.45 64 177 0.243 70
20MABNDA000035_PR047 2376.05 562.66 20 115 0.043 62
20MABNDA000318_PR004 2149.37 1626.48 23 101 0.186 64 1931.70 1626.75 20 89 0.114 64
20MABNDA000334_PR005 2477.59 1572.93 17 107 0.025 63 2197.18 1573.40 13 92 0.254 63
20MABNDB000317_PR015 1495.76 1608.06 28 128 0.081 64 1715.22 1602.14 27 119 0.050 64
20MABNDB000146_PR016 1451.51 1332.47 15 156 0.043 68 1727.42 1334.85 17 150 0.042 68
20MABNDL000077_PR002 788.86 1497.66 14 121 0.049 63 950.65 1498.48 5 69 0.422 63
20MABNDL000077_PR003 1517.96 1192.49 17 116 0.095 62 1667.81 1194.95 16 100 0.181 62
20MABNDL000077_20MABNDM000168 1878.43 1487.49 14 103 0.103 62 -1 -1 0 0 0 62
20MABNDL000077_PR024 2724.67 1720.46 16 116 0.028 63 -1 -1 0 0 0 63
20MABNDM000020_PR013 1643.49 2150.56 24 145 0.026 64
20MABNDM000020_PR013 1491.03 2163.36 35 150 0.070 65
20MABNDM000020_PR014 2678.51 2291.13 22 147 0.034 64
20MABNDM000020_PR014 2515.75 2298.22 31 148 0.222 64
20MABNDM000020_20MABNDL000196 2001.74 568.08 20 131 0.040 63
20MABNDM000020_20MABNDL000196 1125.00 15.00 1 67 0.000 61
20MABNDM000020_PR035 1263.64 865.16 72 145 0.202 69
20MABNDM000020_PR035 1196.64 1037.79 296 151 0.549 69
20MABNDM000168_PR025 1098.56 1590.86 1529 164 0.472 75 925.00 1265.00 1 76 0.000 75
20MABNDM000168_PR026 2576.06 1668.68 1372 163 0.484 74 -1 -1 0 0 0 74
20MABNDM000168_20MABNDL000077 1578.71 1413.40 4062 171 0.845 76 1325.15 1054.22 19 120 0.500 76
20MABNDM000168_PR001 716.87 1792.50 430 169 0.664 71 735.00 1545.00 1 73 0.000 71
20MABNDL000196_PR036 1124.46 1645.39 32 169 0.222 71 960.91 1646.56 16 109 0.120 71
20MABNDL000196_PR037 2636.42 1173.07 24 167 0.109 71 2482.04 1173.85 18 136 0.008 71
20MABNDL000196_20MABNDM000020 1730.29 1031.70 21 172 0.038 70 1951.72 1031.81 20 170 0.027 70
20MABNDL000196_PR012 3375.00 15.00 1 71 0.000 68 3321.67 41.67 3 69 0.000 68
20MABNDB000135_PR027 1893.63 945.73 69 176 0.273 68 2109.46 940.35 52 174 0.060 68
20MABNDB000126_PR028 1933.65 2006.48 18 129 0.065 65 1651.86 2004.46 16 113 0.117 65
20MABNDA000272_PR038 1922.56 970.31 18 105 0.028 67 1698.37 970.50 14 92 0.065 67
20MABNDA000003_PR039 2006.79 1932.90 19 174 0.016 71 2284.67 1931.90 17 160 0.018 71
20MABNDA000196_PR006 1980.07 751.38 16 109 0.077 63 1610.27 747.71 14 105 0.017 63
20MABNDA000324_PR007 1952.01 1213.79 18 108 0.016 64 1745.89 1219.40 16 94 0.098 64
20MABNDB000001_PR017 495.00 185.00 1 84 0.000 67 695.00 235.00 1 73 0.000 67
20MABNDB000260_PR019 1927.69 1495.90 19 156 0.037 68 2131.88 1495.69 11 99 0.143 68
20MABNDB000212_PR029 2234.94 725.14 21 178 0.004 70 1868.18 724.81 16 123 0.100 70
20MABNDB000128_PR030 1904.32 2008.36 20 105 0.211 62 2107.90 2002.84 17 99 0.118 62
20MABNDA000444_PR040 750.26 381.65 16 110 0.107 71 1116.80 377.23 13 96 0.269 71
20MABNDA000053_PR041 1658.13 1990.87 19 120 0.114 68 1454.17 1987.48 21 119 0.172 68
20MABNDA000188_PR008 2959.00 631.00 4 65 7.211 63
20MABNDA000188_PR008 2790.00 100.00 2 66 0.000 64
20MABNDA000188_PR010 1554.69 1686.80 1051 180 0.548 73
20MABNDA000188_PR010 1086.44 1497.11 22 174 0.027 70
20MABNDA000039_PR009 658.00 1210.22 30 110 0.620 61
20MABNDA000039_PR009 611.20 1214.09 25 141 0.293 64
20MABNDA000039_PR011 2757.35 377.17 19 178 0.024 67
20MABNDA000039_PR011 2581.59 371.81 20 161 0.036 66
20MABNDB000155_PR020 670.58 1085.47 22 100 0.119 61
20MABNDB000155_PR020 735.15 1081.47 24 107 0.355 62
20MABNDB000155_PR022 2208.70 1095.04 16 100 0.091 61
20MABNDB000155_PR022 2681.49 1090.83 16 101 0.107 61
20MABNDB000010_PR021 2866.72 1190.19 30 101 0.271 61
20MABNDB000010_PR021 2922.69 1193.33 23 116 0.155 63
20MABNDB000010_PR023 1309.98 424.40 17 178 0.023 69
20MABNDB000010_PR023 1485.04 422.72 21 180 0.059 69
20MABNDB000069_PR031 320.01 1387.93 34 105 0.212 62
20MABNDB000069_PR031 386.60 1386.89 28 104 0.310 62
20MABNDB000069_PR033 1892.53 1868.05 16 100 0.050 61
20MABNDB000069_PR033 2362.84 1887.52 17 137 0.010 65
20MABNDB000131_PR032 2782.76 1103.44 22 116 0.154 64
20MABNDB000131_PR032 2843.34 1106.51 23 110 0.165 63
20MABNDB000131_PR034 941.66 403.66 18 138 0.024 66
20MABNDB000131_PR034 1118.09 403.80 19 117 0.091 64
20MABNDA000208_PR042 2990.77 920.16 25 114 0.395 65
20MABNDA000208_PR042 2920.80 921.59 22 117 0.353 65
20MABNDA000208_PR046 1303.92 2004.37 58 179 0.206 71
20MABNDA000208_PR046 833.80 1989.31 29 178 0.047 71
20MABNDA000035_PR044 740.71 1284.17 21 102 0.213 61
20MABNDA000035_PR044 684.45 1278.76 24 127 0.242 63
20MABNDA000035_PR047 2550.96 562.16 17 103 0.107 62
20MABNDA000035_PR047 2376.02 562.68 17 111 0.044 63
20MABNDA000318_PR004 2149.38 1626.21 22 102 0.117 64 1931.80 1626.80 20 89 0.114 64
20MABNDA000334_PR005 2477.57 1572.79 17 109 0.017 63 2197.09 1573.42 13 93 0.257 63
20MABNDB000317_PR015 1495.59 1608.00 27 131 0.045 65 1715.24 1602.06 26 121 0.115 65
20MABNDB000146_PR016 1451.49 1332.44 15 159 0.041 68 1727.42 1334.90 17 153 0.040 68
20MABNDL000077_PR002 788.76 1497.76 14 122 0.052 63 950.56 1497.96 6 70 0.861 63
20MABNDL000077_PR003 1518.13 1192.76 17 118 0.075 62 1667.86 1194.86 16 101 0.168 62
20MABNDL000077_20MABNDM000168 1878.42 1487.45 14 105 0.103 62 -1 -1 0 0 0 62
20MABNDL000077_PR024 2724.71 1720.31 16 117 0.021 63 -1 -1 0 0 0 63
20MABNDM000020_PR013 1643.61 2150.70 24 147 0.026 64
20MABNDM000020_PR013 1491.06 2163.56 35 149 0.072 64
20MABNDM000020_PR014 2678.44 2291.17 22 147 0.034 64
20MABNDM000020_PR014 2515.83 2298.11 31 148 0.227 64
20MABNDM000020_20MABNDL000196 2001.85 568.21 20 130 0.040 63
20MABNDM000020_20MABNDL000196 2211.25 628.75 6 63 6.374 61
20MABNDM000020_PR035 1263.52 865.27 71 145 0.169 69
20MABNDM000020_PR035 1196.60 1037.17 294 151 0.524 69
20MABNDM000168_PR025 1098.55 1590.97 1529 164 0.469 75 925.00 1265.00 1 76 0.000 75
20MABNDM000168_PR026 2576.04 1668.04 1370 163 0.467 74 -1 -1 0 0 0 74
20MABNDM000168_20MABNDL000077 1578.73 1413.41 4057 172 0.836 76 1653.24 873.24 19 105 0.097 76
20MABNDM000168_PR001 717.64 1790.26 422 170 0.657 71 735.00 1545.00 1 73 0.000 71
20MABNDL000196_PR036 1124.44 1645.35 33 169 0.234 71 960.95 1646.56 16 110 0.119 71
20MABNDL000196_PR037 2636.47 1173.06 24 167 0.108 71 2482.04 1173.86 18 136 0.009 71
20MABNDL000196_20MABNDM000020 1730.36 1031.69 21 172 0.038 70 1951.65 1031.87 20 170 0.027 70
20MABNDL000196_PR012 3327.50 52.50 8 69 0.000 68 1078.33 45.00 3 69 0.000 68
20MABNDB000135_PR027 1893.62 945.63 70 176 0.275 68 2109.37 940.11 55 175 0.067 68
20MABNDB000126_PR028 1933.62 2006.69 18 129 0.055 65 1651.86 2004.53 16 112 0.118 65
20MABNDA000272_PR038 1922.41 970.17 19 105 0.124 67 1698.43 970.38 14 93 0.062 67
20MABNDA000003_PR039 2006.70 1932.89 19 174 0.016 72 2284.57 1931.98 17 160 0.022 72
20MABNDA000196_PR006 1979.90 751.22 16 109 0.068 63 1610.13 747.79 14 104 0.008 63
20MABNDA000324_PR007 1951.97 1213.70 18 107 0.021 64 1746.09 1219.35 16 95 0.114 64
20MABNDB000001_PR017 995.00 1555.00 1 109 0.000 67 495.00 185.00 1 85 0.000 67
20MABNDB000260_PR019 1927.66 1495.94 19 155 0.038 68 2131.95 1495.71 10 98 0.097 68
20MABNDB000212_PR029 2234.89 725.14 21 178 0.005 70 1867.89 724.87 16 123 0.119 70
20MABNDB000128_PR030 1904.30 2008.27 21 104 0.267 62 2107.90 2002.77 17 99 0.124 62
20MABNDA000444_PR040 750.40 381.43 16 110 0.096 71 1116.79 377.09 13 96 0.290 71
20MABNDA000053_PR041 1657.92 1990.96 18 119 0.155 68 1454.02 1987.41 20 119 0.097 68
20MABNDA000188_PR008 2959.00 633.00 5 64 0.000 63
20MABNDA000188_PR008 2671.67 75.00 3 65 0.000 64
20MABNDA000188_PR010 1553.80 1623.72 195 178 0.388 71
