20MABNDA000003 20061004174257  -12.705  13.110   1.421  -2.471   3.705   1  75.155 3139.053
20MABNDA000003 20061004174332  -20.624  13.115  -4.676  13.131   0.360
20MABNDA000035 20051207215449  -12.688  13.096   0.416  -1.776   0.688   1  75.248 3134.479
20MABNDA000035 20051207215324  -20.703  13.137  -4.656  13.091   0.360
20MABNDA000039 20051207213818  -12.686  13.147   0.804  -0.049   1.572   1  75.252 3137.266
20MABNDA000039 20051207213905  -20.707  13.165  -4.620  13.146   0.360
20MABNDA000053 20051207205617  -12.662  13.086   0.923  -2.664   2.584   1  75.224 3122.066
20MABNDA000053 20051207205928  -20.677  13.134  -4.611  13.101   0.360
20MABNDA000188 20040819111518  -12.697  13.060  -0.055   0.648   3.016   1  74.965 3133.029
20MABNDA000188 20040819111559  -20.679  13.137  -4.702  13.119   0.360
20MABNDA000196 20080618111416  -12.655  13.101  -4.420   0.346   4.600   1  75.251 3128.737
20MABNDA000196 20080618111241  -20.621  13.186  -4.658  13.170   0.360
20MABNDA000208 20080619132251  -12.714  13.056   2.211  -1.648   3.720   1  74.948 3142.470
20MABNDA000208 20040819135545  -20.694  13.077  -4.593  13.102   0.360
20MABNDA000272 20041008113004  -12.664  13.098   0.836  -1.438   2.758   1  75.015 3139.823
20MABNDA000272 20041008112615  -20.628  13.069  -4.616  13.098   0.360
20MABNDA000318 20130129114647  -12.642  13.158   1.806  -2.683   3.758   1  74.912 3144.523
20MABNDA000318 20130129122548  -20.688  13.099  -4.692  13.111   0.360
20MABNDA000324 20130122122818  -12.769  13.181   0.611  -5.905   5.030   1  75.079 3149.399
20MABNDA000324 20130129120932  -20.689  13.133  -4.690  13.094   0.360
20MABNDA000334 20090430154402  -12.682  13.190   1.944  -4.246   3.755   1  75.185 3140.645
20MABNDA000334 20090430154224  -20.691  13.172  -4.646  13.142   0.360
20MABNDA000444 20090430161414  -12.670  13.116   0.942  -0.283   4.243   1  75.062 3154.285
20MABNDA000444 20090430161532  -20.771  13.182  -4.625  13.187   0.360
20MABNDB000001 20050107114104  -12.642 -13.081   0.834  -2.425  -4.175   1  75.018  -10.587
20MABNDB000001 20050107113521  -20.748 -13.044  -4.639 -12.998   0.360
20MABNDB000010 20050107122511  -12.667 -13.064   1.275   0.868  -2.485   1  74.857   16.941
20MABNDB000010 20050107122130  -20.652 -13.105  -4.607 -13.104   0.360
20MABNDB000069 20051213222749  -12.620 -13.073   1.142  -6.063   0.450   1  75.027  -41.279
20MABNDB000069 20051213222831  -20.671 -13.104  -4.651 -13.086   0.360
20MABNDB000126 20040709174813  -12.663 -13.079   0.296  -2.758  -1.557   1  75.300    5.339
20MABNDB000126 20040709174542  -20.673 -13.144  -4.645 -13.066   0.360
20MABNDB000128 20040709172547  -12.524 -13.076   1.601   1.443  -1.039   1  75.135    3.458
20MABNDB000128 20040709172630  -20.608 -13.103  -4.505 -13.105   0.360
20MABNDB000131 20040727153931  -12.613 -13.149  -0.013  -1.489  -3.305   1  75.317    5.035
20MABNDB000131 20040727154905  -20.641 -13.161  -4.608 -13.184   0.360
20MABNDB000135 20040728121443  -12.633 -13.108   0.315   0.644  -2.893   1  74.962  -11.136
20MABNDB000135 20040728121321  -20.647 -13.157  -4.592 -13.144   0.360
20MABNDB000146 20040727161104  -12.654 -13.108   0.320  -2.217  -7.150   1  74.825    2.214
20MABNDB000146 20040727161206  -20.591 -13.181  -4.625 -13.199   0.360
20MABNDB000155 20040803143707  -12.679 -13.095  -0.087  -1.755  -0.970   1  74.930   13.690
20MABNDB000155 20040803141410  -20.638 -13.160  -4.594 -13.149   0.360
20MABNDB000212 20050107125135  -12.617 -13.069   0.948  -3.403  -4.184   1  74.853  -10.675
20MABNDB000212 20050107124905  -20.676 -13.085  -4.592 -13.002   0.360
20MABNDB000260 20050406150908  -12.604 -13.040   0.129   0.020  -4.708   1  75.056   20.504
20MABNDB000260 20050406150309  -20.772 -13.078  -4.696 -13.081   0.360
20MABNDB000317 20051018142943  -12.685 -13.075   2.263  -3.378  -2.644   1  75.524   11.649
20MABNDB000317 20051018142707  -20.702 -13.060  -4.732 -13.015   0.360
20MABNDL000077 20051012215551   12.692  35.276   0.397  -1.274  -0.141   1  75.029   -9.623
20MABNDL000077 20051012215648    4.734  36.808  20.667  36.774   0.360
20MABNDL000077 20051012214814  -12.685  35.263 -81.544  -1.736  -0.273  -1  74.590   10.236
20MABNDL000077 20051012211012   -4.669  36.816 -20.729  36.854 -80.270
20MABNDL000196 20120216132019   12.794  35.217   0.266   1.241  -2.574   1  75.102    2.086
20MABNDL000196 20120216132114    4.793  36.636  20.760  36.734   0.360
20MABNDL000196 20120216132606  -12.681  35.343 -81.176  -1.776  -2.029  -1  75.066   20.121
20MABNDL000196 20120216132236   -4.751  36.819 -20.712  36.749 -80.270
20MABNDM000020 20060531160446   12.742 -35.103  -0.550  -2.979   1.136   1  75.288 3141.730
20MABNDM000020 20060531160210    4.798 -36.771  20.720 -36.731   0.360
20MABNDM000020 20060531160610  -12.627 -35.132 -80.241   0.250   0.596  -1  75.006 3163.708
20MABNDM000020 20060531160650   -4.749 -36.702 -20.697 -36.716 -80.270
20MABNDM000168 20070830124509   12.759 -35.339   0.546   0.698  -1.613   1  74.997 3126.962
20MABNDM000168 20070830123923    4.700 -36.790  20.821 -36.792   0.360
20MABNDM000168 20070830124811  -12.683 -35.334 -80.321   0.003   2.945  -1  74.992 3145.888
20MABNDM000168 20070830124917   -4.720 -36.745 -20.692 -36.774 -80.270

