20MABNDA000001 20031028114644  -12.659  13.006   1.513  -1.356   2.085   1  74.994 3139.984
20MABNDA000001 20031029150025  -20.666  13.123  -4.643  13.106   0.360
20MABNDA000002 20030925162506  -12.678  13.030   1.631  -1.844   0.707   1  75.014 3128.414
20MABNDA000002 20051019151641  -12.678  13.017   1.406  -1.898   0.562   1  75.062 3128.176
20MABNDA000002 20030917152019  -20.634  13.042  -4.692  13.033   0.360
20MABNDA000002 20051019151436  -20.648  13.035  -4.692  13.022   0.360
20MABNDA000003 20050113121503  -12.686  13.054   1.696  -1.448   2.791   1  74.886 3140.058
20MABNDA000003 20050113120543  -20.639  13.139  -4.585  13.090   0.360
20MABNDA000334 20050113121503  -12.686  13.054   1.696  -1.448   2.791   1  74.886 3140.058
20MABNDA000334 20050113120543  -20.639  13.139  -4.585  13.090   0.360
20MABNDB000408 20050113121503  -12.686  13.054   1.696  -1.448   2.791   1  74.886 3140.058
20MABNDB000408 20050113120543  -20.639  13.139  -4.585  13.090   0.360
20MABNDA000272 20050113121503  -12.686  13.054   1.696  -1.448   2.791   1  74.886 3140.058
20MABNDA000272 20050113120543  -20.639  13.139  -4.585  13.090   0.360
20MABNDM000187 20050113121503  -12.686  13.054   1.696  -1.448   2.791   1  74.886 3140.058
20MABNDM000187 20050113120543  -20.639  13.139  -4.585  13.090   0.360
20MABNDL000196 20050113121503  -12.686  13.054   1.696  -1.448   2.791   1  74.886 3140.058
20MABNDL000196 20050113120543  -20.639  13.139  -4.585  13.090   0.360
