CAM-LBA-US     0  0.00000000  0.00000000  0.00000000
CAM-LBA-USA    0  0.00000000  0.00000000  0.00000000
EBA-US-IP-H    0  0.00000000  0.00000000  0.00000000
EBA-USA-IP-H   0  0.00000000  0.00000000  0.00000000
EBC-US-HO-H    0  0.00000000  0.00000000  0.00000000
EBC-USA-HO-H   0  0.00000000  0.00000000  0.00000000
JDA-US-HO      1  2.59422326 -4.13996601  6.94801331
JDA-US-IP      1  2.58496761 -4.19496346  6.54826689
JDA-USA-HO     1 -2.60413194 -4.13995934  6.94242334
JDA-USA-IP     1 -2.59754133 -4.19505024  6.53879690
JDC-US-H       0  0.00000000  0.00000000  0.00000000
JDC-USA-H      0  0.00000000  0.00000000  0.00000000
