20MABNDB000003_PR004 1579.50 1296.96 16 101 0.127 60 1292.60 1296.26 14 90 0.135 60
20MABNDA000134_PR002 1068.84 1680.32 16 115 0.054 60 783.55 1671.58 17 116 0.038 60
20MABNDB000004_PR001 1795.04 399.71 16 103 0.017 61 2079.96 400.50 16 95 0.036 61
20MABNDA000279_PR003 1578.68 342.14 16 103 0.022 60 1864.23 349.21 15 102 0.045 60
20MABNDB000003_PR004 1579.46 1296.91 17 101 0.053 60 1292.64 1296.58 13 90 0.232 60
20MABNDA000134_PR002 1068.92 1680.30 16 114 0.051 60 783.62 1671.74 17 117 0.046 60
20MABNDB000004_PR001 1794.93 399.69 16 103 0.020 61 2079.85 400.56 16 95 0.042 61
20MABNDA000279_PR003 1578.60 342.05 16 103 0.029 60 1864.16 349.26 16 102 0.072 60
20MABNDB000003_PR004 1579.38 1296.99 17 101 0.056 60 1292.70 1296.45 13 91 0.243 60
20MABNDA000134_PR002 1068.81 1680.35 16 98 0.081 59 783.48 1671.76 15 100 0.094 59
20MABNDB000004_PR001 1794.99 399.62 16 175 0.009 69 2079.85 400.58 16 157 0.016 69
20MABNDA000279_PR003 1864.28 349.24 17 168 0.027 67 1578.73 342.06 16 164 0.012 67
20MABNDB000003_PR004 1579.51 1297.09 17 101 0.066 60 1292.53 1296.57 13 91 0.226 60
20MABNDA000134_PR002 1068.88 1680.35 16 115 0.053 60 783.62 1671.70 17 115 0.043 60
20MABNDB000004_PR001 1795.00 399.64 16 103 0.022 61 2079.88 400.50 16 94 0.037 61
20MABNDA000279_PR003 1578.74 342.07 16 103 0.027 60 1864.16 349.27 15 102 0.038 60
20MABNDB000003_PR004 1579.49 1297.02 16 101 0.130 60 1292.72 1296.36 13 90 0.256 60
20MABNDA000134_PR002 1068.88 1680.44 16 116 0.053 60 783.68 1671.64 17 117 0.038 60
20MABNDB000004_PR001 1795.00 399.69 16 102 0.019 61 2079.92 400.58 16 95 0.041 61
20MABNDA000279_PR003 1578.83 342.11 16 103 0.024 60 1864.24 349.22 16 103 0.071 60
20MABNDB000003_PR004 1579.29 1296.82 17 101 0.044 60 1292.66 1296.56 14 91 0.125 60
20MABNDA000134_PR002 1068.88 1680.38 16 99 0.077 59 783.39 1671.78 15 100 0.097 59
20MABNDB000004_PR001 1795.03 399.59 16 175 0.010 69 2079.80 400.60 16 156 0.017 69
20MABNDA000279_PR003 1864.27 349.23 17 168 0.027 67 1578.69 342.12 17 164 0.048 67
20MABNDB000003_PR004 1579.36 1297.04 17 101 0.059 60 1292.58 1296.61 13 90 0.232 60
20MABNDA000134_PR002 1068.88 1680.35 16 98 0.077 59 783.62 1671.76 15 100 0.092 59
20MABNDB000004_PR001 1794.99 399.62 16 174 0.009 69 2079.88 400.59 16 156 0.016 69
20MABNDA000279_PR003 1864.25 349.29 17 169 0.028 67 1578.66 342.05 17 163 0.050 67
