20MABNDA000003_PR039 1750.53 435.26 16 115 0.032 65 2064.40 435.14 18 116 0.162 65
20MABNDB000135_PR027 1793.03 87.54 16 112 0.102 62 2031.39 89.60 15 106 0.039 62
20MABNDB000126_PR028 1533.49 761.94 18 139 0.020 65 1218.07 761.60 15 118 0.052 65
20MABNDA000272_PR038 1924.42 37.07 327 107 5.542 69 2009.56 324.90 30 81 1.146 69
20MABNDA000003_PR039 1750.59 435.38 16 115 0.038 65 2064.36 435.25 18 115 0.158 65
20MABNDB000135_PR027 1792.99 87.53 16 113 0.100 62 2031.32 89.49 15 105 0.032 62
20MABNDB000126_PR028 1533.56 761.87 18 139 0.019 65 1217.96 761.56 15 118 0.056 65
20MABNDA000272_PR038 1924.01 34.02 310 108 3.566 69 2010.51 324.16 30 81 1.081 69
20MABNDA000003_PR039 1750.53 435.32 16 115 0.033 65 2064.50 435.18 17 116 0.086 65
20MABNDB000135_PR027 1792.88 87.47 16 112 0.094 62 2031.29 89.55 15 105 0.034 62
20MABNDB000126_PR028 1533.46 761.81 17 140 0.062 66 1217.99 761.64 15 118 0.059 66
20MABNDA000272_PR038 1922.97 34.05 304 109 4.030 69 2009.44 323.98 30 80 0.940 69
20MABNDA000003_PR039 1750.59 435.41 16 116 0.038 65 2064.51 435.17 17 116 0.085 65
20MABNDB000135_PR027 1792.72 87.41 18 111 0.087 61 2031.20 89.51 16 105 0.074 61
20MABNDB000126_PR028 1533.47 761.88 18 137 0.022 65 1218.06 761.64 15 117 0.055 65
20MABNDA000272_PR038 1923.66 34.06 310 109 4.022 69 2009.26 325.00 30 80 1.612 69
20MABNDA000003_PR039 1750.47 435.31 16 116 0.030 65 2064.52 435.27 18 117 0.161 65
20MABNDB000135_PR027 1793.05 87.29 16 112 0.105 62 2031.43 89.56 15 104 0.039 62
20MABNDB000126_PR028 1533.58 761.90 18 139 0.018 65 1217.96 761.68 15 119 0.058 65
