********** Fichier qui contient une sauvegarde des coordonnees images + coordonnees images transformees dans le repere BCAM (MOUNT) + coordonnees des prismes dans le repere MOUNT********** 
********************************************************************** Unite en metres (m)************************************************************************************************** 

*******************************************************************coordonnees images dans le repere CCD *********************************************************************************** 
20MABNDL000077_PR002
Spot 1 0.00108438 6.788e-05
Spot 2 0.00140659 0.00014443
Spot 1 0.00108412 6.75e-05
Spot 2 0.00140716 0.0001433
Spot 1 0.00108168 6.726e-05
Spot 2 0.00158084 5.749e-05
Spot 1 0.00108301 6.71e-05
Spot 2 0.00200749 9.754e-05
Spot 1 0.00108499 6.813e-05
Spot 2 0.00200887 9.667e-05
20MABNDL000077_PR003
Spot 1 0.00200875 9.712e-05
Spot 2 0.00158031 5.673e-05
Spot 1 0.00200781 9.622e-05
Spot 2 0.00157977 5.728e-05
Spot 1 0.00199489 9.107e-05
Spot 2 0.00143144 8.864e-05
Spot 1 0.00141033 0.00010338
Spot 2 0.00158121 5.707e-05
Spot 1 0.00158011 5.758e-05
Spot 2 0.0018589 8.923e-05
20MABNDL000077_PR024
Spot 1 0.00234567 0.0018275
Spot 2 0.002045 0.002055
Spot 1 0.00234583 0.00182763
Spot 2 0.002045 0.002055
Spot 1 0.00234518 0.00182838
Spot 2 0.00174875 0.0017025
Spot 1 0.00234503 0.00182835
Spot 2 0.002045 0.002055
20MABNDL000077_20MABNDM000168
Spot 1 0.00186835 0.00152219
Spot 2 0.00197973 0.00110118
Spot 1 0.00186835 0.00152247
Spot 2 0.00197958 0.00110117
Spot 1 0.00186837 0.00152228
Spot 2 0.00197977 0.00110098
Spot 1 0.00186841 0.0015222
Spot 2 0.00197962 0.00110123
20MABNDM000020_PR013
Spot 1 0.00239441 0.00015817
Spot 2 0.00214433 4.4e-05
Spot 1 0.00241754 0.00015103
Spot 2 0.00214467 4.433e-05
Spot 1 0.00237628 0.00015889
Spot 2 0.00276544 7.126e-05
Spot 1 0.00237653 0.00015994
Spot 2 0.0027648 7.214e-05
20MABNDM000020_PR014
Spot 1 0.002638 4.033e-05
Spot 2 0.00268875 1.792e-05
Spot 1 0.00263846 3.962e-05
Spot 2 0.0026894 1.82e-05
Spot 1 0.002145 4.367e-05
Spot 2 0.0026381 3.948e-05
Spot 1 0.00223574 4.005e-05
Spot 2 0.002145 4.397e-05
20MABNDM000020_PR035
Spot 1 0.00154739 0.0010273
Spot 2 -1e-06 -1e-06
Spot 1 0.00154753 0.00102752
Spot 2 -1e-06 -1e-06
Spot 1 0.00154754 0.00102618
Spot 2 0.000945 0.001745
Spot 1 0.00154754 0.00102586
Spot 2 0.000945 0.001745
20MABNDM000020_20MABNDL000196
Spot 1 0.00200478 0.00107007
Spot 2 0.00207563 0.00041438
Spot 1 0.0020048 0.00106999
Spot 2 0.00207531 0.00041406
Spot 1 0.00200483 0.0010696
Spot 2 0.00207531 0.00041438
Spot 1 0.00200485 0.00106938
Spot 2 0.00207586 0.00041443


****************************************************************coordonnees images transformees dans le repere MOUNT************************************************************************* 
20MABNDL000077_PR002
Spot 1 0.0121409 0.0341406 -0.074632
Spot 2 0.0124638 0.0342141 -0.074632
Spot 1 0.0121406 0.0341403 -0.074632
Spot 2 0.0124644 0.0342129 -0.074632
Spot 1 0.0121382 0.03414 -0.074632
Spot 2 0.0126372 0.0341255 -0.074632
Spot 1 0.0121395 0.0341399 -0.074632
Spot 2 0.0130643 0.0341614 -0.074632
Spot 1 0.0121415 0.0341409 -0.074632
Spot 2 0.0130656 0.0341605 -0.074632
20MABNDL000077_PR003
Spot 1 0.0130655 0.034161 -0.074632
Spot 2 0.0126367 0.0341247 -0.074632
Spot 1 0.0130646 0.0341601 -0.074632
Spot 2 0.0126362 0.0341253 -0.074632
Spot 1 0.0130516 0.0341551 -0.074632
Spot 2 0.0124882 0.0341581 -0.074632
Spot 1 0.0124672 0.034173 -0.074632
Spot 2 0.0126376 0.034125 -0.074632
Spot 1 0.0126365 0.0341256 -0.074632
Spot 2 0.0129156 0.0341545 -0.074632
20MABNDL000077_PR024
Spot 1 -0.0131874 0.0358844 -0.006954
Spot 2 -0.012889 0.036115 -0.006954
Spot 1 -0.0131875 0.0358846 -0.006954
Spot 2 -0.012889 0.036115 -0.006954
Spot 1 -0.0131869 0.0358853 -0.006954
Spot 2 -0.0125892 0.0357655 -0.006954
Spot 1 -0.0131867 0.0358853 -0.006954
Spot 2 -0.012889 0.036115 -0.006954
20MABNDL000077_20MABNDM000168
Spot 1 -0.0127069 0.035584 -0.006954
Spot 2 -0.012814 0.0351619 -0.006954
Spot 1 -0.012707 0.0355843 -0.006954
Spot 2 -0.0128139 0.0351619 -0.006954
Spot 1 -0.012707 0.0355841 -0.006954
Spot 2 -0.0128141 0.0351617 -0.006954
Spot 1 -0.012707 0.035584 -0.006954
Spot 2 -0.0128139 0.0351619 -0.006954
20MABNDM000020_PR013
Spot 1 -0.011995 -0.0341002 -0.005235
Spot 2 -0.0122475 -0.0339916 -0.005235
Spot 1 -0.011972 -0.0340926 -0.005235
Spot 2 -0.0122472 -0.0339919 -0.005235
Spot 1 -0.0120131 -0.0341013 -0.005235
Spot 2 -0.011626 -0.0340051 -0.005235
Spot 1 -0.0120128 -0.0341024 -0.005235
Spot 2 -0.0116266 -0.034006 -0.005235
20MABNDM000020_PR014
Spot 1 -0.0117541 -0.033977 -0.005235
Spot 2 -0.0117038 -0.0339535 -0.005235
Spot 1 -0.0117536 -0.0339763 -0.005235
Spot 2 -0.0117032 -0.0339538 -0.005235
Spot 1 -0.0122469 -0.0339913 -0.005235
Spot 2 -0.011754 -0.0339762 -0.005235
Spot 1 -0.0121562 -0.0339856 -0.005235
Spot 2 -0.0122469 -0.0339916 -0.005235
20MABNDM000020_PR035
Spot 1 0.0131389 -0.0349958 -0.075838
Spot 2 0.0146871 -0.0339673 -0.075838
Spot 1 0.0131387 -0.034996 -0.075838
Spot 2 0.0146871 -0.0339673 -0.075838
Spot 1 0.0131387 -0.0349947 -0.075838
Spot 2 0.0137414 -0.0357134 -0.075838
Spot 1 0.0131387 -0.0349944 -0.075838
Spot 2 0.0137414 -0.0357134 -0.075838
20MABNDM000020_20MABNDL000196
Spot 1 0.0126815 -0.0350386 -0.075838
Spot 2 0.0126105 -0.034383 -0.075838
Spot 1 0.0126815 -0.0350386 -0.075838
Spot 2 0.0126109 -0.0343826 -0.075838
Spot 1 0.0126814 -0.0350382 -0.075838
Spot 2 0.0126109 -0.034383 -0.075838
Spot 1 0.0126814 -0.0350379 -0.075838
Spot 2 0.0126103 -0.034383 -0.075838


*****************************************************************coordonnees du prisme dans le repere MOUNT********************************************************************************** 
20MABNDL000077_PR002
0.0319431 0.0903047 3.70667
0.0319358 0.0903421 3.70667
0.027727 0.0925079 3.70666
0.0171475 0.091625 3.7067
0.0170645 0.0916219 3.7067
20MABNDL000077_PR003
0.00443582 0.0948629 3.8956
0.00447433 0.0948716 3.8956
0.00865337 0.0941512 3.89562
0.0199437 0.0945424 3.89561
0.00833212 0.0950082 3.8956
20MABNDL000077_PR024
0.0148458 -0.0213893 -5.89637
0.0148521 -0.0213943 -5.89637
0.00313864 -0.00780225 -5.89654
0.0148212 -0.0214227 -5.89637
20MABNDL000077_20MABNDM000168
-0.00723991 0.0281068 -5.46875
-0.00724522 0.0280968 -5.46875
-0.00723775 0.0281105 -5.46875
-0.00724169 0.0281045 -5.46875
20MABNDM000020_PR013
-0.0377697 -0.0898115 -3.80201
-0.0383481 -0.0899932 -3.80201
-0.0527396 -0.0894464 -3.80189
-0.052731 -0.0893985 -3.80189
20MABNDM000020_PR014
-0.0594961 -0.0967496 -3.99076
-0.0595248 -0.0967615 -3.99076
-0.0453436 -0.0957897 -3.99092
-0.0348577 -0.0955362 -3.991
20MABNDM000020_PR035
-0.0774677 -0.0838065 5.80039
-0.0774624 -0.083798 5.80039
-0.0410348 -0.0165826 5.80101
-0.0410348 -0.016595 5.80101
20MABNDM000020_20MABNDL000196
0.0196286 -0.0640308 5.39475
0.0196179 -0.0640451 5.39475
0.0196189 -0.0640476 5.39475
0.0196394 -0.0640538 5.39475


*****************************************************************coordonnees du prisme dans le repere ATLAS********************************************************************************** 
20MABNDL000077_PR002 0
2.76673 -3.71255 6.486
2.76669 -3.71256 6.486
2.76453 -3.71676 6.48598
2.76541 -3.72734 6.48601
2.76541 -3.72743 6.48601
20MABNDL000077_PR003 0
2.76235 -3.74029 6.6749
2.76234 -3.74025 6.6749
2.76306 -3.73607 6.67492
2.76267 -3.72478 6.67492
2.7622 -3.73639 6.67491
20MABNDL000077_PR024 0
2.869 -3.71784 -3.11717
2.869 -3.71783 -3.11717
2.85541 -3.72954 -3.11733
2.86903 -3.71787 -3.11717
20MABNDL000077_20MABNDM000168 0
2.81992 -3.74044 -2.68952
2.81993 -3.74044 -2.68952
2.81991 -3.74044 -2.68952
2.81992 -3.74044 -2.68952
20MABNDM000020_PR013 0
-2.76248 -3.70174 6.48587
-2.7623 -3.70116 6.48586
-2.76284 -3.68677 6.48575
-2.76289 -3.68677 6.48575
20MABNDM000020_PR014 0
-2.7555 -3.68016 6.67463
-2.75549 -3.68013 6.67463
-2.75646 -3.69431 6.67478
-2.75672 -3.70479 6.67485
20MABNDM000020_PR035 0
-2.77041 -3.65473 -3.1165
-2.77042 -3.65474 -3.1165
-2.83764 -3.69115 -3.11713
-2.83763 -3.69115 -3.11713
20MABNDM000020_20MABNDL000196 0
-2.79013 -3.75213 -2.71093
-2.79012 -3.75212 -2.71093
-2.79012 -3.75212 -2.71093
-2.79011 -3.75214 -2.71093


*****************************************************************Rapport********************************************************************************** 
CAM-LBA-US_EBA-US-HO-H 2014.08.19.16.02.16 2.76575 -3.71933 6.486 0.000846615 0.00675629 1.00539e-05 0 VRAI 
CAM-LBA-US_JDA-US-H 2014.08.19.16.02.16 2.76253 -3.73556 6.67491 0.000309277 0.00568337 1.06726e-05 0 VRAI 
CAM-LBA-US_EBC-US-IP-H 2014.08.19.16.02.16 2.86561 -3.72077 -3.11721 0.00589055 0.00506475 7.06152e-05 0 VRAI 
CAM-LBA-US_CAM-LBC-US 2014.08.19.16.02.16 2.81992 -3.74044 -2.68952 4.95687e-06 2.80332e-06 0 0 VRAI 
CAM-LBA-USA_EBA-USA-HO-H 2014.08.19.16.02.16 -2.76263 -3.69411 6.48581 0.000246833 0.00734113 5.55894e-05 0 VRAI 
CAM-LBA-USA_JDA-USA-H 2014.08.19.16.02.16 -2.75604 -3.68985 6.67472 0.000556725 0.0103888 9.48037e-05 0 VRAI 
CAM-LBA-USA_EBC-USA-IP-H 2014.08.19.16.02.16 -2.80403 -3.67294 -3.11682 0.0336123 0.0182046 0.000315666 0 VRAI 
CAM-LBA-USA_CAM-LBC-USA 2014.08.19.16.02.16 -2.79012 -3.75213 -2.71093 8.47477e-06 8.74463e-06 0 0 VRAI 
