********** Fichier qui contient une sauvegarde des coordonnees images + coordonnees images transformees dans le repere BCAM (MOUNT) + coordonnees des prismes dans le repere MOUNT********** 
********************************************************************** Unite en metres (m)************************************************************************************************** 

*******************************************************************coordonnees images dans le repere CCD *********************************************************************************** 
20MABNDB000135_PR027
Spot 1 0.003375 2.5e-05
Spot 2 0.001405 0.000565
Spot 1 0.003375 2.5e-05
Spot 2 0.001735 0.000155
Spot 1 0.002835 0.001165
Spot 2 0.003375 2.5e-05
Spot 1 0.003375 2.5e-05
Spot 2 0.002995 0.000685
Spot 1 0.003375 2.5e-05
Spot 2 0.001735 0.000155
20MABNDB000126_PR028
Spot 1 0.001615 9.5e-05
Spot 2 0.00328405 0.00033595
Spot 1 0.001615 9.5e-05
Spot 2 0.003284 0.000336
Spot 1 0.001615 9.5e-05
Spot 2 0.0032837 0.0003363
Spot 1 0.001615 9.5e-05
Spot 2 0.00328364 0.00033636
Spot 1 0.001615 9.5e-05
Spot 2 0.00328405 0.00033595
20MABNDA000272_PR038
Spot 1 0.000365 9.5e-05
Spot 2 0.000985 0.000105
Spot 1 0.000365 9.5e-05
Spot 2 0.000255 2.5e-05
Spot 1 0.000365 9.5e-05
Spot 2 0.000985 0.000105
Spot 1 0.000365 9.5e-05
Spot 2 0.000705 0.000125
Spot 1 0.000365 9.5e-05
Spot 2 0.003265 5.5e-05
20MABNDA000003_PR039
Spot 1 0.001035 5.5e-05
Spot 2 0.000385 0.000285
Spot 1 0.001035 5.5e-05
Spot 2 0.000385 0.000285
Spot 1 0.001035 5.5e-05
Spot 2 0.000385 0.000285
Spot 1 0.001035 5.5e-05
Spot 2 0.001635 0.000185


****************************************************************coordonnees images transformees dans le repere MOUNT************************************************************************* 
20MABNDB000135_PR027
Spot 1 -0.0110397 -0.0141045 -0.074647
Spot 2 -0.0130036 -0.0135426 -0.074647
Spot 1 -0.0110397 -0.0141045 -0.074647
Spot 2 -0.0126781 -0.0139562 -0.074647
Spot 1 -0.011567 -0.0129585 -0.074647
Spot 2 -0.0110397 -0.0141045 -0.074647
Spot 1 -0.0110397 -0.0141045 -0.074647
Spot 2 -0.0114123 -0.0134403 -0.074647
Spot 1 -0.0110397 -0.0141045 -0.074647
Spot 2 -0.0126781 -0.0139562 -0.074647
20MABNDB000126_PR028
Spot 1 -0.0125543 -0.0140873 -0.075004
Spot 2 -0.0108866 -0.0138374 -0.075004
Spot 1 -0.0125543 -0.0140873 -0.075004
Spot 2 -0.0108866 -0.0138374 -0.075004
Spot 1 -0.0125543 -0.0140873 -0.075004
Spot 2 -0.0108869 -0.0138371 -0.075004
Spot 1 -0.0125543 -0.0140873 -0.075004
Spot 2 -0.010887 -0.013837 -0.075004
Spot 1 -0.0125543 -0.0140873 -0.075004
Spot 2 -0.0108866 -0.0138374 -0.075004
20MABNDA000272_PR038
Spot 1 -0.0111991 0.0140137 -0.074179
Spot 2 -0.0118192 0.0140048 -0.074179
Spot 1 -0.0111991 0.0140137 -0.074179
Spot 2 -0.011089 0.0140835 -0.074179
Spot 1 -0.0111991 0.0140137 -0.074179
Spot 2 -0.0118192 0.0140048 -0.074179
Spot 1 -0.0111991 0.0140137 -0.074179
Spot 2 -0.0115392 0.0139843 -0.074179
Spot 1 -0.0111991 0.0140137 -0.074179
Spot 2 -0.0140991 0.0140588 -0.074179
20MABNDA000003_PR039
Spot 1 -0.0118313 0.0139948 -0.073734
Spot 2 -0.0111819 0.0137632 -0.073734
Spot 1 -0.0118313 0.0139948 -0.073734
Spot 2 -0.0111819 0.0137632 -0.073734
Spot 1 -0.0118313 0.0139948 -0.073734
Spot 2 -0.0111819 0.0137632 -0.073734
Spot 1 -0.0118313 0.0139948 -0.073734
Spot 2 -0.0124317 0.0138663 -0.073734


*****************************************************************coordonnees du prisme dans le repere MOUNT********************************************************************************** 
20MABNDB000135_PR027
-0.0350454 0.0131093 2.74917
-0.0410104 0.0206918 2.74903
-0.0613805 0.00239963 2.74891
-0.0642135 0.0112306 2.74879
-0.0410104 0.0206918 2.74903
20MABNDB000126_PR028
-0.0395273 0.0120873 2.14665
-0.0395266 0.0120866 2.14665
-0.0395223 0.0120824 2.14665
-0.0395214 0.0120815 2.14665
-0.0395273 0.0120873 2.14665
20MABNDA000272_PR038
-0.0549565 -0.0202975 2.74913
-0.0683274 -0.0217362 2.74887
-0.0549565 -0.0202975 2.74913
-0.060084 -0.0199211 2.74905
-0.0131887 -0.0212914 2.74944
20MABNDA000003_PR039
-0.0469255 -0.00886002 2.14872
-0.0469255 -0.00886002 2.14872
-0.0469255 -0.00886002 2.14872
-0.0290688 -0.0103365 2.14892


*****************************************************************coordonnees du prisme dans le repere ATLAS********************************************************************************** 
20MABNDB000135_PR027 0.003
2.58626 -4.19466 -3.84699
2.58025 -4.19468 -3.85454
2.55998 -4.19452 -3.83613
2.5571 -4.19456 -3.84495
2.58025 -4.19468 -3.85454
20MABNDB000126_PR028 0.003
2.58636 -4.19439 -5.94429
2.58636 -4.19438 -5.94429
2.58637 -4.19438 -5.94429
2.58637 -4.19438 -5.94429
2.58636 -4.19439 -5.94429
20MABNDA000272_PR038 0.003
-2.56958 -4.1945 -3.85879
-2.55621 -4.19475 -3.86023
-2.56958 -4.1945 -3.85879
-2.56445 -4.19457 -3.85842
-2.61135 -4.1942 -3.85978
20MABNDA000003_PR039 0.003
-2.5748 -4.19445 -5.94162
-2.5748 -4.19445 -5.94162
-2.5748 -4.19445 -5.94162
-2.59265 -4.19425 -5.9431


*****************************************************************Rapport********************************************************************************** 
CAM-EBC-US-IP_EBC-US-IP 2014.08.20.15.48.23 2.57276 -4.19462 -3.84743 0.0118565 6.7444e-05 0.00685714 0.003 VRAI 
CAM-EBC-US-HO_EBC-US-HO 2014.08.20.15.48.23 2.58637 -4.19438 -5.94429 2.6004e-06 2.33602e-07 2.51597e-06 0.003 VRAI 
CAM-EBC-USA-IP_EBC-USA-IP 2014.08.20.15.48.23 -2.57424 -4.1945 -3.8592 0.0191904 0.000177 0.000685325 0.003 VRAI 
CAM-EBC-USA-HO_EBC-USA-HO 2014.08.20.15.48.23 -2.57926 -4.1944 -5.94199 0.00773203 8.58942e-05 0.00064049 0.003 VRAI 
