********** Fichier qui contient une sauvegarde des coordonnees images + coordonnees images transformees dans le repere BCAM (MOUNT) + coordonnees des prismes dans le repere MOUNT********** 
********************************************************************** Unite en metres (m)************************************************************************************************** 

*******************************************************************coordonnees images dans le repere CCD *********************************************************************************** 
20MABNDA000318_PR004
Spot 1     0.00214923     0.00162668
Spot 2     0.00193244     0.00162750
Spot 1     0.00214929     0.00162677
Spot 2     0.00193221     0.00162774
Spot 1     0.00214943     0.00162685
Spot 2     0.00193202     0.00162798
Spot 1     0.00214943     0.00162663
Spot 2     0.00193227     0.00162801
Spot 1     0.00214939     0.00162672
Spot 2     0.00193217     0.00162798
Spot 1     0.00214936     0.00162678
Spot 2     0.00193238     0.00162792
Spot 1     0.00214946     0.00162686
Spot 2     0.00193220     0.00162754
Spot 1     0.00214921     0.00162693
Spot 2     0.00193208     0.00162808
Spot 1     0.00214937     0.00162673
Spot 2     0.00193214     0.00162807
Spot 1     0.00214929     0.00162687
Spot 2     0.00193235     0.00162806
20MABNDA000334_PR005
Spot 1     0.00247793     0.00157335
Spot 2     0.00219747     0.00157429
Spot 1     0.00247808     0.00157367
Spot 2     0.00219753     0.00157438
Spot 1     0.00247786     0.00157355
Spot 2     0.00219748     0.00157459
Spot 1     0.00247794     0.00157338
Spot 2     0.00219783     0.00157434
Spot 1     0.00247786     0.00157359
Spot 2     0.00219755     0.00157431
Spot 1     0.00247780     0.00157347
Spot 2     0.00219757     0.00157439
Spot 1     0.00247792     0.00157345
Spot 2     0.00219759     0.00157446
Spot 1     0.00247787     0.00157358
Spot 2     0.00219730     0.00157421
Spot 1     0.00247781     0.00157356
Spot 2     0.00219740     0.00157460
20MABNDB000317_PR015
Spot 1     0.00149478     0.00160877
Spot 2     0.00171444     0.00160313
Spot 1     0.00149495     0.00160871
Spot 2     0.00171458     0.00160316
Spot 1     0.00149487     0.00160886
Spot 2     0.00171454     0.00160314
Spot 1     0.00149479     0.00160881
Spot 2     0.00171444     0.00160301
Spot 1     0.00149480     0.00160881
Spot 2     0.00171449     0.00160317
Spot 1     0.00149489     0.00160892
Spot 2     0.00171446     0.00160294
Spot 1     0.00149493     0.00160879
Spot 2     0.00171452     0.00160310
Spot 1     0.00149487     0.00160869
Spot 2     0.00171455     0.00160311
20MABNDB000146_PR016
Spot 1     0.00145108     0.00133249
Spot 2     0.00172697     0.00133439
Spot 1     0.00145107     0.00133259
Spot 2     0.00172704     0.00133441
Spot 1     0.00145112     0.00133249
Spot 2     0.00172685     0.00133441
Spot 1     0.00145121     0.00133240
Spot 2     0.00172684     0.00133437
Spot 1     0.00145127     0.00133250
Spot 2     0.00172704     0.00133445
Spot 1     0.00145123     0.00133246
Spot 2     0.00172685     0.00133442
Spot 1     0.00145122     0.00133251
Spot 2     0.00172699     0.00133436
Spot 1     0.00145111     0.00133241
Spot 2     0.00172699     0.00133446


****************************************************************coordonnees images transformees dans le repere MOUNT************************************************************************* 
20MABNDA000318_PR004
Spot 1    -0.01286905     0.01246854    -0.07310601
Spot 2    -0.01265226     0.01246836    -0.07310601
Spot 1    -0.01286911     0.01246845    -0.07310601
Spot 2    -0.01265203     0.01246812    -0.07310601
Spot 1    -0.01286925     0.01246837    -0.07310601
Spot 2    -0.01265183     0.01246788    -0.07310601
Spot 1    -0.01286925     0.01246859    -0.07310601
Spot 2    -0.01265209     0.01246785    -0.07310601
Spot 1    -0.01286921     0.01246850    -0.07310601
Spot 2    -0.01265198     0.01246788    -0.07310601
Spot 1    -0.01286918     0.01246844    -0.07310601
Spot 2    -0.01265220     0.01246794    -0.07310601
Spot 1    -0.01286928     0.01246836    -0.07310601
Spot 2    -0.01265202     0.01246832    -0.07310601
Spot 1    -0.01286903     0.01246830    -0.07310601
Spot 2    -0.01265189     0.01246778    -0.07310601
Spot 1    -0.01286919     0.01246849    -0.07310601
Spot 2    -0.01265195     0.01246779    -0.07310601
Spot 1    -0.01286911     0.01246835    -0.07310601
Spot 2    -0.01265216     0.01246780    -0.07310601
20MABNDA000334_PR005
Spot 1    -0.01312103     0.01255505    -0.07324100
Spot 2    -0.01284057     0.01255384    -0.07324100
Spot 1    -0.01312118     0.01255473    -0.07324100
Spot 2    -0.01284063     0.01255375    -0.07324100
Spot 1    -0.01312096     0.01255485    -0.07324100
Spot 2    -0.01284058     0.01255354    -0.07324100
Spot 1    -0.01312104     0.01255502    -0.07324100
Spot 2    -0.01284093     0.01255379    -0.07324100
Spot 1    -0.01312096     0.01255481    -0.07324100
Spot 2    -0.01284065     0.01255382    -0.07324100
Spot 1    -0.01312090     0.01255493    -0.07324100
Spot 2    -0.01284067     0.01255374    -0.07324100
Spot 1    -0.01312102     0.01255495    -0.07324100
Spot 2    -0.01284069     0.01255367    -0.07324100
Spot 1    -0.01312097     0.01255482    -0.07324100
Spot 2    -0.01284040     0.01255392    -0.07324100
Spot 1    -0.01312091     0.01255484    -0.07324100
Spot 2    -0.01284050     0.01255353    -0.07324100
20MABNDB000317_PR015
Spot 1    -0.01265961    -0.01248919    -0.07326100
Spot 2    -0.01243990    -0.01249227    -0.07326100
Spot 1    -0.01265944    -0.01248925    -0.07326100
Spot 2    -0.01243976    -0.01249224    -0.07326100
Spot 1    -0.01265952    -0.01248910    -0.07326100
Spot 2    -0.01243980    -0.01249226    -0.07326100
Spot 1    -0.01265960    -0.01248915    -0.07326100
Spot 2    -0.01243990    -0.01249240    -0.07326100
Spot 1    -0.01265959    -0.01248915    -0.07326100
Spot 2    -0.01243985    -0.01249223    -0.07326100
Spot 1    -0.01265951    -0.01248904    -0.07326100
Spot 2    -0.01243988    -0.01249246    -0.07326100
Spot 1    -0.01265946    -0.01248917    -0.07326100
Spot 2    -0.01243982    -0.01249230    -0.07326100
Spot 1    -0.01265952    -0.01248927    -0.07326100
Spot 2    -0.01243979    -0.01249229    -0.07326100
20MABNDB000146_PR016
Spot 1    -0.01275728    -0.01246111    -0.07450499
Spot 2    -0.01248140    -0.01245860    -0.07450499
Spot 1    -0.01275729    -0.01246101    -0.07450499
Spot 2    -0.01248133    -0.01245858    -0.07450499
Spot 1    -0.01275724    -0.01246111    -0.07450499
Spot 2    -0.01248152    -0.01245858    -0.07450499
Spot 1    -0.01275715    -0.01246120    -0.07450499
Spot 2    -0.01248153    -0.01245862    -0.07450499
Spot 1    -0.01275709    -0.01246110    -0.07450499
Spot 2    -0.01248133    -0.01245854    -0.07450499
Spot 1    -0.01275713    -0.01246114    -0.07450499
Spot 2    -0.01248152    -0.01245857    -0.07450499
Spot 1    -0.01275714    -0.01246109    -0.07450499
Spot 2    -0.01248138    -0.01245863    -0.07450499
Spot 1    -0.01275725    -0.01246119    -0.07450499
Spot 2    -0.01248138    -0.01245853    -0.07450499


*****************************************************************coordonnees du prisme dans le repere MOUNT********************************************************************************** 
20MABNDA000318_PR004
   -0.00831259     0.03843150     2.74965858
   -0.00831573     0.03843755     2.74965858
   -0.00831667     0.03844342     2.74965858
   -0.00831206     0.03843995     2.74965858
   -0.00831465     0.03844104     2.74965858
   -0.00831134     0.03844105     2.74965858
   -0.00831279     0.03843554     2.74965858
   -0.00831961     0.03844670     2.74965858
   -0.00831556     0.03844287     2.74965858
   -0.00831319     0.03844525     2.74965858
20MABNDA000334_PR005
   -0.00413624     0.03133625     2.14977407
   -0.00413323     0.03134210     2.14977407
   -0.00413709     0.03134338     2.14977407
   -0.00413094     0.03133739     2.14977407
   -0.00413609     0.03133996     2.14977407
   -0.00413666     0.03133938     2.14977407
   -0.00413467     0.03134010     2.14977407
   -0.00413951     0.03133839     2.14977407
   -0.00413895     0.03134367     2.14977407
20MABNDB000317_PR015
   -0.01762544    -0.03433049     2.75128746
   -0.01763110    -0.03433000     2.75128746
   -0.01762888    -0.03433235     2.75128746
   -0.01762563    -0.03432903     2.75128746
   -0.01762669    -0.03433195     2.75128746
   -0.01762781    -0.03432977     2.75128746
   -0.01762963    -0.03433035     2.75128746
   -0.01762910    -0.03432871     2.75128746
20MABNDB000146_PR016
   -0.01362774    -0.03178720     2.15201259
   -0.01362860    -0.03178893     2.15201259
   -0.01362659    -0.03178749     2.15201259
   -0.01362774    -0.03178562     2.15201283
   -0.01363148    -0.03178822     2.15201259
   -0.01362817    -0.03178720     2.15201259
   -0.01363003    -0.03178705     2.15201259
   -0.01362846    -0.03178707     2.15201259


*****************************************************************coordonnees du prisme dans le repere ATLAS********************************************************************************** 
20MABNDA000318_PR004 0.00000000
    2.61469507    -4.19698858     3.83356428
    2.61469197    -4.19698811     3.83355808
    2.61469102    -4.19698811     3.83355236
    2.61469555    -4.19698811     3.83355570
    2.61469293    -4.19698811     3.83355474
    2.61469626    -4.19698811     3.83355474
    2.61469483    -4.19698858     3.83356023
    2.61468792    -4.19698811     3.83354902
    2.61469197    -4.19698811     3.83355284
    2.61469436    -4.19698811     3.83355045
20MABNDA000334_PR005 0.00000000
    2.61686349    -4.19702864     5.89792490
    2.61686659    -4.19702864     5.89791918
    2.61686277    -4.19702864     5.89791775
    2.61686873    -4.19702864     5.89792395
    2.61686373    -4.19702864     5.89792109
    2.61686301    -4.19702864     5.89792204
    2.61686516    -4.19702864     5.89792109
    2.61686039    -4.19702864     5.89792299
    2.61686087    -4.19702864     5.89791775
20MABNDB000317_PR015 0.00000000
   -2.61097527    -4.19700384     3.83568478
   -2.61096954    -4.19700384     3.83568525
   -2.61097169    -4.19700336     3.83568311
   -2.61097503    -4.19700384     3.83568621
   -2.61097383    -4.19700336     3.83568335
   -2.61097288    -4.19700384     3.83568549
   -2.61097097    -4.19700384     3.83568501
   -2.61097145    -4.19700384     3.83568668
20MABNDB000146_PR016 0.00000000
   -2.61266208    -4.19702530     5.89856100
   -2.61266112    -4.19702530     5.89855909
   -2.61266327    -4.19702530     5.89856052
   -2.61266208    -4.19702482     5.89856243
   -2.61265826    -4.19702530     5.89856005
   -2.61266160    -4.19702530     5.89856100
   -2.61265969    -4.19702530     5.89856100
   -2.61266136    -4.19702530     5.89856100


*****************************************************************Rapport********************************************************************************** 
CAM-EBA-US-IP_EBA-US-IP        2015.03.18.18.51.18     2.61469319    -4.19698820     3.83355525     0.00000241     0.00000019     0.00000437 0.00000000 VRAI 
CAM-EBA-US-HO_EBA-US-HO        2015.03.18.18.51.18     2.61686386    -4.19702864     5.89792119     0.00000249     0.00000000     0.00000243 0.00000000 VRAI 
CAM-EBA-USA-IP_EBA-USA-IP      2015.03.18.18.51.18    -2.61097258    -4.19700372     3.83568498     0.00000190     0.00000021     0.00000117 0.00000000 VRAI 
CAM-EBA-USA-HO_EBA-USA-HO      2015.03.18.18.51.18    -2.61266118    -4.19702524     5.89856076     0.00000145     0.00000016     0.00000089 0.00000000 VRAI 
