********** Fichier qui contient une sauvegarde des coordonnees images + coordonnees images transformees dans le repere BCAM (MOUNT) + coordonnees des prismes dans le repere MOUNT********** 
********************************************************************** Unite en metres (m)************************************************************************************************** 

*******************************************************************coordonnees images dans le repere CCD *********************************************************************************** 
20MABNDA000196_PR006
Spot 1   0.00200228   0.00089090
Spot 2   0.00163217   0.00088688
Spot 1   0.00200213   0.00089082
Spot 2   0.00163209   0.00088677
Spot 1   0.00200212   0.00089065
Spot 2   0.00163217   0.00088669
Spot 1   0.00200207   0.00089051
Spot 2   0.00163200   0.00088654
Spot 1   0.00200192   0.00089058
Spot 2   0.00163178   0.00088631
Spot 1   0.00200216   0.00089049
Spot 2   0.00163214   0.00088660
Spot 1   0.00200198   0.00089049
Spot 2   0.00163192   0.00088652
Spot 1   0.00200203   0.00089050
Spot 2   0.00163192   0.00088652
Spot 1   0.00200188   0.00089044
Spot 2   0.00163195   0.00088644
Spot 1   0.00200188   0.00089040
Spot 2   0.00163183   0.00088652
Spot 1   0.00200204   0.00089061
Spot 2   0.00163210   0.00088649
Spot 1   0.00200208   0.00089054
Spot 2   0.00163182   0.00088665
20MABNDA000324_PR007
Spot 1   0.00194796   0.00113000
Spot 2   0.00174077   0.00113537
Spot 1   0.00194784   0.00112996
Spot 2   0.00174062   0.00113543
Spot 1   0.00194786   0.00113011
Spot 2   0.00174072   0.00113544
Spot 1   0.00194791   0.00113023
Spot 2   0.00174053   0.00113548
Spot 1   0.00194794   0.00113013
Spot 2   0.00174057   0.00113560
Spot 1   0.00194780   0.00113003
Spot 2   0.00174066   0.00113542
Spot 1   0.00194785   0.00113011
Spot 2   0.00174070   0.00113570
Spot 1   0.00194790   0.00113016
Spot 2   0.00174051   0.00113559
Spot 1   0.00194789   0.00113018
Spot 2   0.00174067   0.00113564
Spot 1   0.00194779   0.00113019
Spot 2   0.00174066   0.00113574
Spot 1   0.00194799   0.00113042
Spot 2   0.00174056   0.00113564
20MABNDB000001_PR017
Spot 1   0.00189608   0.00076567
Spot 2   0.00226540   0.00077540
Spot 1   0.00189591   0.00076613
Spot 2   0.00226529   0.00077540
Spot 1   0.00189608   0.00076628
Spot 2   0.00226517   0.00077575
Spot 1   0.00189579   0.00076643
Spot 2   0.00226511   0.00077575
Spot 1   0.00189623   0.00076560
Spot 2   0.00226523   0.00077511
Spot 1   0.00189596   0.00076577
Spot 2   0.00226523   0.00077540
Spot 1   0.00189602   0.00076600
Spot 2   0.00226529   0.00077529
Spot 1   0.00189593   0.00076601
Spot 2   0.00226523   0.00077546
Spot 1   0.00189570   0.00076623
Spot 2   0.00226523   0.00077557
Spot 1   0.00189618   0.00076575
Spot 2   0.00226550   0.00077533
Spot 1   0.00189589   0.00076688
Spot 2   0.00226535   0.00077616
20MABNDB000260_PR019
Spot 1   0.00191875   0.00132805
Spot 2   0.00212063   0.00132813
Spot 1   0.00191863   0.00132801
Spot 2   0.00212063   0.00132938
Spot 1   0.00191881   0.00132802
Spot 2   0.00212111   0.00132833
Spot 1   0.00191872   0.00132791
Spot 2   0.00212100   0.00132967
Spot 1   0.00191857   0.00132837
Spot 2   0.00212125   0.00132875
Spot 1   0.00191866   0.00132807
Spot 2   0.00212143   0.00132929
Spot 1   0.00191869   0.00132825
Spot 2   0.00212100   0.00132967
Spot 1   0.00191872   0.00132816
Spot 2   0.00212125   0.00132875
Spot 1   0.00191871   0.00132794
Spot 2   0.00212196   0.00132761
Spot 1   0.00191873   0.00132846
Spot 2   0.00212088   0.00132853
Spot 1   0.00191860   0.00132787
Spot 2   0.00212088   0.00132853


****************************************************************coordonnees images transformees dans le repere MOUNT************************************************************************* 
20MABNDA000196_PR006
Spot 1  -0.01295906   0.01308755  -0.07967100
Spot 2  -0.01258893   0.01308681  -0.07967100
Spot 1  -0.01295891   0.01308762  -0.07967100
Spot 2  -0.01258885   0.01308692  -0.07967100
Spot 1  -0.01295890   0.01308780  -0.07967100
Spot 2  -0.01258893   0.01308700  -0.07967100
Spot 1  -0.01295885   0.01308793  -0.07967100
Spot 2  -0.01258876   0.01308715  -0.07967100
Spot 1  -0.01295870   0.01308786  -0.07967100
Spot 2  -0.01258853   0.01308737  -0.07967100
Spot 1  -0.01295894   0.01308796  -0.07967100
Spot 2  -0.01258890   0.01308709  -0.07967100
Spot 1  -0.01295876   0.01308795  -0.07967100
Spot 2  -0.01258868   0.01308717  -0.07967100
Spot 1  -0.01295881   0.01308794  -0.07967100
Spot 2  -0.01258868   0.01308717  -0.07967100
Spot 1  -0.01295866   0.01308800  -0.07967100
Spot 2  -0.01258871   0.01308725  -0.07967100
Spot 1  -0.01295866   0.01308804  -0.07967100
Spot 2  -0.01258859   0.01308716  -0.07967100
Spot 1  -0.01295882   0.01308783  -0.07967100
Spot 2  -0.01258886   0.01308720  -0.07967100
Spot 1  -0.01295886   0.01308790  -0.07967100
Spot 2  -0.01258858   0.01308703  -0.07967100
20MABNDA000324_PR007
Spot 1  -0.01255431   0.01289157  -0.07446800
Spot 2  -0.01234709   0.01288782  -0.07446800
Spot 1  -0.01255419   0.01289161  -0.07446800
Spot 2  -0.01234694   0.01288776  -0.07446800
Spot 1  -0.01255421   0.01289146  -0.07446800
Spot 2  -0.01234704   0.01288775  -0.07446800
Spot 1  -0.01255426   0.01289134  -0.07446800
Spot 2  -0.01234685   0.01288771  -0.07446800
Spot 1  -0.01255429   0.01289144  -0.07446800
Spot 2  -0.01234689   0.01288759  -0.07446800
Spot 1  -0.01255415   0.01289154  -0.07446800
Spot 2  -0.01234698   0.01288777  -0.07446800
Spot 1  -0.01255420   0.01289146  -0.07446800
Spot 2  -0.01234702   0.01288749  -0.07446800
Spot 1  -0.01255425   0.01289141  -0.07446800
Spot 2  -0.01234683   0.01288760  -0.07446800
Spot 1  -0.01255424   0.01289139  -0.07446800
Spot 2  -0.01234699   0.01288755  -0.07446800
Spot 1  -0.01255414   0.01289138  -0.07446800
Spot 2  -0.01234698   0.01288745  -0.07446800
Spot 1  -0.01255434   0.01289115  -0.07446800
Spot 2  -0.01234688   0.01288755  -0.07446800
20MABNDB000001_PR017
Spot 1  -0.01228882  -0.01322397  -0.07418400
Spot 2  -0.01191942  -0.01321815  -0.07418400
Spot 1  -0.01228899  -0.01322351  -0.07418400
Spot 2  -0.01191953  -0.01321815  -0.07418400
Spot 1  -0.01228881  -0.01322336  -0.07418400
Spot 2  -0.01191965  -0.01321780  -0.07418400
Spot 1  -0.01228910  -0.01322321  -0.07418400
Spot 2  -0.01191971  -0.01321780  -0.07418400
Spot 1  -0.01228867  -0.01322404  -0.07418400
Spot 2  -0.01191959  -0.01321844  -0.07418400
Spot 1  -0.01228894  -0.01322387  -0.07418400
Spot 2  -0.01191959  -0.01321815  -0.07418400
Spot 1  -0.01228888  -0.01322364  -0.07418400
Spot 2  -0.01191953  -0.01321826  -0.07418400
Spot 1  -0.01228897  -0.01322363  -0.07418400
Spot 2  -0.01191959  -0.01321809  -0.07418400
Spot 1  -0.01228920  -0.01322340  -0.07418400
Spot 2  -0.01191959  -0.01321798  -0.07418400
Spot 1  -0.01228872  -0.01322389  -0.07418400
Spot 2  -0.01191932  -0.01321822  -0.07418400
Spot 1  -0.01228900  -0.01322276  -0.07418400
Spot 2  -0.01191946  -0.01321739  -0.07418400
20MABNDB000260_PR019
Spot 1  -0.01240901  -0.01257453  -0.07492700
Spot 2  -0.01220717  -0.01257032  -0.07492700
Spot 1  -0.01240913  -0.01257458  -0.07492700
Spot 2  -0.01220720  -0.01256907  -0.07492700
Spot 1  -0.01240895  -0.01257456  -0.07492700
Spot 2  -0.01220670  -0.01257011  -0.07492700
Spot 1  -0.01240904  -0.01257467  -0.07492700
Spot 2  -0.01220683  -0.01256877  -0.07492700
Spot 1  -0.01240919  -0.01257422  -0.07492700
Spot 2  -0.01220657  -0.01256968  -0.07492700
Spot 1  -0.01240910  -0.01257452  -0.07492700
Spot 2  -0.01220640  -0.01256914  -0.07492700
Spot 1  -0.01240907  -0.01257434  -0.07492700
Spot 2  -0.01220683  -0.01256877  -0.07492700
Spot 1  -0.01240904  -0.01257442  -0.07492700
Spot 2  -0.01220657  -0.01256968  -0.07492700
Spot 1  -0.01240905  -0.01257464  -0.07492700
Spot 2  -0.01220583  -0.01257081  -0.07492700
Spot 1  -0.01240904  -0.01257413  -0.07492700
Spot 2  -0.01220693  -0.01256991  -0.07492700
Spot 1  -0.01240915  -0.01257472  -0.07492700
Spot 2  -0.01220693  -0.01256991  -0.07492700


*****************************************************************coordonnees du prisme dans le repere MOUNT********************************************************************************** 
20MABNDA000196_PR006
 -0.01004740   0.01344149   1.64206660
 -0.01004994   0.01343944   1.64206660
 -0.01004921   0.01343670   1.64206660
 -0.01005165   0.01343357   1.64206660
 -0.01005571   0.01343188   1.64206660
 -0.01004914   0.01343397   1.64206660
 -0.01005351   0.01343316   1.64206660
 -0.01005296   0.01343326   1.64206660
 -0.01005429   0.01343174   1.64206660
 -0.01005561   0.01343219   1.64206660
 -0.01005088   0.01343410   1.64206660
 -0.01005349   0.01343512   1.64206660
20MABNDA000324_PR007
 -0.02525714   0.02461270   2.95550632
 -0.02526244   0.02461305   2.95550609
 -0.02526011   0.02461622   2.95550609
 -0.02526288   0.02461935   2.95550609
 -0.02526150   0.02461974   2.95550609
 -0.02526246   0.02461424   2.95550609
 -0.02526075   0.02462133   2.95550609
 -0.02526350   0.02462013   2.95550609
 -0.02526055   0.02462154   2.95550609
 -0.02526273   0.02462370   2.95550609
 -0.02526077   0.02462625   2.95550609
20MABNDB000001_PR017
 -0.02442509  -0.00998951   1.64038670
 -0.02442208  -0.00999457   1.64038670
 -0.02442269  -0.01000004   1.64038670
 -0.02441888  -0.01000171   1.64038670
 -0.02442483  -0.00998558   1.64038670
 -0.02442194  -0.00999063   1.64038670
 -0.02442326  -0.00999193   1.64038670
 -0.02442163  -0.00999392   1.64038670
 -0.02441917  -0.00999755   1.64038670
 -0.02442728  -0.00998959   1.64038670
 -0.02442269  -0.01001107   1.64038670
20MABNDB000260_PR019
 -0.02432344  -0.03147522   2.95632577
 -0.02432060  -0.03149898   2.95632577
 -0.02433401  -0.03147877   2.95632577
 -0.02432959  -0.03150291   2.95632553
 -0.02433173  -0.03149389   2.95632577
 -0.02433696  -0.03149873   2.95632553
 -0.02432885  -0.03150958   2.95632553
 -0.02433476  -0.03148982   2.95632577
 -0.02434910  -0.03146333   2.95632577
 -0.02432764  -0.03149124   2.95632577
 -0.02432533  -0.03147958   2.95632577


*****************************************************************coordonnees du prisme dans le repere ATLAS********************************************************************************** 
20MABNDA000196_PR006 0.00300000
  2.58450723  -4.19195747   6.55139399
  2.58450961  -4.19195747   6.55139208
  2.58450890  -4.19195747   6.55138922
  2.58451128  -4.19195747   6.55138636
  2.58451533  -4.19195747   6.55138445
  2.58450890  -4.19195747   6.55138636
  2.58451319  -4.19195747   6.55138588
  2.58451271  -4.19195747   6.55138588
  2.58451390  -4.19195747   6.55138445
  2.58451533  -4.19195747   6.55138493
  2.58451056  -4.19195747   6.55138683
  2.58451319  -4.19195747   6.55138779
20MABNDA000324_PR007 0.00300000
  2.59406018  -4.13694954   6.95130014
  2.59405494  -4.13695002   6.95129967
  2.59405708  -4.13695002   6.95129681
  2.59405446  -4.13695002   6.95129347
  2.59405589  -4.13695002   6.95129299
  2.59405494  -4.13695002   6.95129871
  2.59405661  -4.13695002   6.95129156
  2.59405375  -4.13695002   6.95129251
  2.59405684  -4.13695002   6.95129156
  2.59405446  -4.13695002   6.95128918
  2.59405661  -4.13695002   6.95128679
20MABNDB000001_PR017 0.00300000
 -2.59813213  -4.19200706   6.54531097
 -2.59812927  -4.19200706   6.54531622
 -2.59812975  -4.19200706   6.54532146
 -2.59812593  -4.19200706   6.54532290
 -2.59813190  -4.19200706   6.54530716
 -2.59812903  -4.19200706   6.54531193
 -2.59813046  -4.19200706   6.54531336
 -2.59812880  -4.19200706   6.54531527
 -2.59812641  -4.19200706   6.54531908
 -2.59813452  -4.19200706   6.54531097
 -2.59812975  -4.19200706   6.54533243
20MABNDB000260_PR019 0.00300000
 -2.60443401  -4.13691425   6.94917011
 -2.60443687  -4.13691425   6.94914627
 -2.60442328  -4.13691425   6.94916677
 -2.60442781  -4.13691473   6.94914246
 -2.60442567  -4.13691425   6.94915152
 -2.60442042  -4.13691473   6.94914675
 -2.60442853  -4.13691473   6.94913578
 -2.60442257  -4.13691425   6.94915581
 -2.60440826  -4.13691425   6.94918203
 -2.60442972  -4.13691425   6.94915438
 -2.60443211  -4.13691425   6.94916582


*****************************************************************Rapport********************************************************************************** 
CAM-JDA-US-IP_JDA-US-IP     2014.09.03.15.49.54   2.58451168  -4.19195747   6.55138735   0.00000255   0.00000000   0.00000288 0.00300000 VRAI 
CAM-JDA-US-HO_JDA-US-HO     2014.09.03.15.49.54   2.59405598  -4.13694997   6.95129395   0.00000171   0.00000014   0.00000416 0.00300000 VRAI 
CAM-JDA-USA-IP_JDA-USA-IP   2014.09.03.15.49.54  -2.59812981  -4.19200706   6.54531652   0.00000235   0.00000000   0.00000679 0.00300000 VRAI 
CAM-JDA-USA-HO_JDA-USA-HO   2014.09.03.15.49.54  -2.60442630  -4.13691438   6.94915615   0.00000743   0.00000021   0.00001309 0.00300000 VRAI 
