********** Fichier qui contient une sauvegarde des coordonnees images + coordonnees images transformees dans le repere BCAM (MOUNT) + coordonnees des prismes dans le repere MOUNT********** 
********************************************************************** Unite en metres (m)************************************************************************************************** 

*******************************************************************coordonnees images dans le repere CCD *********************************************************************************** 
20MABNDA000318_PR004
Spot 1     0.00214917     0.00162671
Spot 2     0.00193204     0.00162812
Spot 1     0.00214943     0.00162688
Spot 2     0.00193223     0.00162823
Spot 1     0.00214935     0.00162677
Spot 2     0.00193221     0.00162821
Spot 1     0.00214942     0.00162686
Spot 2     0.00193220     0.00162780
Spot 1     0.00214937     0.00162693
Spot 2     0.00193201     0.00162794
Spot 1     0.00214932     0.00162698
Spot 2     0.00193227     0.00162830
Spot 1     0.00214925     0.00162684
Spot 2     0.00193216     0.00162805
Spot 1     0.00214929     0.00162693
Spot 2     0.00193224     0.00162813
Spot 1     0.00214930     0.00162689
Spot 2     0.00193224     0.00162786
Spot 1     0.00214933     0.00162695
Spot 2     0.00193227     0.00162820
20MABNDA000334_PR005
Spot 1     0.00247790     0.00157370
Spot 2     0.00219762     0.00157446
Spot 1     0.00247807     0.00157369
Spot 2     0.00219761     0.00157417
Spot 1     0.00247780     0.00157358
Spot 2     0.00219738     0.00157446
Spot 1     0.00247786     0.00157376
Spot 2     0.00219730     0.00157459
Spot 1     0.00247804     0.00157344
Spot 2     0.00219753     0.00157433
Spot 1     0.00247782     0.00157342
Spot 2     0.00219740     0.00157440
Spot 1     0.00247778     0.00157371
Spot 2     0.00219722     0.00157444
Spot 1     0.00247787     0.00157332
Spot 2     0.00219755     0.00157440
Spot 1     0.00247795     0.00157364
Spot 2     0.00219757     0.00157438
Spot 1     0.00247790     0.00157355
Spot 2     0.00219740     0.00157440
20MABNDB000317_PR015
Spot 1     0.00149487     0.00160866
Spot 2     0.00171453     0.00160307
Spot 1     0.00149489     0.00160865
Spot 2     0.00171453     0.00160306
Spot 1     0.00149485     0.00160876
Spot 2     0.00171452     0.00160316
Spot 1     0.00149489     0.00160881
Spot 2     0.00171450     0.00160320
Spot 1     0.00149483     0.00160882
Spot 2     0.00171453     0.00160311
Spot 1     0.00149482     0.00160882
Spot 2     0.00171454     0.00160314
Spot 1     0.00149479     0.00160878
Spot 2     0.00171445     0.00160311
Spot 1     0.00149490     0.00160877
Spot 2     0.00171454     0.00160314
20MABNDB000146_PR016
Spot 1     0.00145124     0.00133243
Spot 2     0.00172681     0.00133442
Spot 1     0.00145101     0.00133249
Spot 2     0.00172713     0.00133433
Spot 1     0.00145107     0.00133265
Spot 2     0.00172698     0.00133445
Spot 1     0.00145116     0.00133246
Spot 2     0.00172706     0.00133437
Spot 1     0.00145112     0.00133249
Spot 2     0.00172691     0.00133453
Spot 1     0.00145126     0.00133234
Spot 2     0.00172697     0.00133456
Spot 1     0.00145120     0.00133262
Spot 2     0.00172718     0.00133457
Spot 1     0.00145117     0.00133260
Spot 2     0.00172698     0.00133443


****************************************************************coordonnees images transformees dans le repere MOUNT************************************************************************* 
20MABNDA000318_PR004
Spot 1    -0.01286899     0.01246851    -0.07310601
Spot 2    -0.01265185     0.01246774    -0.07310601
Spot 1    -0.01286925     0.01246834    -0.07310601
Spot 2    -0.01265204     0.01246763    -0.07310601
Spot 1    -0.01286917     0.01246845    -0.07310601
Spot 2    -0.01265202     0.01246765    -0.07310601
Spot 1    -0.01286924     0.01246836    -0.07310601
Spot 2    -0.01265202     0.01246806    -0.07310601
Spot 1    -0.01286919     0.01246829    -0.07310601
Spot 2    -0.01265183     0.01246792    -0.07310601
Spot 1    -0.01286914     0.01246824    -0.07310601
Spot 2    -0.01265208     0.01246756    -0.07310601
Spot 1    -0.01286907     0.01246838    -0.07310601
Spot 2    -0.01265197     0.01246781    -0.07310601
Spot 1    -0.01286911     0.01246829    -0.07310601
Spot 2    -0.01265205     0.01246773    -0.07310601
Spot 1    -0.01286912     0.01246833    -0.07310601
Spot 2    -0.01265206     0.01246800    -0.07310601
Spot 1    -0.01286915     0.01246827    -0.07310601
Spot 2    -0.01265208     0.01246766    -0.07310601
20MABNDA000334_PR005
Spot 1    -0.01312100     0.01255470    -0.07324100
Spot 2    -0.01284072     0.01255367    -0.07324100
Spot 1    -0.01312117     0.01255471    -0.07324100
Spot 2    -0.01284071     0.01255396    -0.07324100
Spot 1    -0.01312090     0.01255482    -0.07324100
Spot 2    -0.01284048     0.01255367    -0.07324100
Spot 1    -0.01312096     0.01255464    -0.07324100
Spot 2    -0.01284040     0.01255354    -0.07324100
Spot 1    -0.01312114     0.01255496    -0.07324100
Spot 2    -0.01284063     0.01255380    -0.07324100
Spot 1    -0.01312092     0.01255498    -0.07324100
Spot 2    -0.01284050     0.01255373    -0.07324100
Spot 1    -0.01312088     0.01255469    -0.07324100
Spot 2    -0.01284032     0.01255369    -0.07324100
Spot 1    -0.01312097     0.01255508    -0.07324100
Spot 2    -0.01284065     0.01255373    -0.07324100
Spot 1    -0.01312105     0.01255476    -0.07324100
Spot 2    -0.01284067     0.01255375    -0.07324100
Spot 1    -0.01312100     0.01255485    -0.07324100
Spot 2    -0.01284050     0.01255373    -0.07324100
20MABNDB000317_PR015
Spot 1    -0.01265952    -0.01248930    -0.07326100
Spot 2    -0.01243981    -0.01249233    -0.07326100
Spot 1    -0.01265950    -0.01248931    -0.07326100
Spot 2    -0.01243981    -0.01249234    -0.07326100
Spot 1    -0.01265954    -0.01248920    -0.07326100
Spot 2    -0.01243982    -0.01249224    -0.07326100
Spot 1    -0.01265950    -0.01248915    -0.07326100
Spot 2    -0.01243984    -0.01249220    -0.07326100
Spot 1    -0.01265956    -0.01248914    -0.07326100
Spot 2    -0.01243981    -0.01249229    -0.07326100
Spot 1    -0.01265957    -0.01248914    -0.07326100
Spot 2    -0.01243980    -0.01249226    -0.07326100
Spot 1    -0.01265960    -0.01248918    -0.07326100
Spot 2    -0.01243989    -0.01249230    -0.07326100
Spot 1    -0.01265949    -0.01248919    -0.07326100
Spot 2    -0.01243980    -0.01249226    -0.07326100
20MABNDB000146_PR016
Spot 1    -0.01275712    -0.01246117    -0.07450499
Spot 2    -0.01248156    -0.01245857    -0.07450499
Spot 1    -0.01275735    -0.01246111    -0.07450499
Spot 2    -0.01248124    -0.01245866    -0.07450499
Spot 1    -0.01275729    -0.01246095    -0.07450499
Spot 2    -0.01248139    -0.01245854    -0.07450499
Spot 1    -0.01275720    -0.01246114    -0.07450499
Spot 2    -0.01248131    -0.01245862    -0.07450499
Spot 1    -0.01275724    -0.01246111    -0.07450499
Spot 2    -0.01248146    -0.01245846    -0.07450499
Spot 1    -0.01275710    -0.01246126    -0.07450499
Spot 2    -0.01248140    -0.01245843    -0.07450499
Spot 1    -0.01275716    -0.01246098    -0.07450499
Spot 2    -0.01248119    -0.01245842    -0.07450499
Spot 1    -0.01275719    -0.01246100    -0.07450499
Spot 2    -0.01248139    -0.01245856    -0.07450499


*****************************************************************coordonnees du prisme dans le repere MOUNT********************************************************************************** 
20MABNDA000318_PR004
   -0.00832108     0.03844340     2.74965858
   -0.00831283     0.03844856     2.74965858
   -0.00831465     0.03844617     2.74965858
   -0.00831354     0.03844031     2.74965858
   -0.00831795     0.03844415     2.74965858
   -0.00831411     0.03845169     2.74965858
   -0.00831741     0.03844451     2.74965858
   -0.00831522     0.03844764     2.74965858
   -0.00831501     0.03844195     2.74965858
   -0.00831394     0.03844929     2.74965858
20MABNDA000334_PR005
   -0.00413452     0.03134367     2.14977407
   -0.00413224     0.03133937     2.14977407
   -0.00413938     0.03134197     2.14977407
   -0.00413966     0.03134640     2.14977407
   -0.00413380     0.03133810     2.14977407
   -0.00413881     0.03133881     2.14977407
   -0.00414195     0.03134353     2.14977407
   -0.00413596     0.03133738     2.14977407
   -0.00413451     0.03134167     2.14977407
   -0.00413766     0.03134066     2.14977407
20MABNDB000317_PR015
   -0.01762874    -0.03432742     2.75128746
   -0.01762912    -0.03432706     2.75128746
   -0.01762817    -0.03433087     2.75128746
   -0.01762851    -0.03433252     2.75128746
   -0.01762798    -0.03433105     2.75128746
   -0.01762798    -0.03433160     2.75128746
   -0.01762581    -0.03433030     2.75128746
   -0.01762944    -0.03433071     2.75128746
20MABNDB000146_PR016
   -0.01362774    -0.03178676     2.15201283
   -0.01362902    -0.03178633     2.15201283
   -0.01362773    -0.03179036     2.15201259
   -0.01363018    -0.03178649     2.15201283
   -0.01362744    -0.03178922     2.15201259
   -0.01363032    -0.03178750     2.15201259
   -0.01363248    -0.03179166     2.15201259
   -0.01362916    -0.03178935     2.15201259


*****************************************************************coordonnees du prisme dans le repere ATLAS********************************************************************************** 
20MABNDA000318_PR004 0.00000000
    2.61468649    -4.19698811     3.83355236
    2.61469483    -4.19698811     3.83354712
    2.61469293    -4.19698811     3.83354950
    2.61469412    -4.19698811     3.83355546
    2.61468959    -4.19698811     3.83355165
    2.61469340    -4.19698811     3.83354402
    2.61469007    -4.19698811     3.83355117
    2.61469245    -4.19698811     3.83354807
    2.61469269    -4.19698811     3.83355379
    2.61469364    -4.19698811     3.83354640
20MABNDA000334_PR005 0.00000000
    2.61686516    -4.19702864     5.89791775
    2.61686754    -4.19702864     5.89792204
    2.61686039    -4.19702864     5.89791918
    2.61686015    -4.19702864     5.89791489
    2.61686587    -4.19702864     5.89792299
    2.61686087    -4.19702864     5.89792252
    2.61685777    -4.19702864     5.89791775
    2.61686373    -4.19702864     5.89792395
    2.61686516    -4.19702864     5.89791965
    2.61686206    -4.19702864     5.89792061
20MABNDB000317_PR015 0.00000000
   -2.61097193    -4.19700384     3.83568788
   -2.61097145    -4.19700384     3.83568835
   -2.61097240    -4.19700384     3.83568454
   -2.61097217    -4.19700336     3.83568287
   -2.61097264    -4.19700336     3.83568430
   -2.61097264    -4.19700336     3.83568382
   -2.61097479    -4.19700384     3.83568501
   -2.61097121    -4.19700384     3.83568454
20MABNDB000146_PR016 0.00000000
   -2.61266208    -4.19702482     5.89856148
   -2.61266088    -4.19702482     5.89856195
   -2.61266208    -4.19702530     5.89855766
   -2.61265969    -4.19702482     5.89856195
   -2.61266232    -4.19702530     5.89855909
   -2.61265945    -4.19702530     5.89856052
   -2.61265731    -4.19702530     5.89855671
   -2.61266065    -4.19702530     5.89855909


*****************************************************************Rapport********************************************************************************** 
CAM-EBA-US-IP_EBA-US-IP        2015.03.18.18.47.31     2.61469202    -4.19698811     3.83354995     0.00000242     0.00000000     0.00000339 0.00000000 VRAI 
CAM-EBA-US-HO_EBA-US-HO        2015.03.18.18.47.31     2.61686287    -4.19702864     5.89792013     0.00000294     0.00000000     0.00000269 0.00000000 VRAI 
CAM-EBA-USA-IP_EBA-USA-IP      2015.03.18.18.47.31    -2.61097240    -4.19700366     3.83568516     0.00000103     0.00000023     0.00000181 0.00000000 VRAI 
CAM-EBA-USA-HO_EBA-USA-HO      2015.03.18.18.47.31    -2.61266056    -4.19702512     5.89855981     0.00000159     0.00000023     0.00000186 0.00000000 VRAI 
