********** Fichier qui contient une sauvegarde des coordonnees images + coordonnees images transformees dans le repere BCAM (MOUNT) + coordonnees des prismes dans le repere MOUNT********** 
********************************************************************** Unite en metres (m)************************************************************************************************** 

*******************************************************************coordonnees images dans le repere CCD *********************************************************************************** 
20MABNDM000168_PR025
Spot 1 0.00284181 0.00136761
Spot 2 0.00266777 0.00137107
Spot 1 0.00284174 0.00136767
Spot 2 0.00266772 0.00137114
Spot 1 0.00284174 0.00136761
Spot 2 0.00266771 0.00137091
Spot 1 0.00284177 0.00136759
Spot 2 0.00266784 0.00137097
Spot 1 0.00284169 0.00136769
Spot 2 0.00266759 0.00137092
20MABNDM000168_PR026
Spot 1 0.00217875 0.00121781
Spot 2 -1e-06 -1e-06
Spot 1 0.00217875 0.00121813
Spot 2 -1e-06 -1e-06
Spot 1 0.00217844 0.00121781
Spot 2 -1e-06 -1e-06
Spot 1 0.00217855 0.00121823
Spot 2 -1e-06 -1e-06
Spot 1 0.002179 0.001218
Spot 2 -1e-06 -1e-06
20MABNDM000168_PR001
Spot 1 0.000665 9.167e-05
Spot 2 0.00308167 0.000135
Spot 1 0.000935 6.833e-05
Spot 2 0.00113833 0.000145
Spot 1 0.0033325 0.0001925
Spot 2 0.00150167 8.167e-05
Spot 1 0.0013825 0.0001575
Spot 2 0.002125 5.5e-05
20MABNDM000168_20MABNDL000077
Spot 1 0.00158155 0.00141697
Spot 2 0.00133483 0.00103955
Spot 1 0.00158138 0.00141649
Spot 2 0.00140753 0.00144791
Spot 1 0.00158143 0.00141642
Spot 2 0.00142036 0.00087769
Spot 1 0.00158146 0.00141636
Spot 2 0.00142113 0.00087748
20MABNDL000196_PR036
Spot 1 0.00084884 0.00179241
Spot 2 0.0014 0.00166173
Spot 1 0.00084883 0.00179237
Spot 2 0.00139997 0.00166101
Spot 1 0.00084887 0.00179237
Spot 2 0.00139999 0.00166076
Spot 1 0.00091955 0.00166598
Spot 2 0.00074115 0.0016072
20MABNDL000196_PR037
Spot 1 0.00161425 0.00080008
Spot 2 0.00213684 0.00103286
Spot 1 0.00161445 0.00080005
Spot 2 0.00213643 0.00103276
Spot 1 0.00161464 0.00079977
Spot 2 0.00213658 0.00103282
Spot 1 0.00139989 0.00137961
Spot 2 0.00079329 0.00151256
20MABNDL000196_PR012
Spot 1 0.002065 6.5e-05
Spot 2 0.002505 8.5e-05
Spot 1 0.002275 0.000145
Spot 2 0.002315 0.000235
Spot 1 0.001165 0.000175
Spot 2 0.00049 9e-05
Spot 1 0.003385 5.75e-05
Spot 2 0.00069167 8.833e-05
20MABNDL000196_20MABNDM000020
Spot 1 0.00183335 0.00129943
Spot 2 0.00225818 0.00067944
Spot 1 0.00183342 0.00129928
Spot 2 0.00225815 0.00067941
Spot 1 0.00183334 0.0012992
Spot 2 0.00225804 0.00067937
Spot 1 0.00183322 0.00129882
Spot 2 0.00225788 0.00067913


****************************************************************coordonnees images transformees dans le repere MOUNT************************************************************************* 
20MABNDM000168_PR025
Spot 1 -0.0115608 -0.0356976 -0.005329
Spot 2 -0.0117348 -0.0357018 -0.005329
Spot 1 -0.0115609 -0.0356977 -0.005329
Spot 2 -0.0117349 -0.0357019 -0.005329
Spot 1 -0.0115609 -0.0356976 -0.005329
Spot 2 -0.0117349 -0.0357017 -0.005329
Spot 1 -0.0115608 -0.0356976 -0.005329
Spot 2 -0.0117347 -0.0357017 -0.005329
Spot 1 -0.0115609 -0.0356977 -0.005329
Spot 2 -0.011735 -0.0357017 -0.005329
20MABNDM000168_PR026
Spot 1 -0.0122245 -0.0355507 -0.005329
Spot 2 -0.0144095 -0.0343413 -0.005329
Spot 1 -0.0122245 -0.035551 -0.005329
Spot 2 -0.0144095 -0.0343413 -0.005329
Spot 1 -0.0122248 -0.0355507 -0.005329
Spot 2 -0.0144095 -0.0343413 -0.005329
Spot 1 -0.0122247 -0.0355511 -0.005329
Spot 2 -0.0144095 -0.0343413 -0.005329
Spot 1 -0.0122242 -0.0355509 -0.005329
Spot 2 -0.0144095 -0.0343413 -0.005329
20MABNDM000168_PR001
Spot 1 -0.0137431 -0.0344311 -0.005329
Spot 2 -0.0113262 -0.034464 -0.005329
Spot 1 -0.0134732 -0.0344066 -0.005329
Spot 2 -0.0132695 -0.0344824 -0.005329
Spot 1 -0.0110752 -0.0345204 -0.005329
Spot 2 -0.0129064 -0.0344175 -0.005329
Spot 1 -0.0130253 -0.0344938 -0.005329
Spot 2 -0.0122832 -0.0343881 -0.005329
20MABNDM000168_20MABNDL000077
Spot 1 -0.0128208 -0.0357524 -0.005329
Spot 2 -0.0130692 -0.0353761 -0.005329
Spot 1 -0.012821 -0.0357519 -0.005329
Spot 2 -0.0129947 -0.0357841 -0.005329
Spot 1 -0.0128209 -0.0357519 -0.005329
Spot 2 -0.0129843 -0.0352138 -0.005329
Spot 1 -0.0128209 -0.0357518 -0.005329
Spot 2 -0.0129836 -0.0352136 -0.005329
20MABNDL000196_PR036
Spot 1 0.0118284 0.0359809 -0.074836
Spot 2 0.0123799 0.0358514 -0.074836
Spot 1 0.0118284 0.0359809 -0.074836
Spot 2 0.0123798 0.0358507 -0.074836
Spot 1 0.0118285 0.0359809 -0.074836
Spot 2 0.0123799 0.0358504 -0.074836
Spot 1 0.0118994 0.0358546 -0.074836
Spot 2 0.0117211 0.0357955 -0.074836
20MABNDL000196_PR037
Spot 1 0.0125959 0.0349902 -0.074836
Spot 2 0.013118 0.035224 -0.074836
Spot 1 0.0125961 0.0349901 -0.074836
Spot 2 0.0131176 0.0352239 -0.074836
Spot 1 0.0125963 0.0349899 -0.074836
Spot 2 0.0131178 0.035224 -0.074836
Spot 1 0.0123804 0.0355693 -0.074836
Spot 2 0.0117735 0.0357009 -0.074836
20MABNDL000196_PR012
Spot 1 0.0130482 0.034256 -0.074836
Spot 2 0.0134882 0.034277 -0.074836
Spot 1 0.013258 0.0343365 -0.074836
Spot 2 0.0132979 0.0344266 -0.074836
Spot 1 0.012148 0.0343642 -0.074836
Spot 2 0.0114732 0.0342777 -0.074836
Spot 1 0.0143682 0.0342513 -0.074836
Spot 2 0.0116748 0.0342765 -0.074836
20MABNDL000196_20MABNDM000020
Spot 1 0.012814 0.03549 -0.074836
Spot 2 0.0132401 0.0348709 -0.074836
Spot 1 0.0128141 0.0354898 -0.074836
Spot 2 0.0132401 0.0348708 -0.074836
Spot 1 0.012814 0.0354897 -0.074836
Spot 2 0.01324 0.0348708 -0.074836
Spot 1 0.0128139 0.0354894 -0.074836
Spot 2 0.0132398 0.0348706 -0.074836


*****************************************************************coordonnees du prisme dans le repere MOUNT********************************************************************************** 
20MABNDM000168_PR025
-0.0638816 -0.0179618 -3.7884
-0.0638787 -0.0179586 -3.7884
-0.0638784 -0.0179658 -3.7884
-0.0638823 -0.0179649 -3.7884
-0.0638742 -0.0179636 -3.7884
20MABNDM000168_PR026
0.0203113 -0.0562482 -3.98442
0.0203112 -0.0562398 -3.98442
0.0203193 -0.0562482 -3.98442
0.0203164 -0.0562372 -3.98442
0.0203047 -0.0562432 -3.98442
20MABNDM000168_PR001
-0.0241976 -0.104776 -5.8946
0.0406715 -0.105012 -5.89436
-0.0663599 -0.103113 -5.89438
-0.0149231 -0.105286 -5.8946
20MABNDM000168_20MABNDL000077
0.00613052 -0.0195037 -5.46863
0.00346175 -0.00486198 -5.46858
0.00308725 -0.0253516 -5.46866
0.00305858 -0.0253614 -5.46866
20MABNDL000196_PR036
0.0466561 0.00162359 3.68778
0.0466571 0.00164233 3.68778
0.0466556 0.00164846 3.68778
0.0610836 0.0060972 3.68766
20MABNDL000196_PR037
0.00952839 0.0416336 3.884
0.00953381 0.041637 3.884
0.00952502 0.0416427 3.884
0.0498651 0.0143315 3.88377
20MABNDL000196_PR012
-0.0240531 0.109793 5.83478
-0.0248118 0.100859 5.83488
0.0891812 0.105558 5.83445
-0.00489 0.109996 5.83487
20MABNDL000196_20MABNDM000020
-0.00395246 0.0385778 5.3943
-0.00395389 0.0385842 5.3943
-0.00394707 0.0385885 5.3943
-0.00393707 0.0386107 5.3943


*****************************************************************coordonnees du prisme dans le repere ATLAS********************************************************************************** 
20MABNDM000168_PR025 0
2.8353 -3.68145 -6.47905
2.8353 -3.68145 -6.47905
2.8353 -3.68145 -6.47905
2.8353 -3.68145 -6.47905
2.8353 -3.68146 -6.47905
20MABNDM000168_PR026 0
2.79698 -3.7657 -6.67504
2.79699 -3.7657 -6.67504
2.79698 -3.76571 -6.67504
2.79699 -3.76571 -6.67504
2.79698 -3.7657 -6.67504
20MABNDM000168_PR001 0
2.74835 -3.72189 -8.58523
2.7481 -3.78676 -8.58497
2.75002 -3.67973 -8.58502
2.74784 -3.73117 -8.58523
20MABNDM000168_20MABNDL000077 0
2.83364 -3.75209 -8.15925
2.84828 -3.74942 -8.1592
2.82779 -3.74904 -8.15928
2.82778 -3.74901 -8.15928
20MABNDL000196_PR036 0
-2.85198 -3.69762 -6.4791
-2.85196 -3.69762 -6.4791
-2.85196 -3.69762 -6.4791
-2.84752 -3.68319 -6.47899
20MABNDL000196_PR037 0
-2.81196 -3.73491 -6.67529
-2.81196 -3.73491 -6.67529
-2.81195 -3.73491 -6.67529
-2.83928 -3.69459 -6.67509
20MABNDL000196_PR012 0
-2.74383 -3.77027 -8.62604
-2.75276 -3.77104 -8.62614
-2.74812 -3.65704 -8.62581
-2.74363 -3.75111 -8.62614
20MABNDL000196_20MABNDM000020 0
-2.81504 -3.7498 -8.18558
-2.81504 -3.7498 -8.18558
-2.81503 -3.74979 -8.18558
-2.81501 -3.74978 -8.18558


*****************************************************************Rapport********************************************************************************** 
CAM-LBC-US_EBC-US-HO-H 2014.08.18.22.54.17 2.8353 -3.68145 -6.47905 2.51597e-06 2.8745e-06 0 0 VRAI 
CAM-LBC-US_JDC-US-H 2014.08.18.22.54.17 2.79698 -3.76571 -6.67504 4.39777e-06 5.00202e-06 0 0 VRAI 
CAM-LBC-US_EBA-US-IP-H 2014.08.18.22.54.17 2.74858 -3.72989 -8.58511 0.000854633 0.0381311 0.000117744 0 VRAI 
CAM-LBC-US_CAM-LBA-US 2014.08.18.22.54.17 2.83437 -3.74989 -8.15925 0.00837753 0.00127791 3.23161e-05 0 VRAI 
CAM-LBC-USA_EBC-USA-HO-H 2014.08.18.22.54.17 -2.85086 -3.69401 -6.47907 0.001928 0.00624815 4.68018e-05 0 VRAI 
CAM-LBC-USA_JDC-USA-H 2014.08.18.22.54.17 -2.81879 -3.72483 -6.67524 0.0118322 0.0174607 8.44489e-05 0 VRAI 
CAM-LBC-USA_EBA-USA-IP-H 2014.08.18.22.54.17 -2.74709 -3.73737 -8.62603 0.00373536 0.0470575 0.000134563 0 VRAI 
CAM-LBC-USA_CAM-LBA-USA 2014.08.18.22.54.17 -2.81503 -3.74979 -8.18558 1.23731e-05 6.54675e-06 0 0 VRAI 
