********** Fichier qui contient une sauvegarde des coordonnees images + coordonnees images transformees dans le repere BCAM (MOUNT) + coordonnees des prismes dans le repere MOUNT********** 
********************************************************************** Unite en metres (m)************************************************************************************************** 

*******************************************************************coordonnees images dans le repere CCD *********************************************************************************** 
20MABNDB000069_PR031
Spot 1 0.000215 0.002405
Spot 2 0.000575 0.002055
Spot 1 0.000215 0.002405
Spot 2 0.000575 0.002055
Spot 1 0.000215 0.002405
Spot 2 0.000575 0.002055
Spot 1 0.000215 0.002405
Spot 2 0.000575 0.002055
20MABNDB000069_PR033
Spot 1 0.002295 0.002225
Spot 2 0.001015 0.000815
Spot 1 0.002295 0.002225
Spot 2 0.001015 0.000815
Spot 1 0.002295 0.002225
Spot 2 0.001015 0.000815
Spot 1 0.002295 0.002225
Spot 2 0.001015 0.000815
20MABNDB000131_PR032
Spot 1 0.00171691 0.00022449
Spot 2 0.002045 0.000205
Spot 1 0.00171713 0.00022431
Spot 2 0.002045 0.000205
Spot 1 0.00171686 0.00022481
Spot 2 0.002045 0.000205
Spot 1 0.001717 0.00022444
Spot 2 0.001485 0.000315
20MABNDB000131_PR034
Spot 1 0.001915 0.000125
Spot 2 0.003235 0.000125
Spot 1 0.001915 0.000125
Spot 2 0.003235 0.000125
Spot 1 0.001915 0.000125
Spot 2 0.000665 0.000105
Spot 1 0.002045 0.000205
Spot 2 0.001915 0.000125
20MABNDA000208_PR042
Spot 1 0.00076 5.5e-05
Spot 2 0.0022175 5.5e-05
Spot 1 0.00077026 7.447e-05
Spot 2 0.00042929 2.929e-05
Spot 1 0.00043136 4.591e-05
Spot 2 0.00221357 4.929e-05
Spot 1 0.00077773 7.136e-05
Spot 2 0.00220333 4.75e-05
20MABNDA000208_PR046
Spot 1 0.00073167 7.167e-05
Spot 2 0.000905 8.833e-05
Spot 1 0.002279 5.1e-05
Spot 2 0.00184 4.25e-05
Spot 1 0.001743 4.7e-05
Spot 2 0.0024675 3.5e-05
Spot 1 0.0022775 5.833e-05
Spot 2 0.000428 4.2e-05
20MABNDA000035_PR044
Spot 1 0.00327653 1.5e-05
Spot 2 0.00040596 1.5e-05
Spot 1 0.00031604 3.5e-05
Spot 2 0.002895 1.5e-05
Spot 1 0.00257234 1.5e-05
Spot 2 0.00199829 1.5e-05
Spot 1 0.00232516 2.133e-05
Spot 2 0.00077759 2.241e-05
20MABNDA000035_PR047
Spot 1 0.00225341 1.865e-05
Spot 2 0.00254646 1.5e-05
Spot 1 0.001165 1.5e-05
Spot 2 0.002405 1.5e-05
Spot 1 0.002865 1.5e-05
Spot 2 0.00090905 2.095e-05
Spot 1 0.00209074 2.093e-05
Spot 2 0.001455 1.5e-05


****************************************************************coordonnees images transformees dans le repere MOUNT************************************************************************* 
20MABNDB000069_PR031
Spot 1 -0.0136199 -0.0118607 -0.073885
Spot 2 -0.0132747 -0.0122252 -0.073885
Spot 1 -0.0136199 -0.0118607 -0.073885
Spot 2 -0.0132747 -0.0122252 -0.073885
Spot 1 -0.0136199 -0.0118607 -0.073885
Spot 2 -0.0132747 -0.0122252 -0.073885
Spot 1 -0.0136199 -0.0118607 -0.073885
Spot 2 -0.0132747 -0.0122252 -0.073885
20MABNDB000069_PR033
Spot 1 -0.0115491 -0.0121263 -0.073885
Spot 2 -0.0128862 -0.0134823 -0.073885
Spot 1 -0.0115491 -0.0121263 -0.073885
Spot 2 -0.0128862 -0.0134823 -0.073885
Spot 1 -0.0115491 -0.0121263 -0.073885
Spot 2 -0.0128862 -0.0134823 -0.073885
Spot 1 -0.0115491 -0.0121263 -0.073885
Spot 2 -0.0128862 -0.0134823 -0.073885
20MABNDB000131_PR032
Spot 1 -0.0124989 -0.0138956 -0.07533
Spot 2 -0.0121707 -0.0139134 -0.07533
Spot 1 -0.0124987 -0.0138958 -0.07533
Spot 2 -0.0121707 -0.0139134 -0.07533
Spot 1 -0.012499 -0.0138953 -0.07533
Spot 2 -0.0121707 -0.0139134 -0.07533
Spot 1 -0.0124988 -0.0138956 -0.07533
Spot 2 -0.0127313 -0.0138062 -0.07533
20MABNDB000131_PR034
Spot 1 -0.0123003 -0.0139941 -0.07533
Spot 2 -0.0109804 -0.0139874 -0.07533
Spot 1 -0.0123003 -0.0139941 -0.07533
Spot 2 -0.0109804 -0.0139874 -0.07533
Spot 1 -0.0123003 -0.0139941 -0.07533
Spot 2 -0.0135502 -0.0140204 -0.07533
Spot 1 -0.0121707 -0.0139134 -0.07533
Spot 2 -0.0123003 -0.0139941 -0.07533
20MABNDA000208_PR042
Spot 1 -0.0116315 0.013943 -0.072737
Spot 2 -0.013089 0.0139418 -0.072737
Spot 1 -0.0116418 0.0139236 -0.072737
Spot 2 -0.0113008 0.013969 -0.072737
Spot 1 -0.0113029 0.0139524 -0.072737
Spot 2 -0.0130851 0.0139475 -0.072737
Spot 1 -0.0116492 0.0139267 -0.072737
Spot 2 -0.0130748 0.0139493 -0.072737
20MABNDA000208_PR046
Spot 1 -0.0116032 0.0139264 -0.072737
Spot 2 -0.0117765 0.0139096 -0.072737
Spot 1 -0.0131505 0.0139457 -0.072737
Spot 2 -0.0127115 0.0139546 -0.072737
Spot 1 -0.0126145 0.0139502 -0.072737
Spot 2 -0.013339 0.0139615 -0.072737
Spot 1 -0.013149 0.0139384 -0.072737
Spot 2 -0.0112995 0.0139563 -0.072737
20MABNDA000035_PR044
Spot 1 -0.0141023 0.0142603 -0.074832
Spot 2 -0.0112318 0.0142399 -0.074832
Spot 1 -0.011142 0.0142192 -0.074832
Spot 2 -0.0137208 0.0142576 -0.074832
Spot 1 -0.0133981 0.0142553 -0.074832
Spot 2 -0.0128241 0.0142512 -0.074832
Spot 1 -0.013151 0.0142472 -0.074832
Spot 2 -0.0116035 0.0142351 -0.074832
20MABNDA000035_PR047
Spot 1 -0.0130792 0.0142493 -0.074832
Spot 2 -0.0133722 0.0142551 -0.074832
Spot 1 -0.0119908 0.0142453 -0.074832
Spot 2 -0.0132308 0.0142541 -0.074832
Spot 1 -0.0136908 0.0142573 -0.074832
Spot 2 -0.0117349 0.0142375 -0.074832
Spot 1 -0.0129166 0.0142459 -0.074832
Spot 2 -0.0122808 0.0142473 -0.074832


*****************************************************************coordonnees du prisme dans le repere MOUNT********************************************************************************** 
20MABNDB000069_PR031
0.0888291 -0.139422 9.20289
0.0888291 -0.139422 9.20289
0.0888291 -0.139422 9.20289
0.0888291 -0.139422 9.20289
20MABNDB000069_PR033
-0.0195217 -0.017679 1.28407
-0.0195217 -0.017679 1.28407
-0.0195217 -0.017679 1.28407
-0.0195217 -0.017679 1.28407
20MABNDB000131_PR032
-0.0537875 0.098657 11.1473
-0.0538039 0.0986703 11.1473
-0.0537837 0.0986333 11.1473
-0.0123128 0.0907307 11.1475
20MABNDB000131_PR034
-0.0569518 0.0252065 3.43311
-0.0569518 0.0252065 3.43311
0.00161592 0.02596 3.43336
-0.0298244 0.0235226 3.43337
20MABNDA000208_PR042
-0.0561047 -0.0957406 9.20185
-0.165214 -0.0962054 9.20068
-0.0765162 -0.0966654 9.20172
-0.0558867 -0.0951966 9.20186
20MABNDA000208_PR046
-0.0301814 -0.00165806 1.2821
-0.00896977 -0.00220897 1.28221
-0.00818781 -0.00230651 1.28221
-0.0210486 -0.00216094 1.28219
20MABNDA000035_PR044
-0.0157906 -0.157865 11.1481
-0.0507006 -0.156135 11.1481
0.0499944 -0.158331 11.148
-0.0587252 -0.156541 11.1481
20MABNDA000035_PR047
0.0118569 -0.0396628 3.4346
-0.016208 -0.0395478 3.43469
-0.0115501 -0.0394452 3.43469
-0.0167603 -0.0394086 3.43469


*****************************************************************coordonnees du prisme dans le repere ATLAS********************************************************************************** 
20MABNDB000069_PR031 0
3.67061 3.84856 -7.80096
3.67061 3.84856 -7.80096
3.67061 3.84856 -7.80096
3.67061 3.84856 -7.80096
20MABNDB000069_PR033 0
3.54078 -4.0704 -7.88799
3.54078 -4.0704 -7.88799
3.54078 -4.0704 -7.88799
3.54078 -4.0704 -7.88799
20MABNDB000131_PR032 0
3.73449 3.7884 -12.812
3.73451 3.7884 -12.812
3.73449 3.7884 -12.812
3.69302 3.78851 -12.8199
20MABNDB000131_PR034 0
3.74474 -3.92584 -12.8828
3.74474 -3.92584 -12.8828
3.68617 -3.92564 -12.882
3.71761 -3.9256 -12.8844
20MABNDA000208_PR042 0
-3.4288 3.84857 -8.00127
-3.3197 3.84658 -8.0017
-3.40839 3.84828 -8.00219
-3.42901 3.84858 -8.00072
20MABNDA000208_PR046 0
-3.51413 -4.07078 -7.9092
-3.53534 -4.07052 -7.90976
-3.53613 -4.07051 -7.90985
-3.52327 -4.07063 -7.9097
20MABNDA000035_PR044 0
-3.70495 3.78764 -12.7478
-3.73986 3.78761 -12.7495
-3.63917 3.78744 -12.7473
-3.74789 3.78757 -12.7491
20MABNDA000035_PR047 0
-3.67886 -3.92589 -12.8667
-3.70693 -3.92579 -12.8668
-3.70227 -3.92579 -12.8669
-3.70748 -3.92579 -12.867


*****************************************************************Rapport********************************************************************************** 
CAM-ECTC-US-IP_ECTC-US-IP-T 2014.08.15.16.34.49 3.67061 3.84856 -7.80096 0 0 0 0 VRAI 
CAM-ECTC-US-IP_ECTC-US-IP 2014.08.15.16.34.49 3.54078 -4.0704 -7.88799 0 0 0 0 VRAI 
CAM-ECTC-US-HO_ECTC-US-HO-T 2014.08.15.16.34.49 3.72413 3.78843 -12.814 0.017962 4.84594e-05 0.0034252 0 VRAI 
CAM-ECTC-US-HO_ECTC-US-HO 2014.08.15.16.34.49 3.72332 -3.92573 -12.883 0.0241358 0.000108641 0.000894226 0 VRAI 
CAM-ECTC-USA-IP_ECTC-USA-IP-T 2014.08.15.16.34.49 -3.39647 3.848 -8.00147 0.0451107 0.000828734 0.000538971 0 VRAI 
CAM-ECTC-USA-IP_ECTC-USA-IP 2014.08.15.16.34.49 -3.52722 -4.07061 -7.90963 0.00911311 0.000109885 0.000253738 0 VRAI 
CAM-ECTC-USA-HO_ECTC-USA-HO-T 2014.08.15.16.34.49 -3.70797 3.78757 -12.7484 0.0428761 7.4326e-05 0.00089972 0 VRAI 
CAM-ECTC-USA-HO_ECTC-USA-HO 2014.08.15.16.34.49 -3.69888 -3.92582 -12.8669 0.0117357 4.09953e-05 9.69924e-05 0 VRAI 
