********** Fichier qui contient une sauvegarde des coordonnees images + coordonnees images transformees dans le repere BCAM (MOUNT) + coordonnees des prismes dans le repere MOUNT********** 
********************************************************************** Unite en metres (m)************************************************************************************************** 

*******************************************************************coordonnees images dans le repere CCD *********************************************************************************** 
20MABNDB000135_PR027
Spot 1 0.00185504 0.00124722
Spot 2 0.00209346 0.00124935
Spot 1 0.00185504 0.00124735
Spot 2 0.00209341 0.0012493
Spot 1 0.00185489 0.00124743
Spot 2 0.00209338 0.00124935
Spot 1 0.00185493 0.00124728
Spot 2 0.00209338 0.0012494
Spot 1 0.00185489 0.00124728
Spot 2 0.0020934 0.00124951
Spot 1 0.001855 0.00124734
Spot 2 0.00209332 0.00124939
Spot 1 0.00185479 0.00124738
Spot 2 0.00209336 0.00124937
Spot 1 0.00185489 0.00124734
Spot 2 0.00209325 0.00124929
Spot 1 0.00185511 0.00124734
Spot 2 0.00209333 0.0012494
20MABNDB000126_PR028
Spot 1 0.00184813 0.00140802
Spot 2 0.00153234 0.00140672
Spot 1 0.00184813 0.00140795
Spot 2 0.00153237 0.0014067
Spot 1 0.00184815 0.001408
Spot 2 0.00153235 0.00140678
Spot 1 0.00184805 0.00140794
Spot 2 0.00153235 0.0014069
Spot 1 0.00184811 0.00140811
Spot 2 0.00153244 0.00140689
Spot 1 0.0018481 0.00140794
Spot 2 0.00153233 0.00140683
Spot 1 0.00184817 0.00140809
Spot 2 0.00153235 0.00140662
Spot 1 0.00184811 0.00140805
Spot 2 0.00153232 0.00140673
20MABNDA000272_PR038
Spot 1 0.00203343 0.00138637
Spot 2 0.00179094 0.00138484
Spot 1 0.00203343 0.00138634
Spot 2 0.00179108 0.00138489
Spot 1 0.00203349 0.00138644
Spot 2 0.0017911 0.00138489
Spot 1 0.00203348 0.00138652
Spot 2 0.00179097 0.001385
Spot 1 0.00203351 0.00138639
Spot 2 0.00179113 0.00138489
Spot 1 0.00203357 0.00138643
Spot 2 0.00179117 0.00138484
Spot 1 0.00203343 0.00138648
Spot 2 0.00179106 0.00138495
Spot 1 0.00203354 0.00138642
Spot 2 0.00179126 0.00138484
20MABNDA000003_PR039
Spot 1 0.00211585 0.00112528
Spot 2 0.00180218 0.00112692
Spot 1 0.00211582 0.00112528
Spot 2 0.00180217 0.00112694
Spot 1 0.00211581 0.00112529
Spot 2 0.00180221 0.001127
Spot 1 0.00211583 0.00112528
Spot 2 0.00180218 0.00112685
Spot 1 0.00211585 0.00112531
Spot 2 0.00180217 0.00112697
Spot 1 0.00211572 0.00112524
Spot 2 0.00180219 0.0011269
Spot 1 0.0021158 0.00112527
Spot 2 0.00180213 0.00112691
Spot 1 0.00211579 0.00112522
Spot 2 0.00180216 0.00112695


****************************************************************coordonnees images transformees dans le repere MOUNT************************************************************************* 
20MABNDB000135_PR027
Spot 1 -0.0125459 -0.0128654 -0.074647
Spot 2 -0.0123075 -0.0128659 -0.074647
Spot 1 -0.0125459 -0.0128653 -0.074647
Spot 2 -0.0123076 -0.012866 -0.074647
Spot 1 -0.0125461 -0.0128652 -0.074647
Spot 2 -0.0123076 -0.0128659 -0.074647
Spot 1 -0.0125461 -0.0128654 -0.074647
Spot 2 -0.0123076 -0.0128659 -0.074647
Spot 1 -0.0125461 -0.0128654 -0.074647
Spot 2 -0.0123076 -0.0128658 -0.074647
Spot 1 -0.012546 -0.0128653 -0.074647
Spot 2 -0.0123077 -0.0128659 -0.074647
Spot 1 -0.0125462 -0.0128653 -0.074647
Spot 2 -0.0123076 -0.0128659 -0.074647
Spot 1 -0.0125461 -0.0128653 -0.074647
Spot 2 -0.0123077 -0.012866 -0.074647
Spot 1 -0.0125459 -0.0128653 -0.074647
Spot 2 -0.0123076 -0.0128659 -0.074647
20MABNDB000126_PR028
Spot 1 -0.0123282 -0.0127731 -0.075004
Spot 2 -0.012644 -0.012776 -0.075004
Spot 1 -0.0123282 -0.0127731 -0.075004
Spot 2 -0.0126439 -0.0127761 -0.075004
Spot 1 -0.0123282 -0.0127731 -0.075004
Spot 2 -0.012644 -0.012776 -0.075004
Spot 1 -0.0123283 -0.0127731 -0.075004
Spot 2 -0.012644 -0.0127759 -0.075004
Spot 1 -0.0123282 -0.012773 -0.075004
Spot 2 -0.0126439 -0.0127759 -0.075004
Spot 1 -0.0123282 -0.0127731 -0.075004
Spot 2 -0.012644 -0.0127759 -0.075004
Spot 1 -0.0123282 -0.012773 -0.075004
Spot 2 -0.012644 -0.0127761 -0.075004
Spot 1 -0.0123282 -0.012773 -0.075004
Spot 2 -0.012644 -0.012776 -0.075004
20MABNDA000272_PR038
Spot 1 -0.0128699 0.0127253 -0.074179
Spot 2 -0.0126274 0.0127264 -0.074179
Spot 1 -0.0128699 0.0127253 -0.074179
Spot 2 -0.0126275 0.0127263 -0.074179
Spot 1 -0.0128699 0.0127252 -0.074179
Spot 2 -0.0126275 0.0127263 -0.074179
Spot 1 -0.0128699 0.0127251 -0.074179
Spot 2 -0.0126274 0.0127262 -0.074179
Spot 1 -0.0128699 0.0127253 -0.074179
Spot 2 -0.0126275 0.0127263 -0.074179
Spot 1 -0.01287 0.0127252 -0.074179
Spot 2 -0.0126276 0.0127264 -0.074179
Spot 1 -0.0128699 0.0127252 -0.074179
Spot 2 -0.0126275 0.0127263 -0.074179
Spot 1 -0.01287 0.0127252 -0.074179
Spot 2 -0.0126277 0.0127264 -0.074179
20MABNDA000003_PR039
Spot 1 -0.0129149 0.0129273 -0.073734
Spot 2 -0.0126012 0.0129248 -0.073734
Spot 1 -0.0129149 0.0129273 -0.073734
Spot 2 -0.0126012 0.0129248 -0.073734
Spot 1 -0.0129149 0.0129273 -0.073734
Spot 2 -0.0126013 0.0129248 -0.073734
Spot 1 -0.0129149 0.0129273 -0.073734
Spot 2 -0.0126012 0.0129249 -0.073734
Spot 1 -0.0129149 0.0129272 -0.073734
Spot 2 -0.0126012 0.0129248 -0.073734
Spot 1 -0.0129148 0.0129273 -0.073734
Spot 2 -0.0126012 0.0129249 -0.073734
Spot 1 -0.0129149 0.0129273 -0.073734
Spot 2 -0.0126012 0.0129248 -0.073734
Spot 1 -0.0129148 0.0129273 -0.073734
Spot 2 -0.0126012 0.0129248 -0.073734


*****************************************************************coordonnees du prisme dans le repere MOUNT********************************************************************************** 
20MABNDB000135_PR027
-0.0201908 -0.0220155 2.74936
-0.0201899 -0.022017 2.74936
-0.0201866 -0.0220195 2.74936
-0.0201873 -0.0220176 2.74936
-0.020187 -0.0220196 2.74936
-0.0201875 -0.0220185 2.74936
-0.0201844 -0.0220189 2.74936
-0.0201842 -0.0220167 2.74936
-0.0201897 -0.0220187 2.74936
20MABNDB000126_PR028
-0.0177043 -0.0217711 2.14694
-0.0177047 -0.0217698 2.14694
-0.0177047 -0.0217717 2.14694
-0.0177033 -0.0217725 2.14694
-0.0177054 -0.0217748 2.14694
-0.0177037 -0.0217715 2.14694
-0.017705 -0.0217707 2.14694
-0.0177037 -0.0217717 2.14694
20MABNDA000272_PR038
-0.00954252 0.0267289 2.74962
-0.00953994 0.0267293 2.74962
-0.00953848 0.0267311 2.74962
-0.00954103 0.0267346 2.74962
-0.00953757 0.0267302 2.74962
-0.00953573 0.02673 2.74962
-0.00954032 0.0267329 2.74962
-0.00953464 0.0267298 2.74962
20MABNDA000003_PR039
-0.0111607 0.0183743 2.1491
-0.0111612 0.0183746 2.1491
-0.0111608 0.0183756 2.1491
-0.0111609 0.0183733 2.1491
-0.0111608 0.0183754 2.1491
-0.0111624 0.0183734 2.1491
-0.0111621 0.018374 2.1491
-0.0111618 0.0183738 2.1491


*****************************************************************coordonnees du prisme dans le repere ATLAS********************************************************************************** 
20MABNDB000135_PR027
2.60131 -4.19783 -3.81195
2.60131 -4.19783 -3.81195
2.60131 -4.19783 -3.81195
2.60131 -4.19783 -3.81195
2.60131 -4.19783 -3.81195
2.60131 -4.19783 -3.81195
2.60132 -4.19783 -3.81195
2.60132 -4.19783 -3.81195
2.60131 -4.19783 -3.81195
20MABNDB000126_PR028
2.6082 -4.19695 -5.91045
2.6082 -4.19695 -5.91045
2.6082 -4.19695 -5.91045
2.60821 -4.19695 -5.91045
2.6082 -4.19695 -5.91044
2.6082 -4.19695 -5.91045
2.6082 -4.19695 -5.91045
2.6082 -4.19695 -5.91045
20MABNDA000272_PR038
-2.61499 -4.19702 -3.81176
-2.61499 -4.19702 -3.81176
-2.61499 -4.19702 -3.81175
-2.61499 -4.19702 -3.81175
-2.61499 -4.19702 -3.81175
-2.61499 -4.19702 -3.81175
-2.61499 -4.19702 -3.81175
-2.615 -4.19702 -3.81176
20MABNDA000003_PR039
-2.61056 -4.19693 -5.91439
-2.61056 -4.19693 -5.91439
-2.61056 -4.19693 -5.91439
-2.61056 -4.19693 -5.91439
-2.61056 -4.19693 -5.91439
-2.61056 -4.19693 -5.91439
-2.61056 -4.19693 -5.91439
-2.61056 -4.19693 -5.91439


*****************************************************************Rapport********************************************************************************** 
CAM-EBC-US-IP_EBC-US-IP 2014.08.13.16.16.26 2.60131 -4.19783 -3.81195 2.17064e-06 0 1.28146e-06 VRAI 
CAM-EBC-US-HO_EBC-US-HO 2014.08.13.16.16.26 2.6082 -4.19695 -5.91045 6.7435e-07 1.57699e-07 1.44534e-06 VRAI 
CAM-EBC-USA-IP_EBC-USA-IP 2014.08.13.16.16.26 -2.61499 -4.19702 -3.81175 2.51172e-06 0 1.82355e-06 VRAI 
CAM-EBC-USA-HO_EBC-USA-HO 2014.08.13.16.16.26 -2.61056 -4.19693 -5.91439 5.96046e-07 0 8.8408e-07 VRAI 
