********** Fichier qui contient une sauvegarde des coordonnees images + coordonnees images transformees dans le repere BCAM (MOUNT) + coordonnees des prismes dans le repere MOUNT********** 
********************************************************************** Unite en metres (m)************************************************************************************************** 

*******************************************************************coordonnees images dans le repere CCD *********************************************************************************** 
20MABNDB000135_PR027
Spot 1   0.00188112   0.00084079
Spot 2   0.00209984   0.00084416
Spot 1   0.00188119   0.00084082
Spot 2   0.00210005   0.00084419
Spot 1   0.00188115   0.00084115
Spot 2   0.00209993   0.00084446
Spot 1   0.00188107   0.00084124
Spot 2   0.00209998   0.00084455
Spot 1   0.00188113   0.00084140
Spot 2   0.00209982   0.00084464
Spot 1   0.00188103   0.00084136
Spot 2   0.00209979   0.00084463
Spot 1   0.00188091   0.00084142
Spot 2   0.00209982   0.00084468
20MABNDB000126_PR028
Spot 1   0.00196009   0.00188714
Spot 2   0.00167766   0.00188622
Spot 1   0.00196002   0.00188722
Spot 2   0.00167765   0.00188618
Spot 1   0.00196008   0.00188752
Spot 2   0.00167774   0.00188663
Spot 1   0.00195983   0.00188780
Spot 2   0.00167750   0.00188675
Spot 1   0.00195966   0.00188796
Spot 2   0.00167724   0.00188699
Spot 1   0.00195944   0.00188804
Spot 2   0.00167701   0.00188687
20MABNDA000272_PR038
Spot 1   0.00189864   0.00096104
Spot 2   0.00167376   0.00096099
Spot 1   0.00189882   0.00096084
Spot 2   0.00167399   0.00096090
Spot 1   0.00189886   0.00096068
Spot 2   0.00167374   0.00096098
Spot 1   0.00189858   0.00096094
Spot 2   0.00167372   0.00096071
Spot 1   0.00189873   0.00096052
Spot 2   0.00167333   0.00096081
Spot 1   0.00189867   0.00096043
Spot 2   0.00167350   0.00096061
20MABNDA000003_PR039
Spot 1   0.00229388   0.00190965
Spot 2   0.00201714   0.00190866
Spot 1   0.00229386   0.00190911
Spot 2   0.00201704   0.00190827
Spot 1   0.00229394   0.00190905
Spot 2   0.00201704   0.00190840
Spot 1   0.00229390   0.00190873
Spot 2   0.00201678   0.00190822
Spot 1   0.00229345   0.00190862
Spot 2   0.00201655   0.00190831
Spot 1   0.00229340   0.00190855
Spot 2   0.00201636   0.00190813


****************************************************************coordonnees images transformees dans le repere MOUNT************************************************************************* 
20MABNDB000135_PR027
Spot 1  -0.01252439  -0.01327212  -0.07464699
Spot 2  -0.01230564  -0.01327118  -0.07464699
Spot 1  -0.01252432  -0.01327209  -0.07464699
Spot 2  -0.01230543  -0.01327115  -0.07464699
Spot 1  -0.01252435  -0.01327176  -0.07464699
Spot 2  -0.01230555  -0.01327088  -0.07464699
Spot 1  -0.01252443  -0.01327167  -0.07464699
Spot 2  -0.01230550  -0.01327079  -0.07464699
Spot 1  -0.01252437  -0.01327151  -0.07464699
Spot 2  -0.01230566  -0.01327070  -0.07464699
Spot 1  -0.01252447  -0.01327154  -0.07464699
Spot 2  -0.01230569  -0.01327071  -0.07464699
Spot 1  -0.01252459  -0.01327148  -0.07464699
Spot 2  -0.01230566  -0.01327066  -0.07464699
20MABNDB000126_PR028
Spot 1  -0.01221880  -0.01229335  -0.07500400
Spot 2  -0.01250122  -0.01229577  -0.07500400
Spot 1  -0.01221887  -0.01229327  -0.07500400
Spot 2  -0.01250123  -0.01229581  -0.07500400
Spot 1  -0.01221881  -0.01229297  -0.07500400
Spot 2  -0.01250114  -0.01229536  -0.07500400
Spot 1  -0.01221906  -0.01229269  -0.07500400
Spot 2  -0.01250138  -0.01229525  -0.07500400
Spot 1  -0.01221923  -0.01229253  -0.07500400
Spot 2  -0.01250164  -0.01229501  -0.07500400
Spot 1  -0.01221945  -0.01229245  -0.07500400
Spot 2  -0.01250187  -0.01229513  -0.07500400
20MABNDA000272_PR038
Spot 1  -0.01273431   0.01315038  -0.07417900
Spot 2  -0.01250943   0.01315004  -0.07417900
Spot 1  -0.01273449   0.01315058  -0.07417900
Spot 2  -0.01250966   0.01315013  -0.07417900
Spot 1  -0.01273453   0.01315074  -0.07417900
Spot 2  -0.01250941   0.01315005  -0.07417900
Spot 1  -0.01273425   0.01315048  -0.07417900
Spot 2  -0.01250939   0.01315032  -0.07417900
Spot 1  -0.01273440   0.01315090  -0.07417900
Spot 2  -0.01250900   0.01315022  -0.07417900
Spot 1  -0.01273434   0.01315099  -0.07417900
Spot 2  -0.01250917   0.01315042  -0.07417900
20MABNDA000003_PR039
Spot 1  -0.01309492   0.01214336  -0.07373400
Spot 2  -0.01281818   0.01214365  -0.07373400
Spot 1  -0.01309490   0.01214390  -0.07373400
Spot 2  -0.01281808   0.01214404  -0.07373400
Spot 1  -0.01309498   0.01214396  -0.07373400
Spot 2  -0.01281808   0.01214391  -0.07373400
Spot 1  -0.01309494   0.01214428  -0.07373400
Spot 2  -0.01281782   0.01214409  -0.07373400
Spot 1  -0.01309449   0.01214439  -0.07373400
Spot 2  -0.01281759   0.01214400  -0.07373400
Spot 1  -0.01309444   0.01214446  -0.07373400
Spot 2  -0.01281740   0.01214418  -0.07373400


*****************************************************************coordonnees du prisme dans le repere MOUNT********************************************************************************** 
20MABNDB000135_PR027
 -0.02062023  -0.00712789   2.74936771
 -0.02062537  -0.00712892   2.74936771
 -0.02062257  -0.00713997   2.74936771
 -0.02062206  -0.00714326   2.74936771
 -0.02062026  -0.00714785   2.74936771
 -0.02061787  -0.00714698   2.74936771
 -0.02061623  -0.00714900   2.74936771
20MABNDB000126_PR028
 -0.02129807  -0.03545326   2.14683080
 -0.02129693  -0.03545383   2.14683080
 -0.02129901  -0.03546453   2.14683080
 -0.02129199  -0.03547019   2.14683080
 -0.02128583  -0.03547587   2.14683056
 -0.02127942  -0.03547526   2.14683080
20MABNDA000272_PR038
 -0.01418694   0.01117740   2.74965858
 -0.01417943   0.01117208   2.74965858
 -0.01418331   0.01117063   2.74965858
 -0.01418880   0.01117046   2.74965858
 -0.01419320   0.01116459   2.74965858
 -0.01419119   0.01115928   2.74965858
20MABNDA000003_PR039
 -0.00548786   0.04074024   2.14892054
 -0.00548962   0.04072697   2.14892077
 -0.00548846   0.04072796   2.14892077
 -0.00549277   0.04072084   2.14892077
 -0.00550250   0.04072057   2.14892077
 -0.00550592   0.04071701   2.14892101


*****************************************************************coordonnees du prisme dans le repere ATLAS********************************************************************************** 
20MABNDB000135_PR027 0.00300000
  2.60079598  -4.19476604  -3.82683873
  2.60079098  -4.19476604  -3.82683754
  2.60079384  -4.19476604  -3.82682657
  2.60079432  -4.19476604  -3.82682323
  2.60079598  -4.19476604  -3.82681870
  2.60079837  -4.19476604  -3.82681966
  2.60080004  -4.19476652  -3.82681751
20MABNDB000126_PR028 0.00300000
  2.60461712  -4.19400024  -5.89676332
  2.60461831  -4.19400024  -5.89676285
  2.60461617  -4.19400024  -5.89675236
  2.60462332  -4.19400024  -5.89674664
  2.60462952  -4.19400072  -5.89674091
  2.60463572  -4.19400024  -5.89674139
20MABNDA000272_PR038 0.00300000
 -2.61034656  -4.19398260  -3.82730842
 -2.61035395  -4.19398260  -3.82731366
 -2.61035013  -4.19398260  -3.82731509
 -2.61034465  -4.19398260  -3.82731533
 -2.61034012  -4.19398260  -3.82732129
 -2.61034226  -4.19398260  -3.82732654
20MABNDA000003_PR039 0.00300000
 -2.61623788  -4.19401884  -5.89202547
 -2.61623621  -4.19401836  -5.89203882
 -2.61623740  -4.19401836  -5.89203787
 -2.61623311  -4.19401836  -5.89204502
 -2.61622334  -4.19401884  -5.89204502
 -2.61622000  -4.19401836  -5.89204884


*****************************************************************Rapport********************************************************************************** 
CAM-EBC-US-IP_EBC-US-IP     2014.08.28.17.53.06   2.60079564  -4.19476611  -3.82682599   0.00000277   0.00000017   0.00000818 0.00300000 VRAI 
CAM-EBC-US-HO_EBC-US-HO     2014.08.28.17.53.06   2.60462336  -4.19400032  -5.89675124   0.00000715   0.00000018   0.00000919 0.00300000 VRAI 
CAM-EBC-USA-IP_EBC-USA-IP   2014.08.28.17.53.06  -2.61034628  -4.19398260  -3.82731672   0.00000466   0.00000000   0.00000578 0.00300000 VRAI 
CAM-EBC-USA-HO_EBC-USA-HO   2014.08.28.17.53.06  -2.61623132  -4.19401852  -5.89204017   0.00000706   0.00000022   0.00000759 0.00300000 VRAI 
