********** Fichier qui contient une sauvegarde des coordonnees images + coordonnees images transformees dans le repere BCAM (MOUNT) + coordonnees des prismes dans le repere MOUNT********** 
********************************************************************** Unite en metres (m)************************************************************************************************** 

*******************************************************************coordonnees images dans le repere CCD *********************************************************************************** 
20MABNDB000135_PR027
Spot 1 0.002835 0.001165
Spot 2 0.003375 2.5e-05
Spot 1 0.003375 2.5e-05
Spot 2 0.001735 0.000155
Spot 1 0.002835 0.001165
Spot 2 0.003375 2.5e-05
Spot 1 0.002835 0.001165
Spot 2 0.003375 2.5e-05
Spot 1 0.003375 2.5e-05
Spot 2 0.001735 0.000155
20MABNDB000126_PR028
Spot 1 0.000375 0.001175
Spot 2 0.002665 0.002195
Spot 1 0.000375 0.001175
Spot 2 0.002665 0.002195
Spot 1 0.001615 9.5e-05
Spot 2 0.00328375 0.00033625
Spot 1 0.001615 9.5e-05
Spot 2 0.00328382 0.00033618
Spot 1 0.001615 9.5e-05
Spot 2 0.0032837 0.0003363
20MABNDA000272_PR038
Spot 1 0.000705 0.000125
Spot 2 0.000365 9.5e-05
Spot 1 0.000705 0.000125
Spot 2 0.002495 0.000155
Spot 1 0.000705 0.000125
Spot 2 0.002495 0.000155
Spot 1 0.002495 0.000155
Spot 2 0.000705 0.000125
Spot 1 0.000705 0.000125
Spot 2 0.002495 0.000155
20MABNDA000003_PR039
Spot 1 0.001035 5.5e-05
Spot 2 0.002045 1.5e-05
Spot 1 0.001035 5.5e-05
Spot 2 0.001385 7.5e-05
Spot 1 0.001035 5.5e-05
Spot 2 0.001385 7.5e-05
Spot 1 0.001035 5.5e-05
Spot 2 0.001385 7.5e-05
Spot 1 0.001035 5.5e-05
Spot 2 0.002045 1.5e-05


****************************************************************coordonnees images transformees dans le repere MOUNT************************************************************************* 
20MABNDB000135_PR027
Spot 1 -0.011567 -0.0129585 -0.074647
Spot 2 -0.0110397 -0.0141045 -0.074647
Spot 1 -0.0110397 -0.0141045 -0.074647
Spot 2 -0.0126781 -0.0139562 -0.074647
Spot 1 -0.011567 -0.0129585 -0.074647
Spot 2 -0.0110397 -0.0141045 -0.074647
Spot 1 -0.011567 -0.0129585 -0.074647
Spot 2 -0.0110397 -0.0141045 -0.074647
Spot 1 -0.0110397 -0.0141045 -0.074647
Spot 2 -0.0126781 -0.0139562 -0.074647
20MABNDB000126_PR028
Spot 1 -0.0138001 -0.0130139 -0.075004
Spot 2 -0.0115155 -0.0119817 -0.075004
Spot 1 -0.0138001 -0.0130139 -0.075004
Spot 2 -0.0115155 -0.0119817 -0.075004
Spot 1 -0.0125543 -0.0140873 -0.075004
Spot 2 -0.0108869 -0.0138371 -0.075004
Spot 1 -0.0125543 -0.0140873 -0.075004
Spot 2 -0.0108868 -0.0138372 -0.075004
Spot 1 -0.0125543 -0.0140873 -0.075004
Spot 2 -0.0108869 -0.0138371 -0.075004
20MABNDA000272_PR038
Spot 1 -0.0115392 0.0139843 -0.074179
Spot 2 -0.0111991 0.0140137 -0.074179
Spot 1 -0.0115392 0.0139843 -0.074179
Spot 2 -0.0133292 0.0139575 -0.074179
Spot 1 -0.0115392 0.0139843 -0.074179
Spot 2 -0.0133292 0.0139575 -0.074179
Spot 1 -0.0133292 0.0139575 -0.074179
Spot 2 -0.0115392 0.0139843 -0.074179
Spot 1 -0.0115392 0.0139843 -0.074179
Spot 2 -0.0133292 0.0139575 -0.074179
20MABNDA000003_PR039
Spot 1 -0.0118313 0.0139948 -0.073734
Spot 2 -0.0128412 0.0140374 -0.073734
Spot 1 -0.0118313 0.0139948 -0.073734
Spot 2 -0.0121814 0.0139757 -0.073734
Spot 1 -0.0118313 0.0139948 -0.073734
Spot 2 -0.0121814 0.0139757 -0.073734
Spot 1 -0.0118313 0.0139948 -0.073734
Spot 2 -0.0121814 0.0139757 -0.073734
Spot 1 -0.0118313 0.0139948 -0.073734
Spot 2 -0.0128412 0.0140374 -0.073734


*****************************************************************coordonnees du prisme dans le repere MOUNT********************************************************************************** 
20MABNDB000135_PR027
-0.0613805 0.00239963 2.74891
-0.0410104 0.0206918 2.74903
-0.0613805 0.00239963 2.74891
-0.0613805 0.00239963 2.74891
-0.0410104 0.0206918 2.74903
20MABNDB000126_PR028
-0.0128093 -0.0296594 2.1469
-0.0128093 -0.0296594 2.1469
-0.039523 0.0120831 2.14665
-0.039524 0.012084 2.14665
-0.0395223 0.0120824 2.14665
20MABNDA000272_PR038
-0.0600841 -0.0199211 2.74905
-0.021063 -0.0188958 2.74946
-0.021063 -0.0188958 2.74946
-0.0210633 -0.0188958 2.74946
-0.021063 -0.0188958 2.74946
20MABNDA000003_PR039
-0.0232159 -0.0127809 2.14893
-0.0326451 -0.0118988 2.14887
-0.0326451 -0.0118988 2.14887
-0.0326451 -0.0118988 2.14887
-0.0232159 -0.0127809 2.14893


*****************************************************************coordonnees du prisme dans le repere ATLAS********************************************************************************** 
20MABNDB000135_PR027 0
2.55998 -4.19752 -3.83613
2.58025 -4.19768 -3.85454
2.55998 -4.19752 -3.83613
2.55998 -4.19752 -3.83613
2.58025 -4.19768 -3.85454
20MABNDB000126_PR028 0
2.6131 -4.19696 -5.90256
2.6131 -4.19696 -5.90256
2.58637 -4.19738 -5.94429
2.58637 -4.19738 -5.94429
2.58637 -4.19738 -5.94429
20MABNDA000272_PR038 0
-2.56445 -4.19757 -3.85842
-2.60348 -4.19718 -3.85738
-2.60348 -4.19718 -3.85738
-2.60348 -4.19718 -3.85738
-2.60348 -4.19718 -3.85738
20MABNDA000003_PR039 0
-2.5985 -4.19725 -5.94554
-2.58908 -4.1973 -5.94466
-2.58908 -4.1973 -5.94466
-2.58908 -4.1973 -5.94466
-2.5985 -4.19725 -5.94554


*****************************************************************Rapport********************************************************************************** 
CAM-EBC-US-IP_EBC-US-IP 2014.08.15.10.48.24 2.56809 -4.19758 -3.8435 0.00992807 7.87237e-05 0.00901795 0 VRAI 
CAM-EBC-US-HO_EBC-US-HO 2014.08.15.10.48.24 2.59706 -4.19721 -5.9276 0.0130975 0.00020884 0.0204423 0 VRAI 
CAM-EBC-USA-IP_EBC-USA-IP 2014.08.15.10.48.24 -2.59567 -4.19726 -3.85759 0.0156084 0.000157166 0.000412941 0 VRAI 
CAM-EBC-USA-HO_EBC-USA-HO 2014.08.15.10.48.24 -2.59285 -4.19728 -5.94501 0.00461924 2.82658e-05 0.00043263 0 VRAI 
