********** Fichier qui contient une sauvegarde des coordonnees images + coordonnees images transformees dans le repere BCAM (MOUNT) + coordonnees des prismes dans le repere MOUNT********** 
********************************************************************** Unite en metres (m)************************************************************************************************** 

*******************************************************************coordonnees images dans le repere CCD *********************************************************************************** 
20MABNDA000188_PR008
Spot 1 0.000445 4.5e-05
Spot 2 0.002455 4.5e-05
Spot 1 0.000445 4.5e-05
Spot 2 0.002455 4.5e-05
Spot 1 0.000445 4.5e-05
Spot 2 0.002455 4.5e-05
Spot 1 0.002455 4.5e-05
Spot 2 0.000445 4.5e-05
Spot 1 0.002515 0.000405
Spot 2 0.002455 4.5e-05
20MABNDA000188_PR010
Spot 1 0.002835 0.000125
Spot 2 0.003365 0.000145
Spot 1 0.002835 0.000125
Spot 2 0.000785 0.000165
Spot 1 0.002835 0.000125
Spot 2 0.003365 0.000145
Spot 1 0.002835 0.000125
Spot 2 0.003365 0.000145
Spot 1 0.000445 4.5e-05
Spot 2 0.002835 0.000125
20MABNDA000039_PR009
Spot 1 0.003125 0.000825
Spot 2 0.000275 0.000245
Spot 1 0.000275 0.000245
Spot 2 0.000805 0.000265
Spot 1 0.000275 0.000245
Spot 2 0.003165 0.000345
Spot 1 0.000275 0.000245
Spot 2 0.003165 0.000345
Spot 1 0.000275 0.000245
Spot 2 0.003165 0.000345
20MABNDA000039_PR011
Spot 1 0.000805 0.000265
Spot 2 0.003165 0.000345
Spot 1 0.003165 0.000345
Spot 2 0.000815 0.000525
Spot 1 0.000805 0.000265
Spot 2 0.000815 0.000525
Spot 1 0.000805 0.000265
Spot 2 0.000815 0.000525
Spot 1 0.000805 0.000265
Spot 2 0.000815 0.000525
20MABNDB000155_PR020
Spot 1 0.001095 0.001395
Spot 2 0.001725 0.001475
Spot 1 0.001095 0.001395
Spot 2 0.001725 0.001475
Spot 1 0.001095 0.001395
Spot 2 0.001725 0.001475
Spot 1 0.001725 0.000545
Spot 2 0.000255 0.000385
Spot 1 0.001725 0.000545
Spot 2 0.000255 0.000385
20MABNDB000155_PR022
Spot 1 0.001725 0.000545
Spot 2 0.000255 0.000385
Spot 1 0.001725 0.000545
Spot 2 0.000255 0.000385
Spot 1 0.001725 0.000545
Spot 2 0.000255 0.000385
Spot 1 0.002405 0.000305
Spot 2 0.001005 2.5e-05
Spot 1 0.002405 0.000305
Spot 2 0.001005 2.5e-05
20MABNDB000010_PR021
Spot 1 0.00309838 0.00091951
Spot 2 0.0006079 0.00043586
Spot 1 0.00309758 0.00091956
Spot 2 0.00060765 0.00043541
Spot 1 0.0030976 0.00091935
Spot 2 0.00060795 0.00043532
Spot 1 0.00309752 0.00091962
Spot 2 0.00060866 0.00043511
20MABNDB000010_PR023
Spot 1 0.00236893 0.00087929
Spot 2 0.000615 5.5e-05
Spot 1 0.00236383 0.000882
Spot 2 0.000615 5.5e-05
Spot 1 0.000615 5.5e-05
Spot 2 0.000875 0.000465
Spot 1 0.0023659 0.0008841
Spot 2 0.000615 5.5e-05


****************************************************************coordonnees images transformees dans le repere MOUNT************************************************************************* 
20MABNDA000188_PR008
Spot 1 -0.0114606 0.0139979 -0.07502
Spot 2 -0.0134705 0.0140152 -0.07502
Spot 1 -0.0114606 0.0139979 -0.07502
Spot 2 -0.0134705 0.0140152 -0.07502
Spot 1 -0.0114606 0.0139979 -0.07502
Spot 2 -0.0134705 0.0140152 -0.07502
Spot 1 -0.0134705 0.0140152 -0.07502
Spot 2 -0.0114606 0.0139979 -0.07502
Spot 1 -0.0135336 0.0136557 -0.07502
Spot 2 -0.0134705 0.0140152 -0.07502
20MABNDA000188_PR010
Spot 1 -0.0138512 0.0139384 -0.07502
Spot 2 -0.0143813 0.013923 -0.07502
Spot 1 -0.0138512 0.0139384 -0.07502
Spot 2 -0.0118016 0.0138809 -0.07502
Spot 1 -0.0138512 0.0139384 -0.07502
Spot 2 -0.0143813 0.013923 -0.07502
Spot 1 -0.0138512 0.0139384 -0.07502
Spot 2 -0.0143813 0.013923 -0.07502
Spot 1 -0.0114606 0.0139979 -0.07502
Spot 2 -0.0138512 0.0139384 -0.07502
20MABNDA000039_PR009
Spot 1 -0.0140856 0.0134298 -0.074448
Spot 2 -0.0112331 0.0139974 -0.074448
Spot 1 -0.0112331 0.0139974 -0.074448
Spot 2 -0.0117632 0.0139797 -0.074448
Spot 1 -0.0112331 0.0139974 -0.074448
Spot 2 -0.0141235 0.0139099 -0.074448
Spot 1 -0.0112331 0.0139974 -0.074448
Spot 2 -0.0141235 0.0139099 -0.074448
Spot 1 -0.0112331 0.0139974 -0.074448
Spot 2 -0.0141235 0.0139099 -0.074448
20MABNDA000039_PR011
Spot 1 -0.0117632 0.0139797 -0.074448
Spot 2 -0.0141235 0.0139099 -0.074448
Spot 1 -0.0141235 0.0139099 -0.074448
Spot 2 -0.0117743 0.0137198 -0.074448
Spot 1 -0.0117632 0.0139797 -0.074448
Spot 2 -0.0117743 0.0137198 -0.074448
Spot 1 -0.0117632 0.0139797 -0.074448
Spot 2 -0.0117743 0.0137198 -0.074448
Spot 1 -0.0117632 0.0139797 -0.074448
Spot 2 -0.0117743 0.0137198 -0.074448
20MABNDB000155_PR020
Spot 1 -0.0131748 -0.0128559 -0.075017
Spot 2 -0.012546 -0.0127673 -0.075017
Spot 1 -0.0131748 -0.0128559 -0.075017
Spot 2 -0.012546 -0.0127673 -0.075017
Spot 1 -0.0131748 -0.0128559 -0.075017
Spot 2 -0.012546 -0.0127673 -0.075017
Spot 1 -0.0125333 -0.0136972 -0.075017
Spot 2 -0.0140009 -0.0138773 -0.075017
Spot 1 -0.0125333 -0.0136972 -0.075017
Spot 2 -0.0140009 -0.0138773 -0.075017
20MABNDB000155_PR022
Spot 1 -0.0125333 -0.0136972 -0.075017
Spot 2 -0.0140009 -0.0138773 -0.075017
Spot 1 -0.0125333 -0.0136972 -0.075017
Spot 2 -0.0140009 -0.0138773 -0.075017
Spot 1 -0.0125333 -0.0136972 -0.075017
Spot 2 -0.0140009 -0.0138773 -0.075017
Spot 1 -0.01185 -0.0139279 -0.075017
Spot 2 -0.0132461 -0.014227 -0.075017
Spot 1 -0.01185 -0.0139279 -0.075017
Spot 2 -0.0132461 -0.014227 -0.075017
20MABNDB000010_PR021
Spot 1 -0.0113487 -0.0131551 -0.073582
Spot 2 -0.0138306 -0.0136808 -0.073582
Spot 1 -0.0113495 -0.013155 -0.073582
Spot 2 -0.0138309 -0.0136813 -0.073582
Spot 1 -0.0113495 -0.0131553 -0.073582
Spot 2 -0.0138306 -0.0136814 -0.073582
Spot 1 -0.0113496 -0.013155 -0.073582
Spot 2 -0.0138299 -0.0136816 -0.073582
20MABNDB000010_PR023
Spot 1 -0.0120774 -0.0132076 -0.073582
Spot 2 -0.0138171 -0.0140615 -0.073582
Spot 1 -0.0120825 -0.013205 -0.073582
Spot 2 -0.0138171 -0.0140615 -0.073582
Spot 1 -0.0138171 -0.0140615 -0.073582
Spot 2 -0.0135641 -0.0136472 -0.073582
Spot 1 -0.0120805 -0.0132029 -0.073582
Spot 2 -0.0138171 -0.0140615 -0.073582


*****************************************************************coordonnees du prisme dans le repere MOUNT********************************************************************************** 
20MABNDA000188_PR008
-0.0411153 -0.103123 9.20428
-0.0411153 -0.103123 9.20428
-0.0411153 -0.103123 9.20428
-0.0411128 -0.103123 9.20428
0.0861443 -0.0821086 9.20404
20MABNDA000188_PR010
0.0116217 -0.00182327 1.28451
-0.0104768 -0.00146531 1.28475
0.0116217 -0.00182327 1.28451
0.0116217 -0.00182327 1.28451
-0.0133988 -0.00246836 1.28474
20MABNDA000039_PR009
-0.0166227 -0.0707833 11.148
-0.188608 -0.111497 11.1462
-0.0138136 -0.106344 11.1477
-0.0138136 -0.106344 11.1477
-0.0138136 -0.106344 11.1477
20MABNDA000039_PR011
-0.00093438 -0.023248 3.43374
-0.000679319 -0.0173187 3.4338
-0.0545193 -0.0189084 3.43355
-0.0545193 -0.0189084 3.43355
-0.0545193 -0.0189084 3.43355
20MABNDB000155_PR020
0.00962854 -0.0479261 9.20091
0.00962854 -0.0479261 9.20091
0.00962854 -0.0479261 9.20091
0.0595604 0.0718711 9.20032
0.0595604 0.0718711 9.20032
20MABNDB000155_PR022
-0.00259655 -0.00129433 1.28069
-0.00259655 -0.00129433 1.28069
-0.00259655 -0.00129433 1.28069
-0.0148849 0.00366471 1.28067
-0.0148849 0.00366471 1.28067
20MABNDB000010_PR021
-0.024164 0.0396263 11.1482
-0.0240863 0.0396574 11.1482
-0.0241105 0.0396794 11.1482
-0.0241574 0.039674 11.1482
20MABNDB000010_PR023
0.000202862 0.0130836 3.43385
0.000320855 0.0130234 3.43385
0.0342888 0.0231586 3.43346
0.000274216 0.0129745 3.43385


*****************************************************************coordonnees du prisme dans le repere ATLAS********************************************************************************** 
20MABNDA000188_PR008 0
3.42176 3.84832 8.0094
3.42176 3.84832 8.0094
3.42176 3.84832 8.0094
3.42176 3.84832 8.0094
3.54901 3.84937 7.98837
20MABNDA000188_PR010 0
3.55501 -4.07053 7.9101
3.53291 -4.07052 7.90975
3.55501 -4.07053 7.9101
3.55501 -4.07053 7.9101
3.52999 -4.07056 7.91075
20MABNDA000039_PR009 0
3.72098 3.78866 12.8405
3.89296 3.78669 12.7998
3.71817 3.78835 12.8049
3.71817 3.78835 12.8049
3.71817 3.78835 12.8049
20MABNDA000039_PR011 0
3.69596 -3.92558 12.8856
3.6957 -3.92552 12.8915
3.74954 -3.92583 12.8899
3.74954 -3.92583 12.8899
3.74954 -3.92583 12.8899
20MABNDB000155_PR020 0
-3.58826 3.84965 7.85902
-3.58826 3.84965 7.85902
-3.58826 3.84965 7.85902
-3.63823 3.84897 7.9788
-3.63823 3.84897 7.9788
20MABNDB000155_PR022 0
-3.55739 -4.07051 7.90676
-3.55739 -4.07051 7.90676
-3.55739 -4.07051 7.90676
-3.5451 -4.0705 7.91173
-3.5451 -4.0705 7.91173
20MABNDB000010_PR021 0
-3.71087 3.78882 12.8627
-3.7108 3.78882 12.8626
-3.71082 3.78882 12.8626
-3.71087 3.78882 12.8626
20MABNDB000010_PR023 0
-3.68981 -3.92552 12.8923
-3.68969 -3.92552 12.8924
-3.65573 -3.92593 12.8822
-3.68974 -3.92552 12.8924


*****************************************************************Rapport********************************************************************************** 
CAM-ECTA-US-IP_ECTA-US-IP-T 2014.08.15.14.38.20 3.44721 3.84853 8.00519 0.0509012 0.000417399 0.00841103 0 VRAI 
CAM-ECTA-US-IP_ECTA-US-IP 2014.08.15.14.38.20 3.54558 -4.07053 7.91016 0.0115792 1.38608e-05 0.000325386 0 VRAI 
CAM-ECTA-US-HO_ECTA-US-HO-T 2014.08.15.14.38.20 3.75369 3.78808 12.811 0.0696452 0.000703307 0.0148718 0 VRAI 
CAM-ECTA-US-HO_ECTA-US-HO 2014.08.15.14.38.20 3.72806 -3.92572 12.8894 0.0263136 0.000141035 0.00199315 0 VRAI 
CAM-ECTA-USA-IP_ECTA-USA-IP-T 2014.08.15.14.38.20 -3.60825 3.84938 7.90694 0.0244805 0.000335452 0.0586802 0 VRAI 
CAM-ECTA-USA-IP_ECTA-USA-IP 2014.08.15.14.38.20 -3.55247 -4.07051 7.90875 0.00601933 5.60644e-06 0.00243132 0 VRAI 
CAM-ECTA-USA-HO_ECTA-USA-HO-T 2014.08.15.14.38.20 -3.71084 3.78882 12.8626 3.23659e-05 0 2.07561e-05 0 VRAI 
CAM-ECTA-USA-HO_ECTA-USA-HO 2014.08.15.14.38.20 -3.68124 -3.92563 12.8899 0.0147281 0.000176503 0.00440101 0 VRAI 
