********** Fichier qui contient une sauvegarde des coordonnees images + coordonnees images transformees dans le repere BCAM (MOUNT) + coordonnees des prismes dans le repere MOUNT********** 
********************************************************************** Unite en metres (m)************************************************************************************************** 

*******************************************************************coordonnees images dans le repere CCD *********************************************************************************** 
20MABNDB000135_PR027
Spot 1     0.00189177     0.00092493
Spot 2     0.00211014     0.00092736
Spot 1     0.00189193     0.00092510
Spot 2     0.00211016     0.00092763
Spot 1     0.00189184     0.00092507
Spot 2     0.00211028     0.00092783
Spot 1     0.00189186     0.00092514
Spot 2     0.00211024     0.00092778
Spot 1     0.00189198     0.00092510
Spot 2     0.00211029     0.00092790
Spot 1     0.00189194     0.00092486
Spot 2     0.00211022     0.00092787
Spot 1     0.00189198     0.00092503
Spot 2     0.00211026     0.00092791
Spot 1     0.00189190     0.00092514
Spot 2     0.00211033     0.00092762
Spot 1     0.00189196     0.00092510
Spot 2     0.00211029     0.00092800
20MABNDB000126_PR028
Spot 1     0.00193457     0.00200488
Spot 2     0.00165273     0.00200289
Spot 1     0.00193477     0.00200497
Spot 2     0.00165276     0.00200291
Spot 1     0.00193477     0.00200494
Spot 2     0.00165286     0.00200298
Spot 1     0.00193478     0.00200494
Spot 2     0.00165276     0.00200295
Spot 1     0.00193494     0.00200511
Spot 2     0.00165276     0.00200292
Spot 1     0.00193471     0.00200494
Spot 2     0.00165290     0.00200290
Spot 1     0.00193475     0.00200497
Spot 2     0.00165273     0.00200300
Spot 1     0.00193477     0.00200503
Spot 2     0.00165280     0.00200291
20MABNDA000272_PR038
Spot 1     0.00192238     0.00097115
Spot 2     0.00169869     0.00097101
Spot 1     0.00192224     0.00097126
Spot 2     0.00169855     0.00097105
Spot 1     0.00192217     0.00097110
Spot 2     0.00169856     0.00097132
Spot 1     0.00192224     0.00097126
Spot 2     0.00169878     0.00097128
Spot 1     0.00192226     0.00097105
Spot 2     0.00169875     0.00097095
Spot 1     0.00192221     0.00097122
Spot 2     0.00169855     0.00097115
Spot 1     0.00192237     0.00097106
Spot 2     0.00169861     0.00097115
Spot 1     0.00192230     0.00097103
Spot 2     0.00169876     0.00097118
20MABNDA000003_PR039
Spot 1     0.00200625     0.00192972
Spot 2     0.00228419     0.00192898
Spot 1     0.00200616     0.00192969
Spot 2     0.00228410     0.00192906
Spot 1     0.00200626     0.00192975
Spot 2     0.00228404     0.00192895
Spot 1     0.00200624     0.00192976
Spot 2     0.00228410     0.00192912
Spot 1     0.00200620     0.00192974
Spot 2     0.00228417     0.00192908
Spot 1     0.00200619     0.00192973
Spot 2     0.00228416     0.00192893
Spot 1     0.00200606     0.00192980
Spot 2     0.00228401     0.00192908
Spot 1     0.00200622     0.00192975
Spot 2     0.00228421     0.00192907


****************************************************************coordonnees images transformees dans le repere MOUNT************************************************************************* 
20MABNDB000135_PR027
Spot 1    -0.01251280    -0.01318810    -0.07464699
Spot 2    -0.01229442    -0.01318810    -0.07464699
Spot 1    -0.01251264    -0.01318793    -0.07464699
Spot 2    -0.01229440    -0.01318783    -0.07464699
Spot 1    -0.01251273    -0.01318796    -0.07464699
Spot 2    -0.01229427    -0.01318763    -0.07464699
Spot 1    -0.01251271    -0.01318789    -0.07464699
Spot 2    -0.01229431    -0.01318768    -0.07464699
Spot 1    -0.01251259    -0.01318793    -0.07464699
Spot 2    -0.01229426    -0.01318756    -0.07464699
Spot 1    -0.01251263    -0.01318817    -0.07464699
Spot 2    -0.01229433    -0.01318759    -0.07464699
Spot 1    -0.01251259    -0.01318800    -0.07464699
Spot 2    -0.01229429    -0.01318755    -0.07464699
Spot 1    -0.01251267    -0.01318789    -0.07464699
Spot 2    -0.01229423    -0.01318784    -0.07464699
Spot 1    -0.01251261    -0.01318793    -0.07464699
Spot 2    -0.01229426    -0.01318746    -0.07464699
20MABNDB000126_PR028
Spot 1    -0.01224495    -0.01217574    -0.07500400
Spot 2    -0.01252677    -0.01217924    -0.07500400
Spot 1    -0.01224475    -0.01217565    -0.07500400
Spot 2    -0.01252674    -0.01217922    -0.07500400
Spot 1    -0.01224475    -0.01217568    -0.07500400
Spot 2    -0.01252664    -0.01217915    -0.07500400
Spot 1    -0.01224474    -0.01217568    -0.07500400
Spot 2    -0.01252674    -0.01217918    -0.07500400
Spot 1    -0.01224458    -0.01217551    -0.07500400
Spot 2    -0.01252674    -0.01217921    -0.07500400
Spot 1    -0.01224481    -0.01217568    -0.07500400
Spot 2    -0.01252660    -0.01217923    -0.07500400
Spot 1    -0.01224477    -0.01217565    -0.07500400
Spot 2    -0.01252677    -0.01217913    -0.07500400
Spot 1    -0.01224475    -0.01217559    -0.07500400
Spot 2    -0.01252670    -0.01217922    -0.07500400
20MABNDA000272_PR038
Spot 1    -0.01275807     0.01314032    -0.07417900
Spot 2    -0.01253438     0.01314006    -0.07417900
Spot 1    -0.01275793     0.01314021    -0.07417900
Spot 2    -0.01253424     0.01314002    -0.07417900
Spot 1    -0.01275786     0.01314037    -0.07417900
Spot 2    -0.01253425     0.01313975    -0.07417900
Spot 1    -0.01275793     0.01314021    -0.07417900
Spot 2    -0.01253447     0.01313979    -0.07417900
Spot 1    -0.01275795     0.01314042    -0.07417900
Spot 2    -0.01253444     0.01314012    -0.07417900
Spot 1    -0.01275790     0.01314025    -0.07417900
Spot 2    -0.01253424     0.01313992    -0.07417900
Spot 1    -0.01275806     0.01314041    -0.07417900
Spot 2    -0.01253430     0.01313992    -0.07417900
Spot 1    -0.01275799     0.01314044    -0.07417900
Spot 2    -0.01253445     0.01313989    -0.07417900
20MABNDA000003_PR039
Spot 1    -0.01280734     0.01212256    -0.07373400
Spot 2    -0.01308528     0.01212401    -0.07373400
Spot 1    -0.01280725     0.01212259    -0.07373400
Spot 2    -0.01308519     0.01212393    -0.07373400
Spot 1    -0.01280735     0.01212253    -0.07373400
Spot 2    -0.01308513     0.01212404    -0.07373400
Spot 1    -0.01280733     0.01212252    -0.07373400
Spot 2    -0.01308519     0.01212387    -0.07373400
Spot 1    -0.01280729     0.01212254    -0.07373400
Spot 2    -0.01308526     0.01212391    -0.07373400
Spot 1    -0.01280728     0.01212255    -0.07373400
Spot 2    -0.01308525     0.01212406    -0.07373400
Spot 1    -0.01280715     0.01212248    -0.07373400
Spot 2    -0.01308510     0.01212391    -0.07373400
Spot 1    -0.01280731     0.01212253    -0.07373400
Spot 2    -0.01308530     0.01212392    -0.07373400


*****************************************************************coordonnees du prisme dans le repere MOUNT********************************************************************************** 
20MABNDB000135_PR027
   -0.02103852    -0.01019177     2.74937153
   -0.02104192    -0.01019981     2.74937153
   -0.02104250    -0.01020292     2.74937153
   -0.02104214    -0.01020330     2.74937153
   -0.02104527    -0.01020471     2.74937153
   -0.02104318    -0.01019980     2.74937153
   -0.02104470    -0.01020362     2.74937153
   -0.02104448    -0.01020033     2.74937153
   -0.02104492    -0.01020658     2.74937153
20MABNDB000126_PR028
   -0.02056104    -0.03879001     2.14679646
   -0.02056432    -0.03879160     2.14679646
   -0.02056576    -0.03879218     2.14679646
   -0.02056445    -0.03879175     2.14679646
   -0.02056672    -0.03879375     2.14679646
   -0.02056546    -0.03879105     2.14679646
   -0.02056360    -0.03879288     2.14679646
   -0.02056488    -0.03879247     2.14679646
20MABNDA000272_PR038
   -0.01329451     0.01154468     2.74965906
   -0.01329963     0.01154744     2.74965906
   -0.01330072     0.01154945     2.74965906
   -0.01329541     0.01155166     2.74965906
   -0.01329560     0.01154174     2.74965906
   -0.01330018     0.01154853     2.74965906
   -0.01329613     0.01154560     2.74965906
   -0.01329468     0.01154558     2.74965906
20MABNDA000003_PR039
   -0.00578048     0.04131811     2.14891410
   -0.00578304     0.04131882     2.14891410
   -0.00578248     0.04131810     2.14891410
   -0.00578189     0.04132069     2.14891410
   -0.00578147     0.04131982     2.14891410
   -0.00578176     0.04131754     2.14891410
   -0.00578575     0.04132069     2.14891410
   -0.00578061     0.04131982     2.14891410


*****************************************************************coordonnees du prisme dans le repere ATLAS********************************************************************************** 
20MABNDB000135_PR027 0.00000000
    2.60039520    -4.19776440    -3.82377243
    2.60039186    -4.19776440    -3.82376432
    2.60039115    -4.19776440    -3.82376122
    2.60039163    -4.19776440    -3.82376075
    2.60038853    -4.19776440    -3.82375932
    2.60039067    -4.19776440    -3.82376432
    2.60038900    -4.19776440    -3.82376051
    2.60038924    -4.19776440    -3.82376385
    2.60038877    -4.19776440    -3.82375765
20MABNDB000126_PR028 0.00000000
    2.60535598    -4.19702005    -5.89342690
    2.60535264    -4.19702005    -5.89342546
    2.60535121    -4.19702005    -5.89342499
    2.60535240    -4.19702005    -5.89342499
    2.60535026    -4.19702005    -5.89342308
    2.60535145    -4.19702005    -5.89342594
    2.60535336    -4.19702005    -5.89342403
    2.60535192    -4.19702005    -5.89342451
20MABNDA000272_PR038 0.00000000
   -2.61123872    -4.19698238    -3.82694101
   -2.61123371    -4.19698238    -3.82693815
   -2.61123252    -4.19698238    -3.82693624
   -2.61123800    -4.19698238    -3.82693410
   -2.61123776    -4.19698238    -3.82694387
   -2.61123323    -4.19698238    -3.82693720
   -2.61123729    -4.19698238    -3.82694006
   -2.61123872    -4.19698238    -3.82694006
20MABNDA000003_PR039 0.00000000
   -2.61594534    -4.19702291    -5.89144754
   -2.61594296    -4.19702291    -5.89144707
   -2.61594343    -4.19702291    -5.89144754
   -2.61594391    -4.19702291    -5.89144516
   -2.61594439    -4.19702291    -5.89144564
   -2.61594415    -4.19702291    -5.89144802
   -2.61594009    -4.19702291    -5.89144516
   -2.61594534    -4.19702291    -5.89144564


*****************************************************************Rapport********************************************************************************** 
CAM-EBC-US-IP_EBC-US-IP        2014.12.02.09.16.29     2.60039067    -4.19776440    -3.82376271     0.00000200     0.00000000     0.00000407 0.00000000 VRAI 
CAM-EBC-US-HO_EBC-US-HO        2014.12.02.09.16.29     2.60535240    -4.19702005    -5.89342499     0.00000162     0.00000000     0.00000109 0.00000000 VRAI 
CAM-EBC-USA-IP_EBC-USA-IP      2014.12.02.09.16.29    -2.61123624    -4.19698238    -3.82693884     0.00000245     0.00000000     0.00000286 0.00000000 VRAI 
CAM-EBC-USA-HO_EBC-USA-HO      2014.12.02.09.16.29    -2.61594370    -4.19702291    -5.89144647     0.00000157     0.00000000     0.00000111 0.00000000 VRAI 
