********** Fichier qui contient une sauvegarde des coordonnees images + coordonnees images transformees dans le repere BCAM (MOUNT) + coordonnees des prismes dans le repere MOUNT********** 
********************************************************************** Unite en metres (m)************************************************************************************************** 

*******************************************************************coordonnees images dans le repere CCD *********************************************************************************** 
20MABNDB000135_PR027
Spot 1   0.00189432   0.00092655
Spot 2   0.00211321   0.00092913
Spot 1   0.00189415   0.00092659
Spot 2   0.00211309   0.00092904
Spot 1   0.00189449   0.00092650
Spot 2   0.00211303   0.00092904
Spot 1   0.00189439   0.00092656
Spot 2   0.00211323   0.00092919
Spot 1   0.00189442   0.00092653
Spot 2   0.00211325   0.00092921
Spot 1   0.00189456   0.00092629
Spot 2   0.00211334   0.00092901
Spot 1   0.00189462   0.00092628
Spot 2   0.00211332   0.00092875
Spot 1   0.00189483   0.00092612
Spot 2   0.00211342   0.00092891
Spot 1   0.00189448   0.00092586
Spot 2   0.00211347   0.00092861
20MABNDB000126_PR028
Spot 1   0.00194336   0.00199808
Spot 2   0.00166065   0.00199715
Spot 1   0.00194346   0.00199809
Spot 2   0.00166077   0.00199686
Spot 1   0.00194328   0.00199808
Spot 2   0.00166066   0.00199693
Spot 1   0.00194333   0.00199800
Spot 2   0.00166070   0.00199682
Spot 1   0.00194333   0.00199801
Spot 2   0.00166065   0.00199672
Spot 1   0.00194328   0.00199775
Spot 2   0.00166059   0.00199671
Spot 1   0.00194327   0.00199761
Spot 2   0.00166065   0.00199630
Spot 1   0.00194311   0.00199749
Spot 2   0.00166061   0.00199651
20MABNDA000272_PR038
Spot 1   0.00191258   0.00097500
Spot 2   0.00168778   0.00097349
Spot 1   0.00191226   0.00097486
Spot 2   0.00168752   0.00097309
Spot 1   0.00191254   0.00097443
Spot 2   0.00168764   0.00097283
Spot 1   0.00191248   0.00097424
Spot 2   0.00168754   0.00097238
Spot 1   0.00191256   0.00097401
Spot 2   0.00168758   0.00097242
Spot 1   0.00191243   0.00097386
Spot 2   0.00168776   0.00097209
Spot 1   0.00191256   0.00097376
Spot 2   0.00168802   0.00097214
Spot 1   0.00191274   0.00097354
Spot 2   0.00168750   0.00097188
20MABNDA000003_PR039
Spot 1   0.00227537   0.00192655
Spot 2   0.00199872   0.00192642
Spot 1   0.00227537   0.00192612
Spot 2   0.00199860   0.00192598
Spot 1   0.00227538   0.00192586
Spot 2   0.00199858   0.00192571
Spot 1   0.00227521   0.00192564
Spot 2   0.00199857   0.00192523
Spot 1   0.00227527   0.00192534
Spot 2   0.00199857   0.00192507
Spot 1   0.00227535   0.00192500
Spot 2   0.00199864   0.00192462
Spot 1   0.00227531   0.00192482
Spot 2   0.00199859   0.00192443
Spot 1   0.00227534   0.00192466
Spot 2   0.00199865   0.00192433


****************************************************************coordonnees images transformees dans le repere MOUNT************************************************************************* 
20MABNDB000135_PR027
Spot 1  -0.01251023  -0.01318651  -0.07464699
Spot 2  -0.01229133  -0.01318637  -0.07464699
Spot 1  -0.01251040  -0.01318647  -0.07464699
Spot 2  -0.01229145  -0.01318645  -0.07464699
Spot 1  -0.01251006  -0.01318656  -0.07464699
Spot 2  -0.01229151  -0.01318645  -0.07464699
Spot 1  -0.01251016  -0.01318650  -0.07464699
Spot 2  -0.01229131  -0.01318631  -0.07464699
Spot 1  -0.01251013  -0.01318653  -0.07464699
Spot 2  -0.01229129  -0.01318629  -0.07464699
Spot 1  -0.01251000  -0.01318677  -0.07464699
Spot 2  -0.01229120  -0.01318649  -0.07464699
Spot 1  -0.01250994  -0.01318678  -0.07464699
Spot 2  -0.01229122  -0.01318675  -0.07464699
Spot 1  -0.01250973  -0.01318694  -0.07464699
Spot 2  -0.01229112  -0.01318659  -0.07464699
Spot 1  -0.01251008  -0.01318720  -0.07464699
Spot 2  -0.01229107  -0.01318689  -0.07464699
20MABNDB000126_PR028
Spot 1  -0.01223612  -0.01218250  -0.07500400
Spot 2  -0.01251882  -0.01218494  -0.07500400
Spot 1  -0.01223602  -0.01218249  -0.07500400
Spot 2  -0.01251870  -0.01218523  -0.07500400
Spot 1  -0.01223620  -0.01218250  -0.07500400
Spot 2  -0.01251881  -0.01218516  -0.07500400
Spot 1  -0.01223615  -0.01218258  -0.07500400
Spot 2  -0.01251877  -0.01218527  -0.07500400
Spot 1  -0.01223615  -0.01218257  -0.07500400
Spot 2  -0.01251882  -0.01218537  -0.07500400
Spot 1  -0.01223620  -0.01218283  -0.07500400
Spot 2  -0.01251888  -0.01218538  -0.07500400
Spot 1  -0.01223621  -0.01218297  -0.07500400
Spot 2  -0.01251882  -0.01218579  -0.07500400
Spot 1  -0.01223637  -0.01218309  -0.07500400
Spot 2  -0.01251886  -0.01218558  -0.07500400
20MABNDA000272_PR038
Spot 1  -0.01274827   0.01313645  -0.07417900
Spot 2  -0.01252347   0.01313756  -0.07417900
Spot 1  -0.01274795   0.01313659  -0.07417900
Spot 2  -0.01252321   0.01313796  -0.07417900
Spot 1  -0.01274823   0.01313702  -0.07417900
Spot 2  -0.01252333   0.01313822  -0.07417900
Spot 1  -0.01274817   0.01313721  -0.07417900
Spot 2  -0.01252323   0.01313867  -0.07417900
Spot 1  -0.01274825   0.01313744  -0.07417900
Spot 2  -0.01252327   0.01313863  -0.07417900
Spot 1  -0.01274812   0.01313759  -0.07417900
Spot 2  -0.01252345   0.01313896  -0.07417900
Spot 1  -0.01274825   0.01313769  -0.07417900
Spot 2  -0.01252371   0.01313891  -0.07417900
Spot 1  -0.01274843   0.01313791  -0.07417900
Spot 2  -0.01252319   0.01313917  -0.07417900
20MABNDA000003_PR039
Spot 1  -0.01307645   0.01212641  -0.07373400
Spot 2  -0.01279981   0.01212584  -0.07373400
Spot 1  -0.01307645   0.01212684  -0.07373400
Spot 2  -0.01279968   0.01212628  -0.07373400
Spot 1  -0.01307646   0.01212710  -0.07373400
Spot 2  -0.01279966   0.01212655  -0.07373400
Spot 1  -0.01307629   0.01212732  -0.07373400
Spot 2  -0.01279965   0.01212703  -0.07373400
Spot 1  -0.01307635   0.01212762  -0.07373400
Spot 2  -0.01279965   0.01212719  -0.07373400
Spot 1  -0.01307643   0.01212796  -0.07373400
Spot 2  -0.01279972   0.01212764  -0.07373400
Spot 1  -0.01307639   0.01212814  -0.07373400
Spot 2  -0.01279967   0.01212783  -0.07373400
Spot 1  -0.01307642   0.01212830  -0.07373400
Spot 2  -0.01279973   0.01212793  -0.07373400


*****************************************************************coordonnees du prisme dans le repere MOUNT********************************************************************************** 
20MABNDB000135_PR027
 -0.02114226  -0.01025279   2.74937129
 -0.02113694  -0.01025193   2.74937129
 -0.02114204  -0.01025021   2.74937129
 -0.02114392  -0.01025405   2.74937129
 -0.02114484  -0.01025385   2.74937129
 -0.02114897  -0.01024575   2.74937129
 -0.02114964  -0.01024080   2.74937129
 -0.02115531  -0.01024071   2.74937081
 -0.02114972  -0.01023052   2.74937081
20MABNDB000126_PR028
 -0.02080016  -0.03861258   2.14679766
 -0.02080332  -0.03860861   2.14679766
 -0.02079918  -0.03860943   2.14679766
 -0.02080048  -0.03860673   2.14679766
 -0.02079978  -0.03860546   2.14679766
 -0.02079823  -0.03860159   2.14679766
 -0.02079898  -0.03859376   2.14679790
 -0.02079613  -0.03859504   2.14679790
20MABNDA000272_PR038
 -0.01367378   0.01166133   2.74965906
 -0.01368441   0.01165145   2.74965906
 -0.01367711   0.01163881   2.74965906
 -0.01368006   0.01162708   2.74965906
 -0.01367786   0.01162360   2.74965906
 -0.01367697   0.01161480   2.74965906
 -0.01366982   0.01161386   2.74965906
 -0.01367607   0.01160509   2.74965906
20MABNDA000003_PR039
 -0.00601438   0.04123684   2.14891601
 -0.00601612   0.04122441   2.14891601
 -0.00601628   0.04121684   2.14891601
 -0.00601887   0.04120684   2.14891624
 -0.00601805   0.04120027   2.14891624
 -0.00601593   0.04118897   2.14891648
 -0.00601722   0.04118369   2.14891648
 -0.00601594   0.04117998   2.14891648


*****************************************************************coordonnees du prisme dans le repere ATLAS********************************************************************************** 
20MABNDB000135_PR027 0.00300000
  2.60029173  -4.19476366  -3.82371092
  2.60029721  -4.19476366  -3.82371163
  2.60029197  -4.19476366  -3.82371330
  2.60029006  -4.19476366  -3.82370949
  2.60028911  -4.19476366  -3.82370973
  2.60028505  -4.19476318  -3.82371783
  2.60028434  -4.19476318  -3.82372284
  2.60027862  -4.19476366  -3.82372284
  2.60028410  -4.19476366  -3.82373309
20MABNDB000126_PR028 0.00300000
  2.60511661  -4.19401979  -5.89360428
  2.60511351  -4.19401979  -5.89360809
  2.60511756  -4.19401979  -5.89360762
  2.60511637  -4.19401979  -5.89361000
  2.60511708  -4.19401979  -5.89361143
  2.60511851  -4.19401979  -5.89361525
  2.60511780  -4.19401979  -5.89362288
  2.60512066  -4.19401979  -5.89362192
20MABNDA000272_PR038 0.00300000
 -2.61085939  -4.19398260  -3.82682443
 -2.61084890  -4.19398260  -3.82683420
 -2.61085629  -4.19398260  -3.82684684
 -2.61085320  -4.19398260  -3.82685876
 -2.61085534  -4.19398260  -3.82686210
 -2.61085629  -4.19398260  -3.82687092
 -2.61086345  -4.19398260  -3.82687187
 -2.61085725  -4.19398260  -3.82688069
20MABNDA000003_PR039 0.00300000
 -2.61571145  -4.19402170  -5.89152861
 -2.61570978  -4.19402170  -5.89154100
 -2.61570954  -4.19402170  -5.89154863
 -2.61570692  -4.19402122  -5.89155865
 -2.61570787  -4.19402122  -5.89156532
 -2.61571002  -4.19402122  -5.89157677
 -2.61570859  -4.19402122  -5.89158201
 -2.61571002  -4.19402122  -5.89158583


*****************************************************************Rapport********************************************************************************** 
CAM-EBC-US-IP_EBC-US-IP     2014.08.28.18.00.03   2.60028802  -4.19476355  -3.82371685   0.00000522   0.00000020   0.00000757 0.00300000 VRAI 
CAM-EBC-US-HO_EBC-US-HO     2014.08.28.18.00.03   2.60511726  -4.19401979  -5.89361268   0.00000190   0.00000000   0.00000634 0.00300000 VRAI 
CAM-EBC-USA-IP_EBC-USA-IP   2014.08.28.18.00.03  -2.61085626  -4.19398260  -3.82685623   0.00000398   0.00000000   0.00001832 0.00300000 VRAI 
CAM-EBC-USA-HO_EBC-USA-HO   2014.08.28.18.00.03  -2.61570928  -4.19402140  -5.89156085   0.00000133   0.00000023   0.00001915 0.00300000 VRAI 
