********** Fichier qui contient une sauvegarde des coordonnees images + coordonnees images transformees dans le repere BCAM (MOUNT) + coordonnees des prismes dans le repere MOUNT********** 
********************************************************************** Unite en metres (m)************************************************************************************************** 

*******************************************************************coordonnees images dans le repere CCD *********************************************************************************** 
20MABNDB000135_PR027
Spot 1 0.00185504 0.00124727
Spot 2 0.00209344 0.00124945
Spot 1 0.00185504 0.00124742
Spot 2 0.00209339 0.00124936
Spot 1 0.00185496 0.00124731
Spot 2 0.00209336 0.00124938
Spot 1 0.00185504 0.00124738
Spot 2 0.00209333 0.00124931
Spot 1 0.00185504 0.00124743
Spot 2 0.00209326 0.0012494
Spot 1 0.00185507 0.00124736
Spot 2 0.00209344 0.0012495
Spot 1 0.00185493 0.00124745
Spot 2 0.00209346 0.0012493
Spot 1 0.001855 0.00124737
Spot 2 0.00209337 0.00124942
Spot 1 0.00185507 0.00124753
Spot 2 0.00209332 0.00124944
20MABNDB000126_PR028
Spot 1 0.00184809 0.00140805
Spot 2 0.00153246 0.00140677
Spot 1 0.00184813 0.00140809
Spot 2 0.00153252 0.00140678
Spot 1 0.00184809 0.00140809
Spot 2 0.00153238 0.00140674
Spot 1 0.00184807 0.00140803
Spot 2 0.00153258 0.00140669
Spot 1 0.0018481 0.00140802
Spot 2 0.00153238 0.00140678
Spot 1 0.00184811 0.00140797
Spot 2 0.0015324 0.00140676
Spot 1 0.00184809 0.00140807
Spot 2 0.00153247 0.00140686
Spot 1 0.00184802 0.00140806
Spot 2 0.00153247 0.00140684
20MABNDA000272_PR038
Spot 1 0.00203375 0.00138672
Spot 2 0.00179123 0.00138558
Spot 1 0.00203364 0.00138655
Spot 2 0.00179118 0.00138564
Spot 1 0.00203362 0.00138644
Spot 2 0.00179144 0.00138554
Spot 1 0.00203365 0.00138654
Spot 2 0.00179131 0.00138554
Spot 1 0.00203359 0.00138654
Spot 2 0.00179121 0.00138549
Spot 1 0.00203368 0.00138658
Spot 2 0.00179123 0.00138539
Spot 1 0.00203366 0.00138666
Spot 2 0.00179105 0.00138559
Spot 1 0.00203367 0.00138675
Spot 2 0.00179117 0.00138555
20MABNDA000003_PR039
Spot 1 0.00211577 0.00112526
Spot 2 0.00180213 0.00112686
Spot 1 0.00211567 0.00112517
Spot 2 0.00180209 0.00112686
Spot 1 0.00211571 0.00112525
Spot 2 0.00180212 0.0011269
Spot 1 0.00211576 0.00112526
Spot 2 0.00180221 0.00112707
Spot 1 0.00211581 0.00112526
Spot 2 0.00180216 0.00112702
Spot 1 0.00211578 0.00112529
Spot 2 0.00180217 0.00112694
Spot 1 0.00211582 0.00112531
Spot 2 0.00180217 0.00112701
Spot 1 0.00211576 0.00112526
Spot 2 0.00180209 0.00112688


****************************************************************coordonnees images transformees dans le repere MOUNT************************************************************************* 
20MABNDB000135_PR027
Spot 1 -0.0125459 -0.0128654 -0.074647
Spot 2 -0.0123075 -0.0128658 -0.074647
Spot 1 -0.0125459 -0.0128652 -0.074647
Spot 2 -0.0123076 -0.0128659 -0.074647
Spot 1 -0.012546 -0.0128653 -0.074647
Spot 2 -0.0123076 -0.0128659 -0.074647
Spot 1 -0.0125459 -0.0128653 -0.074647
Spot 2 -0.0123076 -0.012866 -0.074647
Spot 1 -0.0125459 -0.0128652 -0.074647
Spot 2 -0.0123077 -0.0128659 -0.074647
Spot 1 -0.0125459 -0.0128653 -0.074647
Spot 2 -0.0123075 -0.0128658 -0.074647
Spot 1 -0.012546 -0.0128652 -0.074647
Spot 2 -0.0123075 -0.012866 -0.074647
Spot 1 -0.012546 -0.0128653 -0.074647
Spot 2 -0.0123076 -0.0128659 -0.074647
Spot 1 -0.0125459 -0.0128651 -0.074647
Spot 2 -0.0123077 -0.0128659 -0.074647
20MABNDB000126_PR028
Spot 1 -0.0123282 -0.012773 -0.075004
Spot 2 -0.0126439 -0.012776 -0.075004
Spot 1 -0.0123282 -0.012773 -0.075004
Spot 2 -0.0126438 -0.012776 -0.075004
Spot 1 -0.0123282 -0.012773 -0.075004
Spot 2 -0.0126439 -0.012776 -0.075004
Spot 1 -0.0123283 -0.012773 -0.075004
Spot 2 -0.0126437 -0.0127761 -0.075004
Spot 1 -0.0123282 -0.0127731 -0.075004
Spot 2 -0.0126439 -0.012776 -0.075004
Spot 1 -0.0123282 -0.0127731 -0.075004
Spot 2 -0.0126439 -0.012776 -0.075004
Spot 1 -0.0123282 -0.012773 -0.075004
Spot 2 -0.0126438 -0.0127759 -0.075004
Spot 1 -0.0123283 -0.012773 -0.075004
Spot 2 -0.0126438 -0.0127759 -0.075004
20MABNDA000272_PR038
Spot 1 -0.0128702 0.0127249 -0.074179
Spot 2 -0.0126277 0.0127257 -0.074179
Spot 1 -0.0128701 0.0127251 -0.074179
Spot 2 -0.0126276 0.0127256 -0.074179
Spot 1 -0.01287 0.0127252 -0.074179
Spot 2 -0.0126279 0.0127257 -0.074179
Spot 1 -0.0128701 0.0127251 -0.074179
Spot 2 -0.0126277 0.0127257 -0.074179
Spot 1 -0.01287 0.0127251 -0.074179
Spot 2 -0.0126276 0.0127257 -0.074179
Spot 1 -0.0128701 0.0127251 -0.074179
Spot 2 -0.0126277 0.0127258 -0.074179
Spot 1 -0.0128701 0.012725 -0.074179
Spot 2 -0.0126275 0.0127256 -0.074179
Spot 1 -0.0128701 0.0127249 -0.074179
Spot 2 -0.0126276 0.0127257 -0.074179
20MABNDA000003_PR039
Spot 1 -0.0129148 0.0129273 -0.073734
Spot 2 -0.0126012 0.0129249 -0.073734
Spot 1 -0.0129147 0.0129274 -0.073734
Spot 2 -0.0126011 0.0129249 -0.073734
Spot 1 -0.0129148 0.0129273 -0.073734
Spot 2 -0.0126012 0.0129249 -0.073734
Spot 1 -0.0129148 0.0129273 -0.073734
Spot 2 -0.0126013 0.0129247 -0.073734
Spot 1 -0.0129149 0.0129273 -0.073734
Spot 2 -0.0126012 0.0129247 -0.073734
Spot 1 -0.0129148 0.0129273 -0.073734
Spot 2 -0.0126012 0.0129248 -0.073734
Spot 1 -0.0129149 0.0129272 -0.073734
Spot 2 -0.0126012 0.0129247 -0.073734
Spot 1 -0.0129148 0.0129273 -0.073734
Spot 2 -0.0126011 0.0129249 -0.073734


*****************************************************************coordonnees du prisme dans le repere MOUNT********************************************************************************** 
20MABNDB000135_PR027
-0.0201904 -0.0220183 2.75236
-0.0201895 -0.0220194 2.75236
-0.0201875 -0.0220178 2.75236
-0.0201884 -0.0220178 2.75236
-0.0201872 -0.0220204 2.75236
-0.020191 -0.0220209 2.75236
-0.0201888 -0.0220189 2.75236
-0.0201884 -0.0220196 2.75236
-0.0201888 -0.0220229 2.75236
20MABNDB000126_PR028
-0.0177055 -0.0217723 2.14994
-0.0177069 -0.021773 2.14994
-0.0177043 -0.0217724 2.14994
-0.0177069 -0.0217709 2.14994
-0.0177045 -0.021772 2.14994
-0.0177049 -0.021771 2.14994
-0.0177056 -0.0217738 2.14994
-0.0177046 -0.0217734 2.14994
20MABNDA000272_PR038
-0.00953129 0.0267489 2.75262
-0.00953424 0.0267468 2.75262
-0.00952986 0.026743 2.75262
-0.00953167 0.0267448 2.75262
-0.00953462 0.0267439 2.75262
-0.00953259 0.0267428 2.75262
-0.00953624 0.026748 2.75262
-0.00953387 0.0267489 2.75262
20MABNDA000003_PR039
-0.0111625 0.0183731 2.1521
-0.0111645 0.0183719 2.1521
-0.0111635 0.0183736 2.1521
-0.0111615 0.0183761 2.1521
-0.0111615 0.0183754 2.1521
-0.0111618 0.0183747 2.1521
-0.0111612 0.018376 2.1521
-0.0111632 0.0183734 2.1521


*****************************************************************coordonnees du prisme dans le repere ATLAS********************************************************************************** 
20MABNDB000135_PR027
2.60136 -4.19483 -3.81194
2.60136 -4.19483 -3.81194
2.60136 -4.19483 -3.81194
2.60136 -4.19483 -3.81194
2.60136 -4.19483 -3.81194
2.60136 -4.19483 -3.81194
2.60136 -4.19483 -3.81194
2.60136 -4.19483 -3.81194
2.60136 -4.19483 -3.81194
20MABNDB000126_PR028
2.6082 -4.19395 -5.91046
2.6082 -4.19395 -5.91046
2.6082 -4.19395 -5.91046
2.6082 -4.19395 -5.91046
2.6082 -4.19395 -5.91046
2.6082 -4.19395 -5.91046
2.6082 -4.19395 -5.91046
2.6082 -4.19395 -5.91046
20MABNDA000272_PR038
-2.615 -4.19402 -3.81174
-2.615 -4.19402 -3.81174
-2.615 -4.19402 -3.81174
-2.615 -4.19402 -3.81174
-2.615 -4.19402 -3.81174
-2.615 -4.19402 -3.81174
-2.615 -4.19402 -3.81174
-2.615 -4.19402 -3.81174
20MABNDA000003_PR039
-2.61056 -4.19393 -5.91441
-2.61056 -4.19393 -5.91441
-2.61056 -4.19393 -5.9144
-2.61056 -4.19393 -5.9144
-2.61056 -4.19393 -5.9144
-2.61056 -4.19393 -5.9144
-2.61056 -4.19393 -5.9144
-2.61056 -4.19393 -5.9144


*****************************************************************Rapport********************************************************************************** 
CAM-EBC-US-IP_EBC-US-IP 2014.08.13.16.46.04 2.60136 -4.19483 -3.81194 1.20933e-06 0 1.54921e-06 VRAI 
CAM-EBC-US-HO_EBC-US-HO 2014.08.13.16.46.04 2.6082 -4.19395 -5.91046 9.15664e-07 0 9.66625e-07 VRAI 
CAM-EBC-USA-IP_EBC-USA-IP 2014.08.13.16.46.04 -2.615 -4.19402 -3.81174 1.94402e-06 0 2.42482e-06 VRAI 
CAM-EBC-USA-HO_EBC-USA-HO 2014.08.13.16.46.04 -2.61056 -4.19393 -5.9144 1.08441e-06 0 1.42554e-06 VRAI 
