********** Fichier qui contient une sauvegarde des coordonnees images + coordonnees images transformees dans le repere BCAM (MOUNT) + coordonnees des prismes dans le repere MOUNT********** 
********************************************************************** Unite en metres (m)************************************************************************************************** 

*******************************************************************coordonnees images dans le repere CCD *********************************************************************************** 
20MABNDB000135_PR027
Spot 1 0.00185475 0.00124738
Spot 2 0.00209304 0.00124921
Spot 1 0.00185493 0.00124731
Spot 2 0.00209331 0.00124932
Spot 1 0.00185482 0.00124728
Spot 2 0.00209334 0.00124945
Spot 1 0.00185493 0.00124732
Spot 2 0.0020933 0.00124925
Spot 1 0.00185489 0.00124729
Spot 2 0.00209329 0.00124931
Spot 1 0.001855 0.00124732
Spot 2 0.00209318 0.00124935
Spot 1 0.00185496 0.00124724
Spot 2 0.00209325 0.00124922
Spot 1 0.00185482 0.00124725
Spot 2 0.00209329 0.00124924
Spot 1 0.00185504 0.00124722
Spot 2 0.00209329 0.00124938
20MABNDB000126_PR028
Spot 1 0.00184895 0.00140765
Spot 2 0.00153329 0.00140646
Spot 1 0.00184899 0.00140771
Spot 2 0.00153329 0.00140646
Spot 1 0.00184889 0.00140768
Spot 2 0.00153331 0.00140646
Spot 1 0.00184891 0.00140767
Spot 2 0.00153329 0.00140643
Spot 1 0.00184902 0.00140758
Spot 2 0.00153324 0.00140638
Spot 1 0.00184894 0.0014076
Spot 2 0.00153328 0.0014065
Spot 1 0.00184894 0.00140767
Spot 2 0.00153337 0.00140655
Spot 1 0.00184893 0.00140772
Spot 2 0.00153329 0.00140642
20MABNDA000272_PR038
Spot 1 0.00203329 0.0013864
Spot 2 0.00179083 0.00138419
Spot 1 0.00203339 0.00138632
Spot 2 0.00179085 0.00138439
Spot 1 0.00203349 0.00138651
Spot 2 0.0017909 0.00138428
Spot 1 0.00203336 0.00138644
Spot 2 0.00179099 0.00138434
Spot 1 0.00203335 0.00138643
Spot 2 0.00179085 0.00138424
Spot 1 0.00203341 0.0013864
Spot 2 0.0017909 0.00138443
Spot 1 0.00203342 0.00138639
Spot 2 0.00179083 0.00138419
Spot 1 0.00203333 0.00138635
Spot 2 0.0017909 0.00138414
20MABNDA000003_PR039
Spot 1 0.00211583 0.00112543
Spot 2 0.0018023 0.00112704
Spot 1 0.00211591 0.00112537
Spot 2 0.00180227 0.00112707
Spot 1 0.00211601 0.00112536
Spot 2 0.00180229 0.001127
Spot 1 0.00211587 0.00112529
Spot 2 0.00180226 0.00112698
Spot 1 0.00211588 0.00112527
Spot 2 0.00180227 0.00112701
Spot 1 0.00211587 0.00112538
Spot 2 0.00180223 0.00112704
Spot 1 0.00211586 0.00112524
Spot 2 0.00180222 0.00112693
Spot 1 0.00211588 0.00112531
Spot 2 0.00180221 0.00112695


****************************************************************coordonnees images transformees dans le repere MOUNT************************************************************************* 
20MABNDB000135_PR027
Spot 1 -0.0125462 -0.0128653 -0.074647
Spot 2 -0.0123079 -0.0128661 -0.074647
Spot 1 -0.0125461 -0.0128653 -0.074647
Spot 2 -0.0123077 -0.012866 -0.074647
Spot 1 -0.0125462 -0.0128654 -0.074647
Spot 2 -0.0123076 -0.0128658 -0.074647
Spot 1 -0.0125461 -0.0128653 -0.074647
Spot 2 -0.0123077 -0.012866 -0.074647
Spot 1 -0.0125461 -0.0128653 -0.074647
Spot 2 -0.0123077 -0.012866 -0.074647
Spot 1 -0.012546 -0.0128653 -0.074647
Spot 2 -0.0123078 -0.0128659 -0.074647
Spot 1 -0.012546 -0.0128654 -0.074647
Spot 2 -0.0123077 -0.0128661 -0.074647
Spot 1 -0.0125462 -0.0128654 -0.074647
Spot 2 -0.0123077 -0.0128661 -0.074647
Spot 1 -0.0125459 -0.0128654 -0.074647
Spot 2 -0.0123077 -0.0128659 -0.074647
20MABNDB000126_PR028
Spot 1 -0.0123274 -0.0127734 -0.075004
Spot 2 -0.012643 -0.0127763 -0.075004
Spot 1 -0.0123273 -0.0127734 -0.075004
Spot 2 -0.012643 -0.0127763 -0.075004
Spot 1 -0.0123274 -0.0127734 -0.075004
Spot 2 -0.012643 -0.0127763 -0.075004
Spot 1 -0.0123274 -0.0127734 -0.075004
Spot 2 -0.012643 -0.0127763 -0.075004
Spot 1 -0.0123273 -0.0127735 -0.075004
Spot 2 -0.0126431 -0.0127764 -0.075004
Spot 1 -0.0123274 -0.0127735 -0.075004
Spot 2 -0.012643 -0.0127763 -0.075004
Spot 1 -0.0123274 -0.0127734 -0.075004
Spot 2 -0.0126429 -0.0127762 -0.075004
Spot 1 -0.0123274 -0.0127734 -0.075004
Spot 2 -0.012643 -0.0127763 -0.075004
20MABNDA000272_PR038
Spot 1 -0.0128697 0.0127253 -0.074179
Spot 2 -0.0126272 0.012727 -0.074179
Spot 1 -0.0128698 0.0127253 -0.074179
Spot 2 -0.0126273 0.0127268 -0.074179
Spot 1 -0.0128699 0.0127252 -0.074179
Spot 2 -0.0126273 0.012727 -0.074179
Spot 1 -0.0128698 0.0127252 -0.074179
Spot 2 -0.0126274 0.0127269 -0.074179
Spot 1 -0.0128698 0.0127252 -0.074179
Spot 2 -0.0126273 0.012727 -0.074179
Spot 1 -0.0128698 0.0127253 -0.074179
Spot 2 -0.0126273 0.0127268 -0.074179
Spot 1 -0.0128698 0.0127253 -0.074179
Spot 2 -0.0126272 0.012727 -0.074179
Spot 1 -0.0128698 0.0127253 -0.074179
Spot 2 -0.0126273 0.0127271 -0.074179
20MABNDA000003_PR039
Spot 1 -0.0129149 0.0129271 -0.073734
Spot 2 -0.0126014 0.0129247 -0.073734
Spot 1 -0.012915 0.0129272 -0.073734
Spot 2 -0.0126013 0.0129247 -0.073734
Spot 1 -0.0129151 0.0129272 -0.073734
Spot 2 -0.0126013 0.0129248 -0.073734
Spot 1 -0.0129149 0.0129273 -0.073734
Spot 2 -0.0126013 0.0129248 -0.073734
Spot 1 -0.0129149 0.0129273 -0.073734
Spot 2 -0.0126013 0.0129247 -0.073734
Spot 1 -0.0129149 0.0129272 -0.073734
Spot 2 -0.0126013 0.0129247 -0.073734
Spot 1 -0.0129149 0.0129273 -0.073734
Spot 2 -0.0126013 0.0129248 -0.073734
Spot 1 -0.0129149 0.0129272 -0.073734
Spot 2 -0.0126013 0.0129248 -0.073734


*****************************************************************coordonnees du prisme dans le repere MOUNT********************************************************************************** 
20MABNDB000135_PR027
-0.0201778 -0.0220161 2.74936
-0.020186 -0.0220167 2.74936
-0.0201846 -0.0220185 2.74936
-0.0201858 -0.0220156 2.74936
-0.0201849 -0.0220162 2.74936
-0.0201849 -0.0220175 2.74936
-0.0201854 -0.0220136 2.74936
-0.0201836 -0.0220142 2.74936
-0.0201877 -0.0220161 2.74936
20MABNDB000126_PR028
-0.0177296 -0.0217623 2.14694
-0.0177302 -0.0217631 2.14694
-0.017729 -0.0217627 2.14694
-0.017729 -0.0217621 2.14694
-0.0177299 -0.0217601 2.14694
-0.0177293 -0.0217621 2.14694
-0.0177306 -0.0217638 2.14694
-0.0177293 -0.0217627 2.14694
20MABNDA000272_PR038
-0.00954711 0.0267176 2.74962
-0.00954491 0.0267197 2.74962
-0.00954216 0.0267212 2.74962
-0.0095429 0.026721 2.74962
-0.00954566 0.026719 2.74962
-0.00954363 0.0267219 2.74962
-0.00954472 0.0267174 2.74962
-0.0095451 0.0267157 2.74962
20MABNDA000003_PR039
-0.0111592 0.0183781 2.1491
-0.0111585 0.0183777 2.1491
-0.0111568 0.0183765 2.1491
-0.0111592 0.0183753 2.1491
-0.0111589 0.0183754 2.1491
-0.0111596 0.0183774 2.1491
-0.0111599 0.0183738 2.1491
-0.0111598 0.0183751 2.1491


*****************************************************************coordonnees du prisme dans le repere ATLAS********************************************************************************** 
20MABNDB000135_PR027
2.60132 -4.19783 -3.81195
2.60131 -4.19783 -3.81195
2.60132 -4.19783 -3.81195
2.60131 -4.19783 -3.81195
2.60132 -4.19783 -3.81195
2.60132 -4.19783 -3.81195
2.60131 -4.19783 -3.81196
2.60132 -4.19783 -3.81196
2.60131 -4.19783 -3.81195
20MABNDB000126_PR028
2.60818 -4.19695 -5.91046
2.60818 -4.19695 -5.91046
2.60818 -4.19695 -5.91046
2.60818 -4.19695 -5.91046
2.60818 -4.19695 -5.91046
2.60818 -4.19695 -5.91046
2.60818 -4.19695 -5.91045
2.60818 -4.19695 -5.91046
20MABNDA000272_PR038
-2.61498 -4.19702 -3.81177
-2.61499 -4.19702 -3.81177
-2.61499 -4.19702 -3.81176
-2.61499 -4.19702 -3.81176
-2.61498 -4.19702 -3.81177
-2.61499 -4.19702 -3.81176
-2.61499 -4.19702 -3.81177
-2.61499 -4.19702 -3.81177
20MABNDA000003_PR039
-2.61056 -4.19693 -5.91439
-2.61057 -4.19693 -5.91439
-2.61057 -4.19693 -5.91439
-2.61056 -4.19693 -5.91439
-2.61056 -4.19693 -5.91439
-2.61056 -4.19693 -5.91439
-2.61056 -4.19693 -5.91439
-2.61056 -4.19693 -5.91439


*****************************************************************Rapport********************************************************************************** 
CAM-EBC-US-IP_EBC-US-IP 2014.08.13.14.45.00 2.60132 -4.19783 -3.81195 2.58012e-06 0 1.4558e-06 VRAI 
CAM-EBC-US-HO_EBC-US-HO 2014.08.13.14.45.00 2.60818 -4.19695 -5.91046 5.71708e-07 0 1.01152e-06 VRAI 
CAM-EBC-USA-IP_EBC-USA-IP 2014.08.13.14.45.00 -2.61499 -4.19702 -3.81177 1.42054e-06 0 2.02283e-06 VRAI 
CAM-EBC-USA-HO_EBC-USA-HO 2014.08.13.14.45.00 -2.61056 -4.19693 -5.91439 9.5181e-07 0 1.43051e-06 VRAI 
