********** Fichier qui contient une sauvegarde des coordonnees images + coordonnees images transformees dans le repere BCAM (MOUNT) + coordonnees des prismes dans le repere MOUNT********** 
********************************************************************** Unite en metres (m)************************************************************************************************** 

*******************************************************************coordonnees images dans le repere CCD *********************************************************************************** 
20MABNDB000135_PR027
Spot 1 0.002835 0.001165
Spot 2 0.003375 2.5e-05
Spot 1 0.002835 0.001165
Spot 2 0.003375 2.5e-05
Spot 1 0.002835 0.001165
Spot 2 0.003375 2.5e-05
Spot 1 0.002835 0.001165
Spot 2 0.003375 2.5e-05
Spot 1 0.002835 0.001165
Spot 2 0.003375 2.5e-05
20MABNDB000126_PR028
Spot 1 0.000375 0.001175
Spot 2 0.002665 0.002195
Spot 1 0.001615 9.5e-05
Spot 2 0.003315 0.001085
Spot 1 0.000375 0.001175
Spot 2 0.002665 0.002195
Spot 1 0.001615 9.5e-05
Spot 2 0.00328382 0.00033618
Spot 1 0.001615 9.5e-05
Spot 2 0.003284 0.000336
20MABNDA000272_PR038
Spot 1 0.000365 9.5e-05
Spot 2 0.002445 0.000265
Spot 1 0.000365 9.5e-05
Spot 2 0.002445 0.000265
Spot 1 0.000365 9.5e-05
Spot 2 0.002445 0.000265
Spot 1 0.000365 9.5e-05
Spot 2 0.002445 0.000265
Spot 1 0.000365 9.5e-05
Spot 2 0.002445 0.000265
20MABNDA000003_PR039
Spot 1 0.001035 5.5e-05
Spot 2 0.000865 0.000695
Spot 1 0.001035 5.5e-05
Spot 2 0.000385 0.000285
Spot 1 0.001035 5.5e-05
Spot 2 0.000385 0.000285
Spot 1 0.001035 5.5e-05
Spot 2 0.000865 0.000695


****************************************************************coordonnees images transformees dans le repere MOUNT************************************************************************* 
20MABNDB000135_PR027
Spot 1 -0.011567 -0.0129585 -0.074647
Spot 2 -0.0110397 -0.0141045 -0.074647
Spot 1 -0.011567 -0.0129585 -0.074647
Spot 2 -0.0110397 -0.0141045 -0.074647
Spot 1 -0.011567 -0.0129585 -0.074647
Spot 2 -0.0110397 -0.0141045 -0.074647
Spot 1 -0.011567 -0.0129585 -0.074647
Spot 2 -0.0110397 -0.0141045 -0.074647
Spot 1 -0.011567 -0.0129585 -0.074647
Spot 2 -0.0110397 -0.0141045 -0.074647
20MABNDB000126_PR028
Spot 1 -0.0138001 -0.0130139 -0.075004
Spot 2 -0.0115155 -0.0119817 -0.075004
Spot 1 -0.0125543 -0.0140873 -0.075004
Spot 2 -0.0108596 -0.0130882 -0.075004
Spot 1 -0.0138001 -0.0130139 -0.075004
Spot 2 -0.0115155 -0.0119817 -0.075004
Spot 1 -0.0125543 -0.0140873 -0.075004
Spot 2 -0.0108868 -0.0138372 -0.075004
Spot 1 -0.0125543 -0.0140873 -0.075004
Spot 2 -0.0108866 -0.0138374 -0.075004
20MABNDA000272_PR038
Spot 1 -0.0111991 0.0140137 -0.074179
Spot 2 -0.0132794 0.0138474 -0.074179
Spot 1 -0.0111991 0.0140137 -0.074179
Spot 2 -0.0132794 0.0138474 -0.074179
Spot 1 -0.0111991 0.0140137 -0.074179
Spot 2 -0.0132794 0.0138474 -0.074179
Spot 1 -0.0111991 0.0140137 -0.074179
Spot 2 -0.0132794 0.0138474 -0.074179
Spot 1 -0.0111991 0.0140137 -0.074179
Spot 2 -0.0132794 0.0138474 -0.074179
20MABNDA000003_PR039
Spot 1 -0.0118313 0.0139948 -0.073734
Spot 2 -0.011663 0.0133544 -0.073734
Spot 1 -0.0118313 0.0139948 -0.073734
Spot 2 -0.0111819 0.0137632 -0.073734
Spot 1 -0.0118313 0.0139948 -0.073734
Spot 2 -0.0111819 0.0137632 -0.073734
Spot 1 -0.0118313 0.0139948 -0.073734
Spot 2 -0.011663 0.0133544 -0.073734


*****************************************************************coordonnees du prisme dans le repere MOUNT********************************************************************************** 
20MABNDB000135_PR027
-0.0613805 0.00239963 2.74891
-0.0613805 0.00239963 2.74891
-0.0613805 0.00239963 2.74891
-0.0613805 0.00239963 2.74891
-0.0613805 0.00239963 2.74891
20MABNDB000126_PR028
-0.0128093 -0.0296594 2.1469
-0.0399126 0.0014104 2.14674
-0.0128093 -0.0296594 2.1469
-0.039524 0.012084 2.14665
-0.0395266 0.0120866 2.14665
20MABNDA000272_PR038
-0.0282059 -0.0174172 2.74945
-0.0282059 -0.0174172 2.74945
-0.0282059 -0.0174172 2.74945
-0.0282059 -0.0174172 2.74945
-0.0282059 -0.0174172 2.74945
20MABNDA000003_PR039
-0.0400536 -0.00301992 2.14888
-0.0469255 -0.00886002 2.14872
-0.0469255 -0.00886002 2.14872
-0.0400536 -0.00301992 2.14888


*****************************************************************coordonnees du prisme dans le repere ATLAS********************************************************************************** 
20MABNDB000135_PR027 0.003
2.55998 -4.19452 -3.83613
2.55998 -4.19452 -3.83613
2.55998 -4.19452 -3.83613
2.55998 -4.19452 -3.83613
2.55998 -4.19452 -3.83613
20MABNDB000126_PR028 0.003
2.6131 -4.19396 -5.90256
2.58598 -4.19424 -5.93362
2.6131 -4.19396 -5.90256
2.58637 -4.19438 -5.94429
2.58636 -4.19438 -5.94429
20MABNDA000272_PR038 0.003
-2.59633 -4.19419 -3.85591
-2.59633 -4.19419 -3.85591
-2.59633 -4.19419 -3.85591
-2.59633 -4.19419 -3.85591
-2.59633 -4.19419 -3.85591
20MABNDA000003_PR039 0.003
-2.58167 -4.19427 -5.93578
-2.5748 -4.19445 -5.94162
-2.5748 -4.19445 -5.94162
-2.58167 -4.19427 -5.93578


*****************************************************************Rapport********************************************************************************** 
CAM-EBC-US-IP_EBC-US-IP 2014.08.20.15.52.53 2.55998 -4.19452 -3.83613 0 0 0 0.003 VRAI 
CAM-EBC-US-HO_EBC-US-HO 2014.08.20.15.52.53 2.59698 -4.19419 -5.92546 0.0131617 0.000192864 0.0191022 0.003 VRAI 
CAM-EBC-USA-IP_EBC-USA-IP 2014.08.20.15.52.53 -2.59633 -4.19419 -3.85591 0 0 0 0.003 VRAI 
CAM-EBC-USA-HO_EBC-USA-HO 2014.08.20.15.52.53 -2.57823 -4.19436 -5.9387 0.00343621 8.9407e-05 0.00291944 0.003 VRAI 
