********** Fichier qui contient une sauvegarde des coordonnees images + coordonnees images transformees dans le repere BCAM (MOUNT) + coordonnees des prismes dans le repere MOUNT********** 
********************************************************************** Unite en metres (m)************************************************************************************************** 

*******************************************************************coordonnees images dans le repere CCD *********************************************************************************** 
20MABNDM000168_PR025
Spot 1 0.001125 5.1e-05
Spot 2 0.002379 4.3e-05
Spot 1 0.000874 8e-05
Spot 2 0.000943 6.1e-05
Spot 1 0.000525 5.25e-05
Spot 2 0.000955 5.25e-05
Spot 1 0.002355 5.1e-05
Spot 2 0.0025025 4e-05
Spot 1 0.002849 3.7e-05
Spot 2 0.0031 3e-05
20MABNDM000168_PR026
Spot 1 0.00211 6e-05
Spot 2 0.002695 3.167e-05
Spot 1 0.00115167 5.167e-05
Spot 2 0.00092 3e-05
Spot 1 0.000765 4.5e-05
Spot 2 0.00251167 3.833e-05
Spot 1 0.00098833 3.5e-05
Spot 2 0.003255 3.167e-05
Spot 1 0.00237833 3.833e-05
Spot 2 0.000525 5.5e-05
20MABNDM000168_PR001
Spot 1 0.00276024 0.00162835
Spot 2 0.00220646 0.0013567
Spot 1 0.00276023 0.0016288
Spot 2 0.00220646 0.00135707
Spot 1 0.00276013 0.00162917
Spot 2 0.00220643 0.00135706
Spot 1 0.00276016 0.00162946
Spot 2 0.00220642 0.00135733
20MABNDM000168_20MABNDL000077
Spot 1 0.00157096 0.00139769
Spot 2 0.00133056 0.00104646
Spot 1 0.00157159 0.00139861
Spot 2 0.00139425 0.00125628
Spot 1 0.00157109 0.00139824
Spot 2 0.00133105 0.0010457
Spot 1 0.00157178 0.00139926
Spot 2 0.00139443 0.00125888
20MABNDL000196_PR036
Spot 1 0.003175 4.833e-05
Spot 2 0.00143167 0.000125
Spot 1 0.003285 6.167e-05
Spot 2 0.002785 9.5e-05
Spot 1 0.00143 4e-05
Spot 2 0.00332 4e-05
Spot 1 0.001185 1.5e-05
Spot 2 0.00263 6e-05
20MABNDL000196_PR037
Spot 1 0.001565 0.000355
Spot 2 0.002655 0.000375
Spot 1 0.003245 0.000325
Spot 2 0.0016 6.5e-05
Spot 1 0.003235 0.000115
Spot 2 0.00265 0.00018
Spot 1 0.003435 9.5e-05
Spot 2 0.002755 0.000105
20MABNDL000196_PR012
Spot 1 0.00084904 0.00179154
Spot 2 0.00139922 0.00166678
Spot 1 0.00084915 0.00179105
Spot 2 0.0013989 0.00166729
Spot 1 0.0008491 0.00179115
Spot 2 0.00139866 0.00166719
Spot 1 0.00084911 0.0017912
Spot 2 0.00139878 0.00166693
20MABNDL000196_20MABNDM000020
Spot 1 0.00184157 0.00129982
Spot 2 0.00225841 0.00068297
Spot 1 0.00184167 0.00129971
Spot 2 0.00225835 0.0006829
Spot 1 0.00184164 0.00129964
Spot 2 0.00225831 0.00068301
Spot 1 0.00184164 0.0012998
Spot 2 0.00225833 0.000683


****************************************************************coordonnees images transformees dans le repere MOUNT************************************************************************* 
20MABNDM000168_PR025
Spot 1 0.0133187 -0.0340579 -0.074451
Spot 2 0.0120649 -0.0340315 -0.074451
Spot 1 0.0135692 -0.0340905 -0.074451
Spot 2 0.0135005 -0.0340705 -0.074451
Spot 1 0.0139186 -0.0340681 -0.074451
Spot 2 0.0134887 -0.0340618 -0.074451
Spot 1 0.0120888 -0.0340399 -0.074451
Spot 2 0.0119415 -0.0340267 -0.074451
Spot 1 0.0115951 -0.0340186 -0.074451
Spot 2 0.0113442 -0.034008 -0.074451
20MABNDM000168_PR026
Spot 1 0.0123337 -0.0340525 -0.074451
Spot 2 0.0117491 -0.0340156 -0.074451
Spot 1 0.013292 -0.0340581 -0.074451
Spot 2 0.013524 -0.0340399 -0.074451
Spot 1 0.0136787 -0.0340571 -0.074451
Spot 2 0.0119324 -0.0340249 -0.074451
Spot 1 0.0134556 -0.0340439 -0.074451
Spot 2 0.0111892 -0.0340074 -0.074451
Spot 1 0.0120657 -0.0340269 -0.074451
Spot 2 0.0139186 -0.0340706 -0.074451
20MABNDM000168_PR001
Spot 1 0.0116605 -0.0356111 -0.074451
Spot 2 0.0122182 -0.0353476 -0.074451
Spot 1 0.0116606 -0.0356116 -0.074451
Spot 2 0.0122182 -0.035348 -0.074451
Spot 1 0.0116606 -0.0356119 -0.074451
Spot 2 0.0122183 -0.035348 -0.074451
Spot 1 0.0116606 -0.0356122 -0.074451
Spot 2 0.0122183 -0.0353482 -0.074451
20MABNDM000168_20MABNDL000077
Spot 1 0.0128531 -0.0353979 -0.074451
Spot 2 0.0130986 -0.0350502 -0.074451
Spot 1 0.0128524 -0.0353988 -0.074451
Spot 2 0.0130318 -0.0352591 -0.074451
Spot 1 0.0128529 -0.0353984 -0.074451
Spot 2 0.0130981 -0.0350494 -0.074451
Spot 1 0.0128522 -0.0353994 -0.074451
Spot 2 0.0130316 -0.0352617 -0.074451
20MABNDL000196_PR036
Spot 1 -0.0139788 0.0342946 -0.00611
Spot 2 -0.0122374 0.0344063 -0.00611
Spot 1 -0.0140891 0.0343057 -0.00611
Spot 2 -0.0135898 0.0343491 -0.00611
Spot 1 -0.012234 0.0343214 -0.00611
Spot 2 -0.0141236 0.0342834 -0.00611
Spot 1 -0.0119885 0.0343013 -0.00611
Spot 2 -0.0134342 0.0343172 -0.00611
20MABNDL000196_PR037
Spot 1 -0.0123753 0.0346336 -0.00611
Spot 2 -0.0134655 0.0346317 -0.00611
Spot 1 -0.0140544 0.0345698 -0.00611
Spot 2 -0.0124045 0.034343 -0.00611
Spot 1 -0.0140401 0.0343601 -0.00611
Spot 2 -0.0134566 0.0344368 -0.00611
Spot 1 -0.0142397 0.034336 -0.00611
Spot 2 -0.01356 0.0343597 -0.00611
20MABNDL000196_PR012
Spot 1 -0.0116884 0.0360843 -0.00611
Spot 2 -0.012236 0.0359485 -0.00611
Spot 1 -0.0116885 0.0360838 -0.00611
Spot 2 -0.0122356 0.035949 -0.00611
Spot 1 -0.0116885 0.0360839 -0.00611
Spot 2 -0.0122354 0.0359489 -0.00611
Spot 1 -0.0116885 0.0360839 -0.00611
Spot 2 -0.0122355 0.0359486 -0.00611
20MABNDL000196_20MABNDM000020
Spot 1 -0.0126708 0.0355727 -0.00611
Spot 2 -0.0130752 0.0349476 -0.00611
Spot 1 -0.0126709 0.0355726 -0.00611
Spot 2 -0.0130751 0.0349475 -0.00611
Spot 1 -0.0126709 0.0355725 -0.00611
Spot 2 -0.0130751 0.0349476 -0.00611
Spot 1 -0.0126709 0.0355726 -0.00611
Spot 2 -0.0130751 0.0349476 -0.00611


*****************************************************************coordonnees du prisme dans le repere MOUNT********************************************************************************** 
20MABNDM000168_PR025
0.0160809 -0.100058 3.7084
-0.0255992 -0.0982828 3.70823
-0.0339406 -0.0990489 3.70813
0.0495342 -0.100618 3.70821
0.0764972 -0.101599 3.70783
20MABNDM000168_PR026
0.0501104 -0.103989 3.904
-0.0210205 -0.10321 3.90405
0.0103376 -0.103627 3.90419
0.0354865 -0.104428 3.90411
0.000624485 -0.103225 3.90418
20MABNDM000168_PR001
0.0763017 -0.0251834 5.81482
0.0763018 -0.0251518 5.81482
0.076297 -0.0251376 5.81482
0.076298 -0.0251159 5.81482
20MABNDM000168_20MABNDL000077
-0.00281921 -0.0443243 5.38882
-0.000398112 -0.0367884 5.38883
-0.00279702 -0.0443322 5.38882
-0.000383124 -0.0366718 5.38883
20MABNDL000196_PR036
0.00827434 0.0848188 -3.76812
0.0441932 0.0859457 -3.76773
0.0117461 0.0871807 -3.76807
-0.0112158 0.0868427 -3.76816
20MABNDL000196_PR037
-0.000320518 0.0728139 -3.96422
0.0156639 0.0819301 -3.96404
0.0425054 0.0849239 -3.96372
0.0503404 0.0875372 -3.96356
20MABNDL000196_PR012
-0.068577 -0.0162733 -5.91527
-0.0685851 -0.0162742 -5.91527
-0.0685964 -0.0162745 -5.91527
-0.0685915 -0.0162662 -5.91527
20MABNDL000196_20MABNDM000020
0.00109068 0.0420196 -5.47472
0.00109198 0.0420261 -5.47472
0.00108954 0.0420246 -5.47472
0.00109034 0.0420192 -5.47472


*****************************************************************coordonnees du prisme dans le repere ATLAS********************************************************************************** 
20MABNDM000168_PR025 0
2.75363 -3.7586 1.01779
2.75542 -3.71692 1.0176
2.75465 -3.70858 1.01749
2.75306 -3.79205 1.01761
2.75207 -3.81902 1.01724
20MABNDM000168_PR026 0
2.7497 -3.79256 1.2134
2.7505 -3.72143 1.21342
2.75008 -3.75278 1.21357
2.74927 -3.77793 1.2135
2.75048 -3.74307 1.21355
20MABNDM000168_PR001 0
2.82862 -3.81806 3.12422
2.82865 -3.81806 3.12422
2.82866 -3.81805 3.12422
2.82868 -3.81805 3.12422
20MABNDM000168_20MABNDL000077 0
2.80947 -3.73909 2.69819
2.81701 -3.74151 2.69821
2.80946 -3.73911 2.69819
2.81712 -3.74153 2.69821
20MABNDL000196_PR036 0
-2.76861 -3.72903 0.976835
-2.7675 -3.69311 0.976408
-2.76625 -3.72556 0.976779
-2.76657 -3.74852 0.976886
20MABNDL000196_PR037 0
-2.7806 -3.73745 1.17294
-2.77149 -3.72146 1.17275
-2.76851 -3.69462 1.1724
-2.7659 -3.68678 1.17224
20MABNDL000196_PR012 0
-2.86961 -3.80393 3.12406
-2.86962 -3.80394 3.12406
-2.86962 -3.80395 3.12406
-2.86961 -3.80395 3.12406
20MABNDL000196_20MABNDM000020 0
-2.81136 -3.73465 2.68344
-2.81136 -3.73464 2.68344
-2.81136 -3.73465 2.68344
-2.81136 -3.73465 2.68344


*****************************************************************Rapport********************************************************************************** 
CAM-LBC-US_EBC-US-HO-H 2014.08.18.11.42.07 2.75377 -3.75903 1.01755 0.00117388 0.0424443 0.000181256 0 VRAI 
CAM-LBC-US_JDC-US-H 2014.08.18.11.42.07 2.75001 -3.75755 1.21349 0.000471431 0.0252121 6.86952e-05 0 VRAI 
CAM-LBC-US_EBA-US-IP-H 2014.08.18.11.42.07 2.82865 -3.81806 3.12422 2.44963e-05 2.11492e-06 0 0 VRAI 
CAM-LBC-US_CAM-LBA-US 2014.08.18.11.42.07 2.81327 -3.74031 2.6982 0.00379895 0.00120977 6.67572e-06 0 VRAI 
CAM-LBC-USA_EBC-USA-HO-H 2014.08.18.11.42.07 -2.76723 -3.72405 0.976727 0.000917087 0.0198937 0.000188186 0 VRAI 
CAM-LBC-USA_JDC-USA-H 2014.08.18.11.42.07 -2.77163 -3.71008 1.17258 0.00554629 0.0203743 0.000278899 0 VRAI 
CAM-LBC-USA_EBA-USA-IP-H 2014.08.18.11.42.07 -2.86961 -3.80394 3.12406 3.43594e-06 7.21265e-06 2.06477e-07 0 VRAI 
CAM-LBC-USA_CAM-LBA-USA 2014.08.18.11.42.07 -2.81136 -3.73465 2.68344 3.02754e-06 8.65807e-07 0 0 VRAI 
