********** Fichier qui contient une sauvegarde des coordonnees images + coordonnees images transformees dans le repere BCAM (MOUNT) + coordonnees des prismes dans le repere MOUNT********** 
********************************************************************** Unite en metres (m)************************************************************************************************** 

*******************************************************************coordonnees images dans le repere CCD *********************************************************************************** 
20MABNDB000135_PR027
Spot 1 0.002835 0.001165
Spot 2 0.003375 2.5e-05
Spot 1 0.002835 0.001165
Spot 2 0.003375 2.5e-05
Spot 1 0.002835 0.001165
Spot 2 0.003375 2.5e-05
Spot 1 0.002835 0.001165
Spot 2 0.003375 2.5e-05
Spot 1 0.002835 0.001165
Spot 2 0.003375 2.5e-05
20MABNDB000126_PR028
Spot 1 0.001615 9.5e-05
Spot 2 0.00328395 0.00033605
Spot 1 0.001615 9.5e-05
Spot 2 0.00328441 0.00033559
Spot 1 0.001615 9.5e-05
Spot 2 0.00328433 0.00033567
Spot 1 0.001615 9.5e-05
Spot 2 0.00328395 0.00033605
Spot 1 0.001615 9.5e-05
Spot 2 0.00328389 0.00033611
20MABNDA000272_PR038
Spot 1 0.000365 9.5e-05
Spot 2 0.000705 0.000125
Spot 1 0.000365 9.5e-05
Spot 2 0.000255 2.5e-05
Spot 1 0.000255 2.5e-05
Spot 2 0.003265 5.5e-05
Spot 1 0.000365 9.5e-05
Spot 2 0.000705 0.000125
Spot 1 0.000365 9.5e-05
Spot 2 0.000705 0.000125
20MABNDA000003_PR039
Spot 1 0.001035 5.5e-05
Spot 2 0.001385 7.5e-05
Spot 1 0.001035 5.5e-05
Spot 2 0.001385 7.5e-05
Spot 1 0.001035 5.5e-05
Spot 2 0.001385 7.5e-05
Spot 1 0.001035 5.5e-05
Spot 2 0.001385 7.5e-05
Spot 1 0.001035 5.5e-05
Spot 2 0.001385 7.5e-05


****************************************************************coordonnees images transformees dans le repere MOUNT************************************************************************* 
20MABNDB000135_PR027
Spot 1 -0.011567 -0.0129585 -0.074647
Spot 2 -0.0110397 -0.0141045 -0.074647
Spot 1 -0.011567 -0.0129585 -0.074647
Spot 2 -0.0110397 -0.0141045 -0.074647
Spot 1 -0.011567 -0.0129585 -0.074647
Spot 2 -0.0110397 -0.0141045 -0.074647
Spot 1 -0.011567 -0.0129585 -0.074647
Spot 2 -0.0110397 -0.0141045 -0.074647
Spot 1 -0.011567 -0.0129585 -0.074647
Spot 2 -0.0110397 -0.0141045 -0.074647
20MABNDB000126_PR028
Spot 1 -0.0125543 -0.0140873 -0.075004
Spot 2 -0.0108867 -0.0138373 -0.075004
Spot 1 -0.0125543 -0.0140873 -0.075004
Spot 2 -0.0108862 -0.0138378 -0.075004
Spot 1 -0.0125543 -0.0140873 -0.075004
Spot 2 -0.0108863 -0.0138377 -0.075004
Spot 1 -0.0125543 -0.0140873 -0.075004
Spot 2 -0.0108867 -0.0138373 -0.075004
Spot 1 -0.0125543 -0.0140873 -0.075004
Spot 2 -0.0108867 -0.0138373 -0.075004
20MABNDA000272_PR038
Spot 1 -0.0111991 0.0140137 -0.074179
Spot 2 -0.0115392 0.0139843 -0.074179
Spot 1 -0.0111991 0.0140137 -0.074179
Spot 2 -0.011089 0.0140835 -0.074179
Spot 1 -0.011089 0.0140835 -0.074179
Spot 2 -0.0140991 0.0140588 -0.074179
Spot 1 -0.0111991 0.0140137 -0.074179
Spot 2 -0.0115392 0.0139843 -0.074179
Spot 1 -0.0111991 0.0140137 -0.074179
Spot 2 -0.0115392 0.0139843 -0.074179
20MABNDA000003_PR039
Spot 1 -0.0118313 0.0139948 -0.073734
Spot 2 -0.0121814 0.0139757 -0.073734
Spot 1 -0.0118313 0.0139948 -0.073734
Spot 2 -0.0121814 0.0139757 -0.073734
Spot 1 -0.0118313 0.0139948 -0.073734
Spot 2 -0.0121814 0.0139757 -0.073734
Spot 1 -0.0118313 0.0139948 -0.073734
Spot 2 -0.0121814 0.0139757 -0.073734
Spot 1 -0.0118313 0.0139948 -0.073734
Spot 2 -0.0121814 0.0139757 -0.073734
20MABNDB000135_PR027
Spot 1 -0.011567 -0.0129585 -0.074647
Spot 2 -0.0110397 -0.0141045 -0.074647
Spot 1 -0.011567 -0.0129585 -0.074647
Spot 2 -0.0110397 -0.0141045 -0.074647
Spot 1 -0.011567 -0.0129585 -0.074647
Spot 2 -0.0110397 -0.0141045 -0.074647
Spot 1 -0.011567 -0.0129585 -0.074647
Spot 2 -0.0110397 -0.0141045 -0.074647
Spot 1 -0.011567 -0.0129585 -0.074647
Spot 2 -0.0110397 -0.0141045 -0.074647
20MABNDB000126_PR028
Spot 1 -0.0125543 -0.0140873 -0.075004
Spot 2 -0.0108867 -0.0138373 -0.075004
Spot 1 -0.0125543 -0.0140873 -0.075004
Spot 2 -0.0108862 -0.0138378 -0.075004
Spot 1 -0.0125543 -0.0140873 -0.075004
Spot 2 -0.0108863 -0.0138377 -0.075004
Spot 1 -0.0125543 -0.0140873 -0.075004
Spot 2 -0.0108867 -0.0138373 -0.075004
Spot 1 -0.0125543 -0.0140873 -0.075004
Spot 2 -0.0108867 -0.0138373 -0.075004
20MABNDA000272_PR038
Spot 1 -0.0111991 0.0140137 -0.074179
Spot 2 -0.0115392 0.0139843 -0.074179
Spot 1 -0.0111991 0.0140137 -0.074179
Spot 2 -0.011089 0.0140835 -0.074179
Spot 1 -0.011089 0.0140835 -0.074179
Spot 2 -0.0140991 0.0140588 -0.074179
Spot 1 -0.0111991 0.0140137 -0.074179
Spot 2 -0.0115392 0.0139843 -0.074179
Spot 1 -0.0111991 0.0140137 -0.074179
Spot 2 -0.0115392 0.0139843 -0.074179
20MABNDA000003_PR039
Spot 1 -0.0118313 0.0139948 -0.073734
Spot 2 -0.0121814 0.0139757 -0.073734
Spot 1 -0.0118313 0.0139948 -0.073734
Spot 2 -0.0121814 0.0139757 -0.073734
Spot 1 -0.0118313 0.0139948 -0.073734
Spot 2 -0.0121814 0.0139757 -0.073734
Spot 1 -0.0118313 0.0139948 -0.073734
Spot 2 -0.0121814 0.0139757 -0.073734
Spot 1 -0.0118313 0.0139948 -0.073734
Spot 2 -0.0121814 0.0139757 -0.073734
20MABNDB000135_PR027
Spot 1 -0.011567 -0.0129585 -0.074647
Spot 2 -0.0110397 -0.0141045 -0.074647
Spot 1 -0.011567 -0.0129585 -0.074647
Spot 2 -0.0110397 -0.0141045 -0.074647
Spot 1 -0.011567 -0.0129585 -0.074647
Spot 2 -0.0110397 -0.0141045 -0.074647
Spot 1 -0.011567 -0.0129585 -0.074647
Spot 2 -0.0110397 -0.0141045 -0.074647
Spot 1 -0.011567 -0.0129585 -0.074647
Spot 2 -0.0110397 -0.0141045 -0.074647
20MABNDB000126_PR028
Spot 1 -0.0125543 -0.0140873 -0.075004
Spot 2 -0.0108867 -0.0138373 -0.075004
Spot 1 -0.0125543 -0.0140873 -0.075004
Spot 2 -0.0108862 -0.0138378 -0.075004
Spot 1 -0.0125543 -0.0140873 -0.075004
Spot 2 -0.0108863 -0.0138377 -0.075004
Spot 1 -0.0125543 -0.0140873 -0.075004
Spot 2 -0.0108867 -0.0138373 -0.075004
Spot 1 -0.0125543 -0.0140873 -0.075004
Spot 2 -0.0108867 -0.0138373 -0.075004
20MABNDA000272_PR038
Spot 1 -0.0111991 0.0140137 -0.074179
Spot 2 -0.0115392 0.0139843 -0.074179
Spot 1 -0.0111991 0.0140137 -0.074179
Spot 2 -0.011089 0.0140835 -0.074179
Spot 1 -0.011089 0.0140835 -0.074179
Spot 2 -0.0140991 0.0140588 -0.074179
Spot 1 -0.0111991 0.0140137 -0.074179
Spot 2 -0.0115392 0.0139843 -0.074179
Spot 1 -0.0111991 0.0140137 -0.074179
Spot 2 -0.0115392 0.0139843 -0.074179
20MABNDA000003_PR039
Spot 1 -0.0118313 0.0139948 -0.073734
Spot 2 -0.0121814 0.0139757 -0.073734
Spot 1 -0.0118313 0.0139948 -0.073734
Spot 2 -0.0121814 0.0139757 -0.073734
Spot 1 -0.0118313 0.0139948 -0.073734
Spot 2 -0.0121814 0.0139757 -0.073734
Spot 1 -0.0118313 0.0139948 -0.073734
Spot 2 -0.0121814 0.0139757 -0.073734
Spot 1 -0.0118313 0.0139948 -0.073734
Spot 2 -0.0121814 0.0139757 -0.073734
20MABNDB000135_PR027
Spot 1 -0.011567 -0.0129585 -0.074647
Spot 2 -0.0110397 -0.0141045 -0.074647
Spot 1 -0.011567 -0.0129585 -0.074647
Spot 2 -0.0110397 -0.0141045 -0.074647
Spot 1 -0.011567 -0.0129585 -0.074647
Spot 2 -0.0110397 -0.0141045 -0.074647
Spot 1 -0.011567 -0.0129585 -0.074647
Spot 2 -0.0110397 -0.0141045 -0.074647
Spot 1 -0.011567 -0.0129585 -0.074647
Spot 2 -0.0110397 -0.0141045 -0.074647
20MABNDB000126_PR028
Spot 1 -0.0125543 -0.0140873 -0.075004
Spot 2 -0.0108867 -0.0138373 -0.075004
Spot 1 -0.0125543 -0.0140873 -0.075004
Spot 2 -0.0108862 -0.0138378 -0.075004
Spot 1 -0.0125543 -0.0140873 -0.075004
Spot 2 -0.0108863 -0.0138377 -0.075004
Spot 1 -0.0125543 -0.0140873 -0.075004
Spot 2 -0.0108867 -0.0138373 -0.075004
Spot 1 -0.0125543 -0.0140873 -0.075004
Spot 2 -0.0108867 -0.0138373 -0.075004
20MABNDA000272_PR038
Spot 1 -0.0111991 0.0140137 -0.074179
Spot 2 -0.0115392 0.0139843 -0.074179
Spot 1 -0.0111991 0.0140137 -0.074179
Spot 2 -0.011089 0.0140835 -0.074179
Spot 1 -0.011089 0.0140835 -0.074179
Spot 2 -0.0140991 0.0140588 -0.074179
Spot 1 -0.0111991 0.0140137 -0.074179
Spot 2 -0.0115392 0.0139843 -0.074179
Spot 1 -0.0111991 0.0140137 -0.074179
Spot 2 -0.0115392 0.0139843 -0.074179
20MABNDA000003_PR039
Spot 1 -0.0118313 0.0139948 -0.073734
Spot 2 -0.0121814 0.0139757 -0.073734
Spot 1 -0.0118313 0.0139948 -0.073734
Spot 2 -0.0121814 0.0139757 -0.073734
Spot 1 -0.0118313 0.0139948 -0.073734
Spot 2 -0.0121814 0.0139757 -0.073734
Spot 1 -0.0118313 0.0139948 -0.073734
Spot 2 -0.0121814 0.0139757 -0.073734
Spot 1 -0.0118313 0.0139948 -0.073734
Spot 2 -0.0121814 0.0139757 -0.073734
20MABNDB000135_PR027
Spot 1 -0.011567 -0.0129585 -0.074647
Spot 2 -0.0110397 -0.0141045 -0.074647
Spot 1 -0.011567 -0.0129585 -0.074647
Spot 2 -0.0110397 -0.0141045 -0.074647
Spot 1 -0.011567 -0.0129585 -0.074647
Spot 2 -0.0110397 -0.0141045 -0.074647
Spot 1 -0.011567 -0.0129585 -0.074647
Spot 2 -0.0110397 -0.0141045 -0.074647
Spot 1 -0.011567 -0.0129585 -0.074647
Spot 2 -0.0110397 -0.0141045 -0.074647
20MABNDB000126_PR028
Spot 1 -0.0125543 -0.0140873 -0.075004
Spot 2 -0.0108867 -0.0138373 -0.075004
Spot 1 -0.0125543 -0.0140873 -0.075004
Spot 2 -0.0108862 -0.0138378 -0.075004
Spot 1 -0.0125543 -0.0140873 -0.075004
Spot 2 -0.0108863 -0.0138377 -0.075004
Spot 1 -0.0125543 -0.0140873 -0.075004
Spot 2 -0.0108867 -0.0138373 -0.075004
Spot 1 -0.0125543 -0.0140873 -0.075004
Spot 2 -0.0108867 -0.0138373 -0.075004
20MABNDA000272_PR038
Spot 1 -0.0111991 0.0140137 -0.074179
Spot 2 -0.0115392 0.0139843 -0.074179
Spot 1 -0.0111991 0.0140137 -0.074179
Spot 2 -0.011089 0.0140835 -0.074179
Spot 1 -0.011089 0.0140835 -0.074179
Spot 2 -0.0140991 0.0140588 -0.074179
Spot 1 -0.0111991 0.0140137 -0.074179
Spot 2 -0.0115392 0.0139843 -0.074179
Spot 1 -0.0111991 0.0140137 -0.074179
Spot 2 -0.0115392 0.0139843 -0.074179
20MABNDA000003_PR039
Spot 1 -0.0118313 0.0139948 -0.073734
Spot 2 -0.0121814 0.0139757 -0.073734
Spot 1 -0.0118313 0.0139948 -0.073734
Spot 2 -0.0121814 0.0139757 -0.073734
Spot 1 -0.0118313 0.0139948 -0.073734
Spot 2 -0.0121814 0.0139757 -0.073734
Spot 1 -0.0118313 0.0139948 -0.073734
Spot 2 -0.0121814 0.0139757 -0.073734
Spot 1 -0.0118313 0.0139948 -0.073734
Spot 2 -0.0121814 0.0139757 -0.073734


*****************************************************************coordonnees du prisme dans le repere MOUNT********************************************************************************** 
20MABNDB000135_PR027
-0.0613805 0.00239963 2.74891
-0.0613805 0.00239963 2.74891
-0.0613805 0.00239963 2.74891
-0.0613805 0.00239963 2.74891
-0.0613805 0.00239963 2.74891
20MABNDB000126_PR028
-0.0395259 0.0120859 2.14665
-0.0395325 0.0120924 2.14665
-0.0395313 0.0120913 2.14665
-0.0395259 0.0120859 2.14665
-0.039525 0.012085 2.14665
20MABNDA000272_PR038
-0.060084 -0.0199211 2.74905
-0.0683274 -0.0217362 2.74887
-0.0152063 -0.0225701 2.74943
-0.060084 -0.0199211 2.74905
-0.060084 -0.0199211 2.74905
20MABNDA000003_PR039
-0.0326451 -0.0118988 2.14887
-0.0326451 -0.0118988 2.14887
-0.0326451 -0.0118988 2.14887
-0.0326451 -0.0118988 2.14887
-0.0326451 -0.0118988 2.14887


*****************************************************************coordonnees du prisme dans le repere ATLAS********************************************************************************** 
20MABNDB000135_PR027 0
2.55998 -4.19752 -3.83613
2.55998 -4.19752 -3.83613
2.55998 -4.19752 -3.83613
2.55998 -4.19752 -3.83613
2.55998 -4.19752 -3.83613
20MABNDB000126_PR028 0
2.58637 -4.19738 -5.94429
2.58636 -4.19738 -5.9443
2.58636 -4.19738 -5.9443
2.58637 -4.19738 -5.94429
2.58637 -4.19738 -5.94429
20MABNDA000272_PR038 0
-2.56445 -4.19757 -3.85842
-2.55621 -4.19775 -3.86023
-2.60933 -4.19722 -3.86106
-2.56445 -4.19757 -3.85842
-2.56445 -4.19757 -3.85842
20MABNDA000003_PR039 0
-2.58908 -4.1973 -5.94466
-2.58908 -4.1973 -5.94466
-2.58908 -4.1973 -5.94466
-2.58908 -4.1973 -5.94466
-2.58908 -4.1973 -5.94466


*****************************************************************Rapport********************************************************************************** 
CAM-EBC-US-IP_EBC-US-IP 2014.08.15.13.55.08 2.55998 -4.19752 -3.83613 0 0 0 0 VRAI 
CAM-EBC-US-HO_EBC-US-HO 2014.08.15.13.55.08 2.58636 -4.19738 -5.94429 3.06069e-06 2.33602e-07 3.12828e-06 0 VRAI 
CAM-EBC-USA-IP_EBC-USA-IP 2014.08.15.13.55.08 -2.57178 -4.19754 -3.85931 0.0190452 0.000173748 0.00112255 0 VRAI 
CAM-EBC-USA-HO_EBC-USA-HO 2014.08.15.13.55.08 -2.58908 -4.1973 -5.94466 0 0 0 0 VRAI 
