********** Fichier qui contient une sauvegarde des coordonnees images + coordonnees images transformees dans le repere BCAM (MOUNT) + coordonnees des prismes dans le repere MOUNT********** 
********************************************************************** Unite en metres (m)************************************************************************************************** 

*******************************************************************coordonnees images dans le repere CCD *********************************************************************************** 
20MABNDB000135_PR027
Spot 1     0.00189082     0.00092207
Spot 2     0.00210921     0.00092473
Spot 1     0.00189069     0.00092228
Spot 2     0.00210913     0.00092500
Spot 1     0.00189074     0.00092223
Spot 2     0.00210908     0.00092500
Spot 1     0.00189067     0.00092226
Spot 2     0.00210920     0.00092500
Spot 1     0.00189076     0.00092220
Spot 2     0.00210931     0.00092514
Spot 1     0.00189066     0.00092236
Spot 2     0.00210916     0.00092495
Spot 1     0.00189078     0.00092221
Spot 2     0.00210929     0.00092495
Spot 1     0.00189065     0.00092232
Spot 2     0.00210925     0.00092495
20MABNDB000126_PR028
Spot 1     0.00193413     0.00200482
Spot 2     0.00165158     0.00200310
Spot 1     0.00193417     0.00200500
Spot 2     0.00165151     0.00200317
Spot 1     0.00193428     0.00200479
Spot 2     0.00165164     0.00200313
Spot 1     0.00193415     0.00200487
Spot 2     0.00165149     0.00200326
Spot 1     0.00193412     0.00200490
Spot 2     0.00165156     0.00200313
Spot 1     0.00193415     0.00200482
Spot 2     0.00165156     0.00200314
Spot 1     0.00193412     0.00200474
Spot 2     0.00165155     0.00200319
Spot 1     0.00193413     0.00200490
Spot 2     0.00165157     0.00200327
20MABNDA000272_PR038
Spot 1     0.00192431     0.00096860
Spot 2     0.00169892     0.00096826
Spot 1     0.00192435     0.00096868
Spot 2     0.00169904     0.00096831
Spot 1     0.00192427     0.00096878
Spot 2     0.00169897     0.00096830
Spot 1     0.00192439     0.00096865
Spot 2     0.00169899     0.00096811
Spot 1     0.00192447     0.00096863
Spot 2     0.00169872     0.00096839
Spot 1     0.00192420     0.00096864
Spot 2     0.00169891     0.00096830
Spot 1     0.00192431     0.00096863
Spot 2     0.00169889     0.00096833
Spot 1     0.00192416     0.00096863
Spot 2     0.00169888     0.00096822
20MABNDA000003_PR039
Spot 1     0.00200672     0.00192924
Spot 2     0.00228399     0.00192852
Spot 1     0.00200644     0.00192935
Spot 2     0.00228408     0.00192851
Spot 1     0.00200656     0.00192934
Spot 2     0.00228392     0.00192851
Spot 1     0.00200664     0.00192927
Spot 2     0.00228408     0.00192851
Spot 1     0.00200661     0.00192948
Spot 2     0.00228408     0.00192863
Spot 1     0.00200664     0.00192920
Spot 2     0.00228408     0.00192839
Spot 1     0.00200659     0.00192923
Spot 2     0.00228406     0.00192848
Spot 1     0.00200657     0.00192940
Spot 2     0.00228404     0.00192850


****************************************************************coordonnees images transformees dans le repere MOUNT************************************************************************* 
20MABNDB000135_PR027
Spot 1    -0.01251378    -0.01319095    -0.07464699
Spot 2    -0.01229538    -0.01319072    -0.07464699
Spot 1    -0.01251391    -0.01319074    -0.07464699
Spot 2    -0.01229545    -0.01319045    -0.07464699
Spot 1    -0.01251386    -0.01319079    -0.07464699
Spot 2    -0.01229551    -0.01319045    -0.07464699
Spot 1    -0.01251393    -0.01319076    -0.07464699
Spot 2    -0.01229538    -0.01319045    -0.07464699
Spot 1    -0.01251384    -0.01319082    -0.07464699
Spot 2    -0.01229527    -0.01319031    -0.07464699
Spot 1    -0.01251394    -0.01319066    -0.07464699
Spot 2    -0.01229543    -0.01319050    -0.07464699
Spot 1    -0.01251382    -0.01319081    -0.07464699
Spot 2    -0.01229530    -0.01319050    -0.07464699
Spot 1    -0.01251395    -0.01319070    -0.07464699
Spot 2    -0.01229534    -0.01319050    -0.07464699
20MABNDB000126_PR028
Spot 1    -0.01224539    -0.01217581    -0.07500400
Spot 2    -0.01252792    -0.01217903    -0.07500400
Spot 1    -0.01224535    -0.01217563    -0.07500400
Spot 2    -0.01252799    -0.01217896    -0.07500400
Spot 1    -0.01224524    -0.01217584    -0.07500400
Spot 2    -0.01252786    -0.01217900    -0.07500400
Spot 1    -0.01224537    -0.01217576    -0.07500400
Spot 2    -0.01252801    -0.01217888    -0.07500400
Spot 1    -0.01224540    -0.01217573    -0.07500400
Spot 2    -0.01252794    -0.01217900    -0.07500400
Spot 1    -0.01224537    -0.01217581    -0.07500400
Spot 2    -0.01252794    -0.01217899    -0.07500400
Spot 1    -0.01224540    -0.01217589    -0.07500400
Spot 2    -0.01252795    -0.01217895    -0.07500400
Spot 1    -0.01224539    -0.01217573    -0.07500400
Spot 2    -0.01252793    -0.01217887    -0.07500400
20MABNDA000272_PR038
Spot 1    -0.01275999     0.01314287    -0.07417900
Spot 2    -0.01253460     0.01314281    -0.07417900
Spot 1    -0.01276003     0.01314279    -0.07417900
Spot 2    -0.01253472     0.01314276    -0.07417900
Spot 1    -0.01275995     0.01314269    -0.07417900
Spot 2    -0.01253465     0.01314277    -0.07417900
Spot 1    -0.01276007     0.01314282    -0.07417900
Spot 2    -0.01253467     0.01314296    -0.07417900
Spot 1    -0.01276015     0.01314284    -0.07417900
Spot 2    -0.01253440     0.01314268    -0.07417900
Spot 1    -0.01275988     0.01314283    -0.07417900
Spot 2    -0.01253459     0.01314277    -0.07417900
Spot 1    -0.01275999     0.01314284    -0.07417900
Spot 2    -0.01253457     0.01314274    -0.07417900
Spot 1    -0.01275984     0.01314284    -0.07417900
Spot 2    -0.01253456     0.01314285    -0.07417900
20MABNDA000003_PR039
Spot 1    -0.01280781     0.01212304    -0.07373400
Spot 2    -0.01308508     0.01212446    -0.07373400
Spot 1    -0.01280753     0.01212293    -0.07373400
Spot 2    -0.01308517     0.01212448    -0.07373400
Spot 1    -0.01280765     0.01212294    -0.07373400
Spot 2    -0.01308501     0.01212448    -0.07373400
Spot 1    -0.01280773     0.01212301    -0.07373400
Spot 2    -0.01308517     0.01212448    -0.07373400
Spot 1    -0.01280770     0.01212280    -0.07373400
Spot 2    -0.01308517     0.01212435    -0.07373400
Spot 1    -0.01280773     0.01212308    -0.07373400
Spot 2    -0.01308517     0.01212460    -0.07373400
Spot 1    -0.01280768     0.01212305    -0.07373400
Spot 2    -0.01308515     0.01212450    -0.07373400
Spot 1    -0.01280766     0.01212288    -0.07373400
Spot 2    -0.01308513     0.01212449    -0.07373400


*****************************************************************coordonnees du prisme dans le repere MOUNT********************************************************************************** 
20MABNDB000135_PR027
   -0.02100293    -0.01009151     2.74937153
   -0.02099918    -0.01010034     2.74937153
   -0.02099918    -0.01009944     2.74937153
   -0.02100010    -0.01009998     2.74937153
   -0.02100379    -0.01010140     2.74937153
   -0.02099918    -0.01010089     2.74937153
   -0.02100374    -0.01009810     2.74937153
   -0.02100065    -0.01010014     2.74937153
20MABNDB000126_PR028
   -0.02053837    -0.03879204     2.14679646
   -0.02053793    -0.03879560     2.14679646
   -0.02054137    -0.03879204     2.14679646
   -0.02053736    -0.03879502     2.14679646
   -0.02053795    -0.03879360     2.14679646
   -0.02053837    -0.03879261     2.14679646
   -0.02053781    -0.03879217     2.14679646
   -0.02053823    -0.03879559     2.14679646
20MABNDA000272_PR038
   -0.01325509     0.01144749     2.74965906
   -0.01325215     0.01144986     2.74965906
   -0.01325490     0.01145153     2.74965906
   -0.01325234     0.01144565     2.74965906
   -0.01325582     0.01145043     2.74965906
   -0.01325729     0.01144897     2.74965906
   -0.01325564     0.01144933     2.74965906
   -0.01325857     0.01144732     2.74965906
20MABNDA000003_PR039
   -0.00577665     0.04130467     2.14891410
   -0.00577936     0.04130610     2.14891410
   -0.00577994     0.04130596     2.14891410
   -0.00577650     0.04130495     2.14891410
   -0.00577693     0.04130967     2.14891410
   -0.00577651     0.04130223     2.14891410
   -0.00577751     0.04130396     2.14891410
   -0.00577807     0.04130666     2.14891410


*****************************************************************coordonnees du prisme dans le repere ATLAS********************************************************************************** 
20MABNDB000135_PR027 0.00300000
    2.60043025    -4.19476509    -3.82387280
    2.60043406    -4.19476509    -3.82386398
    2.60043406    -4.19476509    -3.82386494
    2.60043311    -4.19476509    -3.82386446
    2.60042930    -4.19476509    -3.82386303
    2.60043406    -4.19476509    -3.82386351
    2.60042953    -4.19476509    -3.82386637
    2.60043263    -4.19476509    -3.82386422
20MABNDB000126_PR028 0.00300000
    2.60537863    -4.19402027    -5.89342499
    2.60537887    -4.19402027    -5.89342117
    2.60537553    -4.19402027    -5.89342499
    2.60537958    -4.19402027    -5.89342213
    2.60537887    -4.19402027    -5.89342356
    2.60537863    -4.19402027    -5.89342451
    2.60537910    -4.19402027    -5.89342499
    2.60537863    -4.19402027    -5.89342117
20MABNDA000272_PR038 0.00300000
   -2.61127830    -4.19398260    -3.82703805
   -2.61128116    -4.19398260    -3.82703567
   -2.61127853    -4.19398260    -3.82703400
   -2.61128092    -4.19398260    -3.82703996
   -2.61127758    -4.19398260    -3.82703519
   -2.61127615    -4.19398260    -3.82703662
   -2.61127758    -4.19398260    -3.82703638
   -2.61127472    -4.19398260    -3.82703829
20MABNDA000003_PR039 0.00300000
   -2.61594915    -4.19402313    -5.89146090
   -2.61594653    -4.19402313    -5.89145947
   -2.61594605    -4.19402313    -5.89145994
   -2.61594939    -4.19402313    -5.89146090
   -2.61594892    -4.19402313    -5.89145613
   -2.61594939    -4.19402313    -5.89146328
   -2.61594844    -4.19402313    -5.89146185
   -2.61594772    -4.19402313    -5.89145899


*****************************************************************Rapport********************************************************************************** 
CAM-EBC-US-IP_EBC-US-IP        2014.11.06.10.04.43     2.60043213    -4.19476509    -3.82386541     0.00000196     0.00000000     0.00000295 0.00300000 VRAI 
CAM-EBC-US-HO_EBC-US-HO        2014.11.06.10.04.43     2.60537848    -4.19402027    -5.89342344     0.00000116     0.00000000     0.00000159 0.00300000 VRAI 
CAM-EBC-USA-IP_EBC-USA-IP      2014.11.06.10.04.43    -2.61127812    -4.19398260    -3.82703677     0.00000204     0.00000000     0.00000179 0.00300000 VRAI 
CAM-EBC-USA-HO_EBC-USA-HO      2014.11.06.10.04.43    -2.61594820    -4.19402313    -5.89146018     0.00000122     0.00000000     0.00000199 0.00300000 VRAI 
