********** Fichier qui contient une sauvegarde des coordonnees images + coordonnees images transformees dans le repere BCAM (MOUNT) + coordonnees des prismes dans le repere MOUNT********** 
********************************************************************** Unite en metres (m)************************************************************************************************** 

*******************************************************************coordonnees images dans le repere CCD *********************************************************************************** 
20MABNDL000077_PR002
Spot 1 0.00233463 0.00163376
Spot 2 -1e-06 -1e-06
Spot 1 0.00233463 0.00163365
Spot 2 0.002395 0.00163
Spot 1 0.00233455 0.00163377
Spot 2 0.0024 0.00163
Spot 1 0.00233457 0.00163376
Spot 2 0.0024 0.00163
Spot 1 0.00233463 0.00163376
Spot 2 0.0024 0.00163
Spot 1 0.00233465 0.00163382
Spot 2 0.0024 0.00163
Spot 1 0.00233493 0.00163382
Spot 2 0.002399 0.001631
20MABNDL000077_PR003
Spot 1 -1e-06 -1e-06
Spot 2 -1e-06 -1e-06
Spot 1 -1e-06 -1e-06
Spot 2 -1e-06 -1e-06
Spot 1 -1e-06 -1e-06
Spot 2 -1e-06 -1e-06
Spot 1 -1e-06 -1e-06
Spot 2 -1e-06 -1e-06
Spot 1 -1e-06 -1e-06
Spot 2 -1e-06 -1e-06
Spot 1 -1e-06 -1e-06
Spot 2 -1e-06 -1e-06
Spot 1 -1e-06 -1e-06
Spot 2 -1e-06 -1e-06
20MABNDL000077_20MAB
Spot 1 0.00233454 0.00163366
Spot 2 0.002395 0.00163
Spot 1 0.00233488 0.00163373
Spot 2 0.0024 0.00163
Spot 1 0.00233464 0.00163381
Spot 2 0.0024 0.00163
Spot 1 0.00233453 0.00163386
Spot 2 0.0024 0.00163
Spot 1 0.00233449 0.00163372
Spot 2 0.0024 0.00163
Spot 1 0.00233435 0.00163414
Spot 2 0.00239929 0.00162929
Spot 1 0.00233447 0.00163359
Spot 2 0.002405 0.001635
20MABNDM000020_PR013
Spot 1 0.00154953 0.00077316
Spot 2 -1e-06 -1e-06
Spot 1 0.00154929 0.0007731
Spot 2 -1e-06 -1e-06
Spot 1 0.00154918 0.00077331
Spot 2 -1e-06 -1e-06
Spot 1 0.00154906 0.00077331
Spot 2 -1e-06 -1e-06
Spot 1 0.00154967 0.00077314
Spot 2 -1e-06 -1e-06
Spot 1 0.00154921 0.00077323
Spot 2 -1e-06 -1e-06
Spot 1 0.00154926 0.00077301
Spot 2 -1e-06 -1e-06
20MABNDM000020_PR014
Spot 1 -1e-06 -1e-06
Spot 2 -1e-06 -1e-06
Spot 1 -1e-06 -1e-06
Spot 2 -1e-06 -1e-06
Spot 1 -1e-06 -1e-06
Spot 2 -1e-06 -1e-06
Spot 1 -1e-06 -1e-06
Spot 2 -1e-06 -1e-06
Spot 1 -1e-06 -1e-06
Spot 2 -1e-06 -1e-06
Spot 1 -1e-06 -1e-06
Spot 2 -1e-06 -1e-06
Spot 1 -1e-06 -1e-06
Spot 2 -1e-06 -1e-06
20MABNDM000020_20MAB
Spot 1 0.0015491 0.00077302
Spot 2 -1e-06 -1e-06
Spot 1 0.00154952 0.00077312
Spot 2 -1e-06 -1e-06
Spot 1 0.001549 0.0007733
Spot 2 -1e-06 -1e-06
Spot 1 0.00154914 0.00077328
Spot 2 -1e-06 -1e-06
Spot 1 0.00154931 0.00077302
Spot 2 -1e-06 -1e-06
Spot 1 0.0015492 0.00077306
Spot 2 -1e-06 -1e-06
Spot 1 0.00154938 0.00077324
Spot 2 -1e-06 -1e-06


****************************************************************coordonnees images transformees dans le repere MOUNT************************************************************************* 
20MABNDL000077_PR002
Spot 1 0.0134062 0.0356944 -0.074632
Spot 2 0.0110549 0.0340822 -0.074632
Spot 1 -0.0131743 0.0356908 -0.006954
Spot 2 -0.0108221 0.03408 -0.006954
Spot 1 0.0134062 0.0356943 -0.074632
Spot 2 0.0134665 0.0356901 -0.074632
Spot 1 -0.0131743 0.0356907 -0.006954
Spot 2 -0.0132347 0.0356864 -0.006954
Spot 1 0.0134061 0.0356944 -0.074632
Spot 2 0.0134715 0.03569 -0.074632
Spot 1 -0.0131743 0.0356908 -0.006954
Spot 2 -0.0132397 0.0356864 -0.006954
Spot 1 0.0134061 0.0356944 -0.074632
Spot 2 0.0134715 0.03569 -0.074632
Spot 1 -0.0131743 0.0356908 -0.006954
Spot 2 -0.0132397 0.0356864 -0.006954
Spot 1 0.0134062 0.0356944 -0.074632
Spot 2 0.0134715 0.03569 -0.074632
Spot 1 -0.0131743 0.0356908 -0.006954
Spot 2 -0.0132397 0.0356864 -0.006954
Spot 1 0.0134062 0.0356945 -0.074632
Spot 2 0.0134715 0.03569 -0.074632
Spot 1 -0.0131744 0.0356909 -0.006954
Spot 2 -0.0132397 0.0356864 -0.006954
Spot 1 0.0134065 0.0356945 -0.074632
Spot 2 0.0134705 0.035691 -0.074632
Spot 1 -0.0131746 0.0356909 -0.006954
Spot 2 -0.0132387 0.0356874 -0.006954


*****************************************************************coordonnees du prisme dans le repere MOUNT********************************************************************************** 
20MABNDL000077_PR002
0.0354925 0.0551863 3.707
0.0227927 0.0552083 3.66669
-3.57146 0.0897358 -1.03138
-3.58416 0.0897578 -1.07169
3.56492 0.0922242 1.05798
3.55222 0.0922462 1.01766
-0.0341187 0.0547888 -3.74713
-0.0468185 0.0548108 -3.78745
-0.0240746 0.0154738 3.70688
-0.0367743 0.0154958 3.66657
-3.58295 -0.022842 -0.988684
-3.59565 -0.02282 -1.029
3.57814 -0.0207689 1.01247
3.56544 -0.0207469 0.972153
0.0258236 0.0148793 -3.74718
0.0131238 0.0149013 -3.7875
-0.0241961 0.015472 3.70688
-0.0368959 0.0154941 3.66657
-3.58297 -0.0228417 -0.9886
-3.59567 -0.0228197 -1.02892
3.57817 -0.0207685 1.01238
3.56547 -0.0207465 0.972064
0.0259459 0.0148777 -3.74718
0.0132461 0.0148997 -3.7875
-0.0241966 0.0154723 3.70688
-0.0368963 0.0154943 3.66657
-3.58297 -0.0228409 -0.9886
-3.59567 -0.0228189 -1.02891
3.57817 -0.0207677 1.01238
3.56547 -0.0207457 0.972064
0.0259464 0.0148779 -3.74718
0.0132466 0.0148999 -3.7875
-0.0241981 0.0154723 3.70688
-0.0368978 0.0154943 3.66657
-3.58297 -0.0228409 -0.988599
-3.59567 -0.0228189 -1.02891
3.57817 -0.0207677 1.01238
3.56547 -0.0207457 0.972063
0.0259478 0.0148779 -3.74718
0.0132481 0.0148999 -3.7875
-0.0241986 0.0154709 3.70688
-0.0368983 0.0154929 3.66657
-3.58297 -0.0228449 -0.988598
-3.59567 -0.0228229 -1.02891
3.57817 -0.0207718 1.01238
3.56547 -0.0207498 0.972062
0.0259484 0.0148765 -3.74718
0.0132486 0.0148985 -3.7875
-0.0241811 0.0154459 3.70688
-0.0368808 0.0154679 3.66657
-3.58297 -0.0229149 -0.98861
-3.59567 -0.0228929 -1.02893
3.57816 -0.0208417 1.01239
3.56546 -0.0208197 0.972075
0.0259307 0.0148515 -3.74718
0.013231 0.0148735 -3.7875


*****************************************************************coordonnees du prisme dans le repere ATLAS********************************************************************************** 
20MABNDL000077_PR002 0
2.80185 -3.70901 6.4863
2.80178 -3.72166 6.44597
2.76151 -7.31011 1.74351
2.76144 -7.32276 1.70318
2.76334 -0.17631 3.84166
2.76327 -0.18896 3.80133
2.79491 -3.76943 -0.967911
2.79485 -3.78208 -1.00824
2.84154 -3.76859 6.48606
2.84148 -3.78124 6.44573
2.87412 -7.32169 1.78608
2.87406 -7.33434 1.74575
2.87629 -0.163069 3.79606
2.87622 -0.175718 3.75573
2.83484 -3.7095 -0.96793
2.83478 -3.72215 -1.00826
2.84155 -3.76871 6.48606
2.84148 -3.78136 6.44573
2.87412 -7.32171 1.78616
2.87406 -7.33436 1.74583
2.87629 -0.163043 3.79597
2.87622 -0.175693 3.75564
2.83484 -3.70938 -0.967929
2.83478 -3.72203 -1.00826
2.84155 -3.76871 6.48606
2.84148 -3.78136 6.44573
2.87412 -7.32171 1.78616
2.87405 -7.33436 1.74583
2.87629 -0.163043 3.79597
2.87622 -0.175693 3.75564
2.83484 -3.70938 -0.967929
2.83478 -3.72203 -1.00826
2.84155 -3.76871 6.48606
2.84148 -3.78136 6.44573
2.87412 -7.32171 1.78617
2.87405 -7.33436 1.74584
2.87629 -0.163043 3.79597
2.87622 -0.175693 3.75564
2.83484 -3.70938 -0.967929
2.83478 -3.72203 -1.00826
2.84155 -3.76871 6.48606
2.84148 -3.78136 6.44573
2.87412 -7.32171 1.78617
2.87406 -7.33436 1.74584
2.87629 -0.163043 3.79597
2.87623 -0.175693 3.75564
2.83485 -3.70938 -0.967929
2.83478 -3.72203 -1.00826
2.84157 -3.7687 6.48606
2.84151 -3.78135 6.44573
2.87419 -7.3217 1.78615
2.87413 -7.33435 1.74582
2.87636 -0.163047 3.79598
2.8763 -0.175697 3.75565
2.83487 -3.70939 -0.967929
2.8348 -3.72204 -1.00826


*****************************************************************Rapport********************************************************************************** 
CAM-LBA-US_EBA-US-HO-H 2014.08.15.11.51.28 2.84577 -3.74711 2.75502 0.0325432 2.52981 2.73082 0 VRAI 
