********** Fichier qui contient une sauvegarde des coordonnees images + coordonnees images transformees dans le repere BCAM (MOUNT) + coordonnees des prismes dans le repere MOUNT********** 
********************************************************************** Unite en metres (m)************************************************************************************************** 

*******************************************************************coordonnees images dans le repere CCD *********************************************************************************** 
20MABNDB000212_PR029
Spot 1   0.00177500   0.00007500
Spot 2   0.00336500   0.00001500
Spot 1   0.00177500   0.00007500
Spot 2   0.00336500   0.00001500
Spot 1   0.00177500   0.00007500
Spot 2   0.00336500   0.00001500
Spot 1   0.00177500   0.00007500
Spot 2   0.00075500   0.00008500
Spot 1   0.00177500   0.00007500
Spot 2   0.00336500   0.00001500
Spot 1   0.00177500   0.00007500
Spot 2   0.00336500   0.00001500
20MABNDB000128_PR030
Spot 1   0.00219113   0.00042440
Spot 2   0.00198425   0.00042143
Spot 1   0.00219113   0.00042446
Spot 2   0.00198430   0.00042143
Spot 1   0.00219111   0.00042463
Spot 2   0.00198427   0.00042149
Spot 1   0.00219114   0.00042439
Spot 2   0.00198435   0.00042130
Spot 1   0.00219126   0.00042471
Spot 2   0.00198467   0.00042159
20MABNDA000444_PR040
Spot 1   0.00208258   0.00005712
Spot 2   0.00166638   0.00006854
Spot 1   0.00157652   0.00005439
Spot 2   0.00193841   0.00005705
Spot 1   0.00168405   0.00008838
Spot 2   0.00150418   0.00005582
Spot 1   0.00146865   0.00007821
Spot 2   0.00166185   0.00007664
Spot 1   0.00185878   0.00005400
Spot 2   0.00167560   0.00005428
20MABNDA000053_PR041
Spot 1   0.00179724   0.00083457
Spot 2   0.00201235   0.00083885
Spot 1   0.00179718   0.00083472
Spot 2   0.00201249   0.00083860
Spot 1   0.00179705   0.00083460
Spot 2   0.00201220   0.00083868
Spot 1   0.00179749   0.00083463
Spot 2   0.00201234   0.00083861
Spot 1   0.00179736   0.00083478
Spot 2   0.00201247   0.00083848


****************************************************************coordonnees images transformees dans le repere MOUNT************************************************************************* 
20MABNDB000212_PR029
Spot 1  -0.01231950  -0.01390134  -0.07390500
Spot 2  -0.01073023  -0.01397831  -0.07390500
Spot 1  -0.01231950  -0.01390134  -0.07390500
Spot 2  -0.01073023  -0.01397831  -0.07390500
Spot 1  -0.01231950  -0.01390134  -0.07390500
Spot 2  -0.01073023  -0.01397831  -0.07390500
Spot 1  -0.01231950  -0.01390134  -0.07390500
Spot 2  -0.01333934  -0.01388045  -0.07390500
Spot 1  -0.01231950  -0.01390134  -0.07390500
Spot 2  -0.01073023  -0.01397831  -0.07390500
Spot 1  -0.01231950  -0.01390134  -0.07390500
Spot 2  -0.01073023  -0.01397831  -0.07390500
20MABNDB000128_PR030
Spot 1  -0.01215854  -0.01379190  -0.07353400
Spot 2  -0.01236541  -0.01379559  -0.07353400
Spot 1  -0.01215854  -0.01379184  -0.07353400
Spot 2  -0.01236536  -0.01379559  -0.07353400
Spot 1  -0.01215856  -0.01379167  -0.07353400
Spot 2  -0.01236539  -0.01379553  -0.07353400
Spot 1  -0.01215853  -0.01379191  -0.07353400
Spot 2  -0.01236531  -0.01379572  -0.07353400
Spot 1  -0.01215841  -0.01379159  -0.07353400
Spot 2  -0.01236499  -0.01379543  -0.07353400
20MABNDA000444_PR040
Spot 1  -0.01302607   0.01395570  -0.07412000
Spot 2  -0.01260976   0.01394956  -0.07412000
Spot 1  -0.01252008   0.01396485  -0.07412000
Spot 2  -0.01288191   0.01395760  -0.07412000
Spot 1  -0.01262717   0.01392950  -0.07412000
Spot 2  -0.01244773   0.01396434  -0.07412000
Spot 1  -0.01241192   0.01394240  -0.07412000
Spot 2  -0.01260512   0.01394152  -0.07412000
Spot 1  -0.01280233   0.01396166  -0.07412000
Spot 2  -0.01261916   0.01396370  -0.07412000
20MABNDA000053_PR041
Spot 1  -0.01253130   0.01327849  -0.07430100
Spot 2  -0.01274646   0.01327841  -0.07430100
Spot 1  -0.01253125   0.01327834  -0.07430100
Spot 2  -0.01274659   0.01327866  -0.07430100
Spot 1  -0.01253111   0.01327845  -0.07430100
Spot 2  -0.01274630   0.01327857  -0.07430100
Spot 1  -0.01253155   0.01327843  -0.07430100
Spot 2  -0.01274644   0.01327865  -0.07430100
Spot 1  -0.01253143   0.01327828  -0.07430100
Spot 2  -0.01274657   0.01327878  -0.07430100


*****************************************************************coordonnees du prisme dans le repere MOUNT********************************************************************************** 
20MABNDB000212_PR029
 -0.03657360   0.00603888   1.64200830
 -0.03657360   0.00603888   1.64200830
 -0.03657360   0.00603888   1.64200830
 -0.00796706   0.00496795   1.64218855
 -0.03657360   0.00603888   1.64200830
 -0.03657360   0.00603888   1.64200830
20MABNDB000128_PR030
 -0.02284203   0.01512902   2.95501065
 -0.02284302   0.01512784   2.95501065
 -0.02284201   0.01512332   2.95501065
 -0.02284421   0.01513176   2.95501065
 -0.02285281   0.01511975   2.95501065
20MABNDA000444_PR040
 -0.00944390  -0.00517674   1.64494252
 -0.01200497  -0.00536502   1.64494336
 -0.01558758  -0.00505166   1.64494443
 -0.01622131  -0.00494304   1.64494443
 -0.01179155  -0.00539693   1.64494300
20MABNDA000053_PR041
 -0.01356095   0.00554417   2.95477128
 -0.01355943   0.00554216   2.95477128
 -0.01356770   0.00554154   2.95477104
 -0.01355632   0.00554054   2.95477104
 -0.01355631   0.00554094   2.95477104


*****************************************************************coordonnees du prisme dans le repere ATLAS********************************************************************************** 
20MABNDB000212_PR029 0.00000000
  2.61025023  -4.19523287  -6.53295040
  2.61025023  -4.19523287  -6.53295040
  2.61025023  -4.19523287  -6.53295040
  2.58164358  -4.19506884  -6.53402042
  2.61025023  -4.19523287  -6.53295040
  2.61025023  -4.19523287  -6.53295040
20MABNDB000128_PR030 0.00000000
  2.60603237  -4.14011908  -6.99325800
  2.60603142  -4.14011908  -6.99325705
  2.60603237  -4.14011908  -6.99325228
  2.60603023  -4.14011908  -6.99326086
  2.60602164  -4.14011908  -6.99324894
20MABNDA000444_PR040 0.00000000
 -2.58461618  -4.19506264  -6.53400612
 -2.58717728  -4.19506216  -6.53381777
 -2.59075999  -4.19506168  -6.53413057
 -2.59139371  -4.19506168  -6.53423929
 -2.58696389  -4.19506264  -6.53378582
20MABNDA000053_PR041 0.00000000
 -2.60698318  -4.13995361  -6.97237206
 -2.60698462  -4.13995361  -6.97237396
 -2.60697627  -4.13995409  -6.97237444
 -2.60698771  -4.13995409  -6.97237539
 -2.60698771  -4.13995409  -6.97237492


*****************************************************************Rapport********************************************************************************** 
CAM-JDC-US-IP_JDC-US-IP     2014.09.12.15.07.44   2.60548246  -4.19520553  -6.53312874   0.01066107   0.00006113   0.00039877 0.00000000 VRAI 
CAM-JDC-US-HO_JDC-US-HO     2014.09.12.15.07.44   2.60602961  -4.14011908  -6.99325542   0.00000406   0.00000000   0.00000426 0.00000000 VRAI 
CAM-JDC-USA-IP_JDC-USA-IP   2014.09.12.15.07.44  -2.58818221  -4.19506216  -6.53399591   0.00253651   0.00000043   0.00017513 0.00000000 VRAI 
CAM-JDC-USA-HO_JDC-USA-HO   2014.09.12.15.07.44  -2.60698390  -4.13995390  -6.97237415   0.00000420   0.00000023   0.00000115 0.00000000 VRAI 
