********** Fichier qui contient une sauvegarde des coordonnees images + coordonnees images transformees dans le repere BCAM (MOUNT) + coordonnees des prismes dans le repere MOUNT********** 
********************************************************************** Unite en metres (m)************************************************************************************************** 

*******************************************************************coordonnees images dans le repere CCD *********************************************************************************** 
20MABNDB000135_PR027
Spot 1 0.00185496 0.00124715
Spot 2 0.00209323 0.00124921
Spot 1 0.00185486 0.00124729
Spot 2 0.00209326 0.00124927
Spot 1 0.00185493 0.00124728
Spot 2 0.00209331 0.00124923
Spot 1 0.001855 0.00124732
Spot 2 0.00209333 0.00124929
Spot 1 0.00185482 0.0012472
Spot 2 0.00209315 0.00124912
Spot 1 0.00185493 0.00124714
Spot 2 0.00209326 0.00124937
Spot 1 0.00185489 0.00124722
Spot 2 0.00209328 0.00124935
Spot 1 0.00185486 0.0012473
Spot 2 0.00209329 0.00124936
Spot 1 0.00185475 0.00124727
Spot 2 0.00209324 0.00124919
20MABNDB000126_PR028
Spot 1 0.00184891 0.00140769
Spot 2 0.0015333 0.00140647
Spot 1 0.00184889 0.00140767
Spot 2 0.00153325 0.00140646
Spot 1 0.00184893 0.00140765
Spot 2 0.00153325 0.00140655
Spot 1 0.00184897 0.00140758
Spot 2 0.00153331 0.00140652
Spot 1 0.0018489 0.00140769
Spot 2 0.00153339 0.00140661
Spot 1 0.00184896 0.00140772
Spot 2 0.0015333 0.00140659
Spot 1 0.00184893 0.00140756
Spot 2 0.00153326 0.00140651
Spot 1 0.00184894 0.00140766
Spot 2 0.00153328 0.00140661
20MABNDA000272_PR038
Spot 1 0.00203345 0.00138645
Spot 2 0.00179101 0.00138433
Spot 1 0.00203365 0.00138645
Spot 2 0.00179114 0.00138452
Spot 1 0.00203364 0.00138646
Spot 2 0.00179099 0.00138447
Spot 1 0.00203371 0.00138658
Spot 2 0.00179125 0.00138457
Spot 1 0.00203362 0.00138641
Spot 2 0.00179124 0.00138433
Spot 1 0.00203371 0.00138629
Spot 2 0.00179107 0.00138429
Spot 1 0.00203356 0.00138651
Spot 2 0.00179096 0.00138442
Spot 1 0.0020336 0.00138643
Spot 2 0.00179107 0.00138429
20MABNDA000003_PR039
Spot 1 0.00211588 0.00112537
Spot 2 0.00180222 0.00112702
Spot 1 0.00211586 0.00112539
Spot 2 0.00180225 0.00112704
Spot 1 0.00211588 0.00112537
Spot 2 0.00180224 0.00112702
Spot 1 0.00211587 0.00112534
Spot 2 0.00180223 0.00112704
Spot 1 0.00211583 0.00112539
Spot 2 0.00180223 0.00112705
Spot 1 0.00211594 0.00112532
Spot 2 0.00180225 0.001127
Spot 1 0.00211593 0.00112532
Spot 2 0.00180229 0.00112711
Spot 1 0.00211587 0.00112534
Spot 2 0.00180229 0.00112715


****************************************************************coordonnees images transformees dans le repere MOUNT************************************************************************* 
20MABNDB000135_PR027
Spot 1 -0.012546 -0.0128655 -0.074647
Spot 2 -0.0123077 -0.0128661 -0.074647
Spot 1 -0.0125461 -0.0128653 -0.074647
Spot 2 -0.0123077 -0.012866 -0.074647
Spot 1 -0.0125461 -0.0128654 -0.074647
Spot 2 -0.0123077 -0.0128661 -0.074647
Spot 1 -0.012546 -0.0128653 -0.074647
Spot 2 -0.0123076 -0.012866 -0.074647
Spot 1 -0.0125462 -0.0128654 -0.074647
Spot 2 -0.0123078 -0.0128662 -0.074647
Spot 1 -0.0125461 -0.0128655 -0.074647
Spot 2 -0.0123077 -0.0128659 -0.074647
Spot 1 -0.0125461 -0.0128654 -0.074647
Spot 2 -0.0123077 -0.0128659 -0.074647
Spot 1 -0.0125461 -0.0128653 -0.074647
Spot 2 -0.0123077 -0.0128659 -0.074647
Spot 1 -0.0125462 -0.0128654 -0.074647
Spot 2 -0.0123077 -0.0128661 -0.074647
20MABNDB000126_PR028
Spot 1 -0.0123274 -0.0127734 -0.075004
Spot 2 -0.012643 -0.0127763 -0.075004
Spot 1 -0.0123274 -0.0127734 -0.075004
Spot 2 -0.0126431 -0.0127763 -0.075004
Spot 1 -0.0123274 -0.0127734 -0.075004
Spot 2 -0.0126431 -0.0127762 -0.075004
Spot 1 -0.0123274 -0.0127735 -0.075004
Spot 2 -0.012643 -0.0127762 -0.075004
Spot 1 -0.0123274 -0.0127734 -0.075004
Spot 2 -0.0126429 -0.0127761 -0.075004
Spot 1 -0.0123274 -0.0127734 -0.075004
Spot 2 -0.012643 -0.0127762 -0.075004
Spot 1 -0.0123274 -0.0127735 -0.075004
Spot 2 -0.0126431 -0.0127762 -0.075004
Spot 1 -0.0123274 -0.0127734 -0.075004
Spot 2 -0.012643 -0.0127761 -0.075004
20MABNDA000272_PR038
Spot 1 -0.0128699 0.0127252 -0.074179
Spot 2 -0.0126274 0.0127269 -0.074179
Spot 1 -0.0128701 0.0127252 -0.074179
Spot 2 -0.0126276 0.0127267 -0.074179
Spot 1 -0.0128701 0.0127252 -0.074179
Spot 2 -0.0126274 0.0127268 -0.074179
Spot 1 -0.0128701 0.0127251 -0.074179
Spot 2 -0.0126277 0.0127267 -0.074179
Spot 1 -0.01287 0.0127253 -0.074179
Spot 2 -0.0126277 0.0127269 -0.074179
Spot 1 -0.0128701 0.0127254 -0.074179
Spot 2 -0.0126275 0.0127269 -0.074179
Spot 1 -0.01287 0.0127252 -0.074179
Spot 2 -0.0126274 0.0127268 -0.074179
Spot 1 -0.01287 0.0127252 -0.074179
Spot 2 -0.0126275 0.0127269 -0.074179
20MABNDA000003_PR039
Spot 1 -0.0129149 0.0129272 -0.073734
Spot 2 -0.0126013 0.0129247 -0.073734
Spot 1 -0.0129149 0.0129272 -0.073734
Spot 2 -0.0126013 0.0129247 -0.073734
Spot 1 -0.0129149 0.0129272 -0.073734
Spot 2 -0.0126013 0.0129247 -0.073734
Spot 1 -0.0129149 0.0129272 -0.073734
Spot 2 -0.0126013 0.0129247 -0.073734
Spot 1 -0.0129149 0.0129272 -0.073734
Spot 2 -0.0126013 0.0129247 -0.073734
Spot 1 -0.012915 0.0129272 -0.073734
Spot 2 -0.0126013 0.0129248 -0.073734
Spot 1 -0.012915 0.0129272 -0.073734
Spot 2 -0.0126013 0.0129246 -0.073734
Spot 1 -0.0129149 0.0129272 -0.073734
Spot 2 -0.0126013 0.0129246 -0.073734


*****************************************************************coordonnees du prisme dans le repere MOUNT********************************************************************************** 
20MABNDB000135_PR027
-0.0201851 -0.0220118 2.74936
-0.0201838 -0.0220155 2.74936
-0.020186 -0.0220145 2.74936
-0.0201877 -0.0220163 2.74936
-0.020181 -0.0220111 2.74936
-0.0201851 -0.0220145 2.74936
-0.0201847 -0.0220156 2.74936
-0.0201844 -0.0220173 2.74936
-0.0201814 -0.0220136 2.74936
20MABNDB000126_PR028
-0.0177292 -0.021763 2.14694
-0.0177282 -0.0217625 2.14694
-0.0177287 -0.0217636 2.14694
-0.0177302 -0.0217621 2.14694
-0.0177303 -0.021765 2.14694
-0.0177299 -0.0217651 2.14694
-0.0177289 -0.0217617 2.14694
-0.0177293 -0.0217646 2.14694
20MABNDA000272_PR038
-0.00954088 0.026721 2.74962
-0.00953482 0.0267245 2.74962
-0.00953776 0.0267238 2.74962
-0.00953172 0.0267278 2.74962
-0.00953356 0.0267203 2.74962
-0.00953501 0.0267174 2.74962
-0.00953977 0.0267238 2.74962
-0.00953703 0.0267199 2.74962
20MABNDA000003_PR039
-0.0111596 0.018377 2.1491
-0.0111595 0.0183776 2.1491
-0.0111594 0.018377 2.1491
-0.0111596 0.0183768 2.1491
-0.0111602 0.0183777 2.1491
-0.0111584 0.018376 2.1491
-0.0111579 0.0183775 2.1491
-0.0111588 0.0183784 2.1491


*****************************************************************coordonnees du prisme dans le repere ATLAS********************************************************************************** 
20MABNDB000135_PR027
2.60132 -4.19783 -3.81196
2.60132 -4.19783 -3.81195
2.60131 -4.19783 -3.81195
2.60131 -4.19783 -3.81195
2.60132 -4.19783 -3.81196
2.60132 -4.19783 -3.81195
2.60132 -4.19783 -3.81195
2.60132 -4.19783 -3.81195
2.60132 -4.19783 -3.81196
20MABNDB000126_PR028
2.60818 -4.19695 -5.91046
2.60818 -4.19695 -5.91046
2.60818 -4.19695 -5.91046
2.60818 -4.19695 -5.91046
2.60818 -4.19695 -5.91045
2.60818 -4.19695 -5.91045
2.60818 -4.19695 -5.91046
2.60818 -4.19695 -5.91045
20MABNDA000272_PR038
-2.61499 -4.19702 -3.81176
-2.615 -4.19702 -3.81176
-2.61499 -4.19702 -3.81176
-2.615 -4.19702 -3.81176
-2.615 -4.19702 -3.81176
-2.615 -4.19702 -3.81177
-2.61499 -4.19702 -3.81176
-2.61499 -4.19702 -3.81176
20MABNDA000003_PR039
-2.61056 -4.19693 -5.91439
-2.61056 -4.19693 -5.91439
-2.61056 -4.19693 -5.91439
-2.61056 -4.19693 -5.91439
-2.61056 -4.19693 -5.91439
-2.61057 -4.19693 -5.91439
-2.61057 -4.19693 -5.91439
-2.61056 -4.19693 -5.91439


*****************************************************************Rapport********************************************************************************** 
CAM-EBC-US-IP_EBC-US-IP 2014.08.13.14.41.33 2.60132 -4.19783 -3.81195 1.96426e-06 0 1.92091e-06 VRAI 
CAM-EBC-US-HO_EBC-US-HO 2014.08.13.14.41.33 2.60818 -4.19695 -5.91046 7.22668e-07 0 1.20984e-06 VRAI 
CAM-EBC-USA-IP_EBC-USA-IP 2014.08.13.14.41.33 -2.61499 -4.19702 -3.81176 2.8876e-06 0 3.08508e-06 VRAI 
CAM-EBC-USA-HO_EBC-USA-HO 2014.08.13.14.41.33 -2.61056 -4.19693 -5.91439 6.7435e-07 0 6.30796e-07 VRAI 
