********** Fichier qui contient une sauvegarde des coordonnees images + coordonnees images transformees dans le repere BCAM (MOUNT) + coordonnees des prismes dans le repere MOUNT********** 
********************************************************************** Unite en metres (m)************************************************************************************************** 

*******************************************************************coordonnees images dans le repere CCD *********************************************************************************** 
20MABNDB000135_PR027
Spot 1 0.002835 0.001165
Spot 2 0.003375 2.5e-05
Spot 1 0.002835 0.001165
Spot 2 0.003375 2.5e-05
Spot 1 0.002835 0.001165
Spot 2 0.001215 0.002185
Spot 1 0.002835 0.001165
Spot 2 0.001215 0.002185
Spot 1 0.002835 0.001165
Spot 2 0.001215 0.002185
20MABNDB000126_PR028
Spot 1 0.001615 9.5e-05
Spot 2 0.00328389 0.00033611
Spot 1 0.001615 9.5e-05
Spot 2 0.0032835 0.0003365
Spot 1 0.001615 9.5e-05
Spot 2 0.0032835 0.0003365
Spot 1 0.001615 9.5e-05
Spot 2 0.00328389 0.00033611
Spot 1 0.001615 9.5e-05
Spot 2 0.00328375 0.00033625
20MABNDA000272_PR038
Spot 1 0.000365 9.5e-05
Spot 2 0.000255 2.5e-05
Spot 1 0.003265 5.5e-05
Spot 2 0.000255 2.5e-05
Spot 1 0.000255 2.5e-05
Spot 2 0.003265 5.5e-05
Spot 1 0.000255 2.5e-05
Spot 2 0.003265 5.5e-05
Spot 1 0.000255 2.5e-05
Spot 2 0.003265 5.5e-05
20MABNDA000003_PR039
Spot 1 0.000865 0.000695
Spot 2 0.001035 5.5e-05
Spot 1 0.001035 5.5e-05
Spot 2 0.000865 0.000695
Spot 1 0.001035 5.5e-05
Spot 2 0.001635 0.000185
Spot 1 0.001035 5.5e-05
Spot 2 0.001635 0.000185


****************************************************************coordonnees images transformees dans le repere MOUNT************************************************************************* 
20MABNDB000135_PR027
Spot 1 -0.011567 -0.0129585 -0.074647
Spot 2 -0.0110397 -0.0141045 -0.074647
Spot 1 -0.011567 -0.0129585 -0.074647
Spot 2 -0.0110397 -0.0141045 -0.074647
Spot 1 -0.011567 -0.0129585 -0.074647
Spot 2 -0.0131755 -0.0119206 -0.074647
Spot 1 -0.011567 -0.0129585 -0.074647
Spot 2 -0.0131755 -0.0119206 -0.074647
Spot 1 -0.011567 -0.0129585 -0.074647
Spot 2 -0.0131755 -0.0119206 -0.074647
20MABNDB000126_PR028
Spot 1 -0.0125543 -0.0140873 -0.075004
Spot 2 -0.0108867 -0.0138373 -0.075004
Spot 1 -0.0125543 -0.0140873 -0.075004
Spot 2 -0.0108871 -0.0138369 -0.075004
Spot 1 -0.0125543 -0.0140873 -0.075004
Spot 2 -0.0108871 -0.0138369 -0.075004
Spot 1 -0.0125543 -0.0140873 -0.075004
Spot 2 -0.0108867 -0.0138373 -0.075004
Spot 1 -0.0125543 -0.0140873 -0.075004
Spot 2 -0.0108869 -0.0138371 -0.075004
20MABNDA000272_PR038
Spot 1 -0.0111991 0.0140137 -0.074179
Spot 2 -0.011089 0.0140835 -0.074179
Spot 1 -0.0140991 0.0140588 -0.074179
Spot 2 -0.011089 0.0140835 -0.074179
Spot 1 -0.011089 0.0140835 -0.074179
Spot 2 -0.0140991 0.0140588 -0.074179
Spot 1 -0.011089 0.0140835 -0.074179
Spot 2 -0.0140991 0.0140588 -0.074179
Spot 1 -0.011089 0.0140835 -0.074179
Spot 2 -0.0140991 0.0140588 -0.074179
20MABNDA000003_PR039
Spot 1 -0.011663 0.0133544 -0.073734
Spot 2 -0.0118313 0.0139948 -0.073734
Spot 1 -0.0118313 0.0139948 -0.073734
Spot 2 -0.011663 0.0133544 -0.073734
Spot 1 -0.0118313 0.0139948 -0.073734
Spot 2 -0.0124317 0.0138663 -0.073734
Spot 1 -0.0118313 0.0139948 -0.073734
Spot 2 -0.0124317 0.0138663 -0.073734


*****************************************************************coordonnees du prisme dans le repere MOUNT********************************************************************************** 
20MABNDB000135_PR027
-0.0613805 0.00239963 2.74891
-0.0613805 0.00239963 2.74891
-0.0222256 -0.0376416 2.74926
-0.0222256 -0.0376416 2.74926
-0.0222256 -0.0376416 2.74926
20MABNDB000126_PR028
-0.039525 0.012085 2.14665
-0.0395194 0.0120795 2.14665
-0.0395194 0.0120795 2.14665
-0.039525 0.012085 2.14665
-0.039523 0.0120831 2.14665
20MABNDA000272_PR038
-0.0683274 -0.0217362 2.74887
-0.0152069 -0.0225701 2.74943
-0.0152063 -0.0225701 2.74943
-0.0152063 -0.0225701 2.74943
-0.0152063 -0.0225701 2.74943
20MABNDA000003_PR039
-0.0400536 -0.00302002 2.14888
-0.0400536 -0.00301992 2.14888
-0.0290688 -0.0103365 2.14892
-0.0290688 -0.0103365 2.14892


*****************************************************************coordonnees du prisme dans le repere ATLAS********************************************************************************** 
20MABNDB000135_PR027 0
2.55998 -4.19752 -3.83613
2.55998 -4.19752 -3.83613
2.59936 -4.19794 -3.79632
2.59936 -4.19794 -3.79632
2.59936 -4.19794 -3.79632
20MABNDB000126_PR028 0
2.58637 -4.19738 -5.94429
2.58637 -4.19738 -5.94429
2.58637 -4.19738 -5.94429
2.58637 -4.19738 -5.94429
2.58637 -4.19738 -5.94429
20MABNDA000272_PR038 0
-2.55621 -4.19775 -3.86023
-2.60933 -4.19722 -3.86106
-2.60933 -4.19722 -3.86106
-2.60933 -4.19722 -3.86106
-2.60933 -4.19722 -3.86106
20MABNDA000003_PR039 0
-2.58167 -4.19727 -5.93578
-2.58167 -4.19727 -5.93578
-2.59265 -4.19725 -5.9431
-2.59265 -4.19725 -5.9431


*****************************************************************Rapport********************************************************************************** 
CAM-EBC-US-IP_EBC-US-IP 2014.08.15.15.43.55 2.58361 -4.19777 -3.81224 0.0192928 0.000206971 0.0195068 0 VRAI 
CAM-EBC-US-HO_EBC-US-HO 2014.08.15.15.43.55 2.58637 -4.19738 -5.94429 2.47496e-06 0 2.36311e-06 0 VRAI 
CAM-EBC-USA-IP_EBC-USA-IP 2014.08.15.15.43.55 -2.59871 -4.19732 -3.86089 0.0212486 0.000212288 0.000329781 0 VRAI 
CAM-EBC-USA-HO_EBC-USA-HO 2014.08.15.15.43.55 -2.58716 -4.19726 -5.93944 0.00549197 9.77516e-06 0.00365889 0 VRAI 
