********** Fichier qui contient une sauvegarde des coordonnees images + coordonnees images transformees dans le repere BCAM (MOUNT) + coordonnees des prismes dans le repere MOUNT********** 
********************************************************************** Unite en metres (m)************************************************************************************************** 

*******************************************************************coordonnees images dans le repere CCD *********************************************************************************** 
20MABNDB000135_PR027
Spot 1 0.00185496 0.00124729
Spot 2 0.00209329 0.00124931
Spot 1 0.00185485 0.00124725
Spot 2 0.00209326 0.00124937
Spot 1 0.00185489 0.00124736
Spot 2 0.00209325 0.00124939
Spot 1 0.00185482 0.0012472
Spot 2 0.00209335 0.00124936
Spot 1 0.00185482 0.00124737
Spot 2 0.00209329 0.00124931
Spot 1 0.00185478 0.00124731
Spot 2 0.00209314 0.00124914
Spot 1 0.00185489 0.00124725
Spot 2 0.00209329 0.00124931
Spot 1 0.00185489 0.00124732
Spot 2 0.00209292 0.00124944
Spot 1 0.001855 0.00124727
Spot 2 0.00209312 0.00124927
20MABNDB000126_PR028
Spot 1 0.00184895 0.00140779
Spot 2 0.00153339 0.0014065
Spot 1 0.00184896 0.00140769
Spot 2 0.00153337 0.00140646
Spot 1 0.00184895 0.00140771
Spot 2 0.00153326 0.00140651
Spot 1 0.00184892 0.00140769
Spot 2 0.00153328 0.00140652
Spot 1 0.00184896 0.00140768
Spot 2 0.00153332 0.00140647
Spot 1 0.00184887 0.00140765
Spot 2 0.00153339 0.00140653
Spot 1 0.00184892 0.00140775
Spot 2 0.00153331 0.00140649
Spot 1 0.00184895 0.00140765
Spot 2 0.00153329 0.00140637
20MABNDA000272_PR038
Spot 1 0.00203329 0.00138626
Spot 2 0.0017909 0.00138443
Spot 1 0.0020335 0.00138634
Spot 2 0.00179096 0.0013841
Spot 1 0.00203362 0.00138644
Spot 2 0.00179101 0.00138423
Spot 1 0.00203361 0.00138642
Spot 2 0.00179108 0.00138428
Spot 1 0.00203359 0.00138634
Spot 2 0.00179104 0.00138447
Spot 1 0.0020337 0.00138643
Spot 2 0.00179129 0.00138446
Spot 1 0.00203364 0.00138649
Spot 2 0.00179112 0.00138447
Spot 1 0.0020335 0.00138634
Spot 2 0.00179108 0.00138423
20MABNDA000003_PR039
Spot 1 0.00211593 0.00112541
Spot 2 0.00180229 0.00112705
Spot 1 0.00211592 0.00112528
Spot 2 0.0018022 0.00112699
Spot 1 0.00211588 0.00112533
Spot 2 0.00180222 0.0011271
Spot 1 0.00211589 0.00112545
Spot 2 0.00180225 0.00112708
Spot 1 0.00211586 0.0011254
Spot 2 0.00180235 0.00112709
Spot 1 0.00211586 0.00112533
Spot 2 0.00180223 0.001127
Spot 1 0.00211581 0.00112533
Spot 2 0.00180222 0.00112694
Spot 1 0.00211583 0.00112534
Spot 2 0.00180227 0.00112704


****************************************************************coordonnees images transformees dans le repere MOUNT************************************************************************* 
20MABNDB000135_PR027
Spot 1 -0.012546 -0.0128653 -0.074647
Spot 2 -0.0123077 -0.012866 -0.074647
Spot 1 -0.0125461 -0.0128654 -0.074647
Spot 2 -0.0123077 -0.0128659 -0.074647
Spot 1 -0.0125461 -0.0128653 -0.074647
Spot 2 -0.0123077 -0.0128659 -0.074647
Spot 1 -0.0125462 -0.0128654 -0.074647
Spot 2 -0.0123076 -0.0128659 -0.074647
Spot 1 -0.0125462 -0.0128653 -0.074647
Spot 2 -0.0123077 -0.012866 -0.074647
Spot 1 -0.0125462 -0.0128653 -0.074647
Spot 2 -0.0123078 -0.0128662 -0.074647
Spot 1 -0.0125461 -0.0128654 -0.074647
Spot 2 -0.0123077 -0.012866 -0.074647
Spot 1 -0.0125461 -0.0128653 -0.074647
Spot 2 -0.0123081 -0.0128658 -0.074647
Spot 1 -0.012546 -0.0128654 -0.074647
Spot 2 -0.0123079 -0.012866 -0.074647
20MABNDB000126_PR028
Spot 1 -0.0123274 -0.0127733 -0.075004
Spot 2 -0.0126429 -0.0127763 -0.075004
Spot 1 -0.0123274 -0.0127734 -0.075004
Spot 2 -0.0126429 -0.0127763 -0.075004
Spot 1 -0.0123274 -0.0127734 -0.075004
Spot 2 -0.0126431 -0.0127762 -0.075004
Spot 1 -0.0123274 -0.0127734 -0.075004
Spot 2 -0.012643 -0.0127762 -0.075004
Spot 1 -0.0123274 -0.0127734 -0.075004
Spot 2 -0.012643 -0.0127763 -0.075004
Spot 1 -0.0123275 -0.0127734 -0.075004
Spot 2 -0.0126429 -0.0127762 -0.075004
Spot 1 -0.0123274 -0.0127733 -0.075004
Spot 2 -0.012643 -0.0127763 -0.075004
Spot 1 -0.0123274 -0.0127734 -0.075004
Spot 2 -0.012643 -0.0127764 -0.075004
20MABNDA000272_PR038
Spot 1 -0.0128697 0.0127254 -0.074179
Spot 2 -0.0126273 0.0127268 -0.074179
Spot 1 -0.0128699 0.0127253 -0.074179
Spot 2 -0.0126274 0.0127271 -0.074179
Spot 1 -0.01287 0.0127252 -0.074179
Spot 2 -0.0126274 0.012727 -0.074179
Spot 1 -0.01287 0.0127252 -0.074179
Spot 2 -0.0126275 0.012727 -0.074179
Spot 1 -0.01287 0.0127253 -0.074179
Spot 2 -0.0126275 0.0127268 -0.074179
Spot 1 -0.0128701 0.0127252 -0.074179
Spot 2 -0.0126277 0.0127268 -0.074179
Spot 1 -0.0128701 0.0127252 -0.074179
Spot 2 -0.0126275 0.0127268 -0.074179
Spot 1 -0.0128699 0.0127253 -0.074179
Spot 2 -0.0126275 0.012727 -0.074179
20MABNDA000003_PR039
Spot 1 -0.012915 0.0129271 -0.073734
Spot 2 -0.0126013 0.0129247 -0.073734
Spot 1 -0.012915 0.0129273 -0.073734
Spot 2 -0.0126013 0.0129248 -0.073734
Spot 1 -0.0129149 0.0129272 -0.073734
Spot 2 -0.0126013 0.0129247 -0.073734
Spot 1 -0.0129149 0.0129271 -0.073734
Spot 2 -0.0126013 0.0129247 -0.073734
Spot 1 -0.0129149 0.0129272 -0.073734
Spot 2 -0.0126014 0.0129247 -0.073734
Spot 1 -0.0129149 0.0129272 -0.073734
Spot 2 -0.0126013 0.0129248 -0.073734
Spot 1 -0.0129149 0.0129272 -0.073734
Spot 2 -0.0126013 0.0129248 -0.073734
Spot 1 -0.0129149 0.0129272 -0.073734
Spot 2 -0.0126013 0.0129247 -0.073734


*****************************************************************coordonnees du prisme dans le repere MOUNT********************************************************************************** 
20MABNDB000135_PR027
-0.0201862 -0.0220161 2.74936
-0.0201836 -0.0220166 2.74936
-0.0201842 -0.0220189 2.74936
-0.0201847 -0.0220154 2.74936
-0.0201836 -0.0220176 2.74936
-0.0201801 -0.0220135 2.74936
-0.0201849 -0.0220154 2.74936
-0.0201782 -0.0220192 2.74936
-0.0201838 -0.0220151 2.74936
20MABNDB000126_PR028
-0.017731 -0.0217648 2.14694
-0.0177309 -0.0217628 2.14694
-0.0177292 -0.0217638 2.14694
-0.017729 -0.0217637 2.14694
-0.0177302 -0.0217628 2.14694
-0.0177299 -0.0217633 2.14694
-0.0177294 -0.0217641 2.14694
-0.0177296 -0.021761 2.14694
20MABNDA000272_PR038
-0.00954583 0.0267194 2.74962
-0.0095409 0.0267148 2.74962
-0.00953778 0.026719 2.74962
-0.00953667 0.0267196 2.74962
-0.00953776 0.0267216 2.74962
-0.00953117 0.026723 2.74962
-0.00953537 0.0267243 2.74962
-0.0095387 0.0267172 2.74962
20MABNDA000003_PR039
-0.0111579 0.018378 2.1491
-0.0111594 0.0183753 2.1491
-0.0111596 0.0183775 2.1491
-0.0111591 0.018379 2.1491
-0.0111581 0.0183784 2.1491
-0.0111598 0.0183761 2.1491
-0.0111606 0.0183753 2.1491
-0.0111596 0.0183768 2.1491


*****************************************************************coordonnees du prisme dans le repere ATLAS********************************************************************************** 
20MABNDB000135_PR027
2.60131 -4.19783 -3.81195
2.60132 -4.19783 -3.81195
2.60132 -4.19783 -3.81195
2.60132 -4.19783 -3.81195
2.60132 -4.19783 -3.81195
2.60132 -4.19783 -3.81196
2.60132 -4.19783 -3.81195
2.60132 -4.19783 -3.81195
2.60132 -4.19783 -3.81195
20MABNDB000126_PR028
2.60818 -4.19695 -5.91045
2.60818 -4.19695 -5.91046
2.60818 -4.19695 -5.91046
2.60818 -4.19695 -5.91046
2.60818 -4.19695 -5.91046
2.60818 -4.19695 -5.91046
2.60818 -4.19695 -5.91045
2.60818 -4.19695 -5.91046
20MABNDA000272_PR038
-2.61498 -4.19702 -3.81177
-2.61499 -4.19702 -3.81177
-2.61499 -4.19702 -3.81177
-2.61499 -4.19702 -3.81177
-2.61499 -4.19702 -3.81176
-2.615 -4.19702 -3.81176
-2.615 -4.19702 -3.81176
-2.61499 -4.19702 -3.81177
20MABNDA000003_PR039
-2.61057 -4.19693 -5.91439
-2.61056 -4.19693 -5.91439
-2.61056 -4.19693 -5.91439
-2.61056 -4.19693 -5.91439
-2.61057 -4.19693 -5.91439
-2.61056 -4.19693 -5.91439
-2.61056 -4.19693 -5.91439
-2.61056 -4.19693 -5.91439


*****************************************************************Rapport********************************************************************************** 
CAM-EBC-US-IP_EBC-US-IP 2014.08.13.14.43.34 2.60132 -4.19783 -3.81195 2.4236e-06 0 1.76279e-06 VRAI 
CAM-EBC-US-HO_EBC-US-HO 2014.08.13.14.43.34 2.60818 -4.19695 -5.91046 6.82206e-07 0 1.05956e-06 VRAI 
CAM-EBC-USA-IP_EBC-USA-IP 2014.08.13.14.43.34 -2.61499 -4.19702 -3.81177 3.92984e-06 0 2.89742e-06 VRAI 
CAM-EBC-USA-HO_EBC-USA-HO 2014.08.13.14.43.34 -2.61056 -4.19693 -5.91439 8.51325e-07 0 1.36961e-06 VRAI 
