********** Fichier qui contient une sauvegarde des coordonnees images + coordonnees images transformees dans le repere BCAM (MOUNT) + coordonnees des prismes dans le repere MOUNT********** 
********************************************************************** Unite en metres (m)************************************************************************************************** 

*******************************************************************coordonnees images dans le repere CCD *********************************************************************************** 
20MABNDL000077_PR002
Spot 1 0.00104009 7.563e-05
Spot 2 0.00141432 0.00011134
Spot 1 0.00103973 7.643e-05
Spot 2 0.00141478 0.00011218
Spot 1 0.00104009 7.567e-05
Spot 2 0.0018572 8.5e-05
Spot 1 0.00107518 6.684e-05
Spot 2 0.00185948 8.43e-05
Spot 1 0.00108365 6.769e-05
Spot 2 0.00141448 0.00011289
20MABNDL000077_PR003
Spot 1 0.0018592 8.455e-05
Spot 2 0.00159103 5.169e-05
Spot 1 0.00159088 5.163e-05
Spot 2 0.00186724 8.731e-05
Spot 1 0.00159053 5.18e-05
Spot 2 0.00116838 3.778e-05
Spot 1 0.00159162 5.109e-05
Spot 2 0.0011687 3.768e-05
Spot 1 0.00208443 0.00013139
Spot 2 0.00185798 8.387e-05
20MABNDL000077_PR024
Spot 1 0.00234543 0.00182604
Spot 2 0.002235 0.00165
Spot 1 0.00234522 0.00182428
Spot 2 0.002235 0.00165
Spot 1 0.00234506 0.00182468
Spot 2 0.002235 0.00165
Spot 1 0.00234529 0.00182594
Spot 2 0.002235 0.00165
20MABNDL000077_20MABNDM000168
Spot 1 0.00186878 0.00155305
Spot 2 0.00198009 0.0011017
Spot 1 0.00186866 0.00155285
Spot 2 0.00196379 0.00123448
Spot 1 0.00186859 0.00155211
Spot 2 0.00198014 0.00110167
Spot 1 0.0018686 0.00155234
Spot 2 0.00198013 0.00110164
20MABNDM000020_PR013
Spot 1 0.00237352 0.00016342
Spot 2 0.00271935 8.554e-05
Spot 1 0.00231514 0.00017333
Spot 2 0.00271887 8.597e-05
Spot 1 0.00232641 0.0001726
Spot 2 0.00258855 4.387e-05
Spot 1 0.00234041 0.0001698
Spot 2 0.00271981 8.595e-05
20MABNDM000020_PR014
Spot 1 0.00283867 2.833e-05
Spot 2 0.00269 1.727e-05
Spot 1 0.00224111 9.731e-05
Spot 2 0.00283867 2.9e-05
Spot 1 0.00302855 4.306e-05
Spot 2 0.00294538 2.615e-05
Spot 1 0.00223996 5.167e-05
Spot 2 0.00284 2.833e-05
20MABNDM000020_PR035
Spot 1 0.00154446 0.0010147
Spot 2 0.000445 0.001665
Spot 1 0.00154451 0.00101046
Spot 2 0.000445 0.001665
Spot 1 0.00154453 0.00100994
Spot 2 0.000945 0.001745
Spot 1 0.00154452 0.00101438
Spot 2 0.000945 0.001745
20MABNDM000020_20MABNDL000196
Spot 1 0.00200482 0.00108561
Spot 2 0.0021984 0.00044819
Spot 1 0.00200476 0.00108624
Spot 2 0.00219862 0.00044755
Spot 1 0.00200475 0.00108634
Spot 2 0.0021987 0.00044804
Spot 1 0.00200472 0.00108638
Spot 2 0.00219792 0.0004475


****************************************************************coordonnees images transformees dans le repere MOUNT************************************************************************* 
20MABNDL000077_PR002
Spot 1 0.0120967 0.0341488 -0.074632
Spot 2 0.0124713 0.0341809 -0.074632
Spot 1 0.0120963 0.0341496 -0.074632
Spot 2 0.0124717 0.0341817 -0.074632
Spot 1 0.0120967 0.0341488 -0.074632
Spot 2 0.0129139 0.0341503 -0.074632
Spot 1 0.0121317 0.0341397 -0.074632
Spot 2 0.0129161 0.0341496 -0.074632
Spot 1 0.0121402 0.0341404 -0.074632
Spot 2 0.0124714 0.0341825 -0.074632
20MABNDL000077_PR003
Spot 1 0.0129159 0.0341498 -0.074632
Spot 2 0.0126474 0.0341196 -0.074632
Spot 1 0.0126472 0.0341195 -0.074632
Spot 2 0.0129239 0.0341525 -0.074632
Spot 1 0.0126469 0.0341197 -0.074632
Spot 2 0.0122246 0.0341097 -0.074632
Spot 1 0.012648 0.034119 -0.074632
Spot 2 0.0122249 0.0341096 -0.074632
Spot 1 0.0131415 0.0341945 -0.074632
Spot 2 0.0129146 0.0341492 -0.074632
20MABNDL000077_PR024
Spot 1 -0.0131871 0.035883 -0.006954
Spot 2 -0.0130749 0.0357081 -0.006954
Spot 1 -0.0131869 0.0358812 -0.006954
Spot 2 -0.0130749 0.0357081 -0.006954
Spot 1 -0.0131867 0.0358816 -0.006954
Spot 2 -0.0130749 0.0357081 -0.006954
Spot 1 -0.013187 0.0358829 -0.006954
Spot 2 -0.0130749 0.0357081 -0.006954
20MABNDL000077_20MABNDM000168
Spot 1 -0.0127077 0.0356149 -0.006954
Spot 2 -0.0128144 0.0351624 -0.006954
Spot 1 -0.0127076 0.0356147 -0.006954
Spot 2 -0.0127994 0.0352953 -0.006954
Spot 1 -0.0127075 0.0356139 -0.006954
Spot 2 -0.0128144 0.0351624 -0.006954
Spot 1 -0.0127075 0.0356142 -0.006954
Spot 2 -0.0128144 0.0351623 -0.006954
20MABNDM000020_PR013
Spot 1 -0.0120158 -0.0341059 -0.005235
Spot 2 -0.0116717 -0.0340204 -0.005235
Spot 1 -0.0120739 -0.0341171 -0.005235
Spot 2 -0.0116722 -0.0340209 -0.005235
Spot 1 -0.0120627 -0.0341161 -0.005235
Spot 2 -0.0118034 -0.0339817 -0.005235
Spot 1 -0.0120487 -0.034113 -0.005235
Spot 2 -0.0116713 -0.0340208 -0.005235
20MABNDM000020_PR014
Spot 1 -0.0115537 -0.0339606 -0.005235
Spot 2 -0.0117026 -0.0339528 -0.005235
Spot 1 -0.0121496 -0.0340428 -0.005235
Spot 2 -0.0115537 -0.0339613 -0.005235
Spot 1 -0.0113635 -0.0339711 -0.005235
Spot 2 -0.0114471 -0.033956 -0.005235
Spot 1 -0.0121518 -0.0339972 -0.005235
Spot 2 -0.0115524 -0.0339606 -0.005235
20MABNDM000020_PR035
Spot 1 0.0131418 -0.0349832 -0.075838
Spot 2 0.0142413 -0.0356334 -0.075838
Spot 1 0.0131417 -0.034979 -0.075838
Spot 2 0.0142413 -0.0356334 -0.075838
Spot 1 0.0131417 -0.0349784 -0.075838
Spot 2 0.0137414 -0.0357134 -0.075838
Spot 1 0.0131417 -0.0349829 -0.075838
Spot 2 0.0137414 -0.0357134 -0.075838
20MABNDM000020_20MABNDL000196
Spot 1 0.0126814 -0.0350542 -0.075838
Spot 2 0.0124878 -0.0344168 -0.075838
Spot 1 0.0126815 -0.0350548 -0.075838
Spot 2 0.0124876 -0.0344161 -0.075838
Spot 1 0.0126815 -0.0350549 -0.075838
Spot 2 0.0124875 -0.0344166 -0.075838
Spot 1 0.0126815 -0.0350549 -0.075838
Spot 2 0.0124883 -0.0344161 -0.075838


*****************************************************************coordonnees du prisme dans le repere MOUNT********************************************************************************** 
20MABNDL000077_PR002
0.032852 0.0909217 3.70666
0.0328492 0.0908812 3.70666
0.0219203 0.0916769 3.70669
0.0209996 0.0919212 3.70669
0.0317738 0.0910899 3.70666
20MABNDL000077_PR003
0.00804376 0.0952853 3.8956
0.00783808 0.0952172 3.8956
0.0259999 0.0963232 3.89556
0.0259635 0.0963447 3.89556
-0.00475142 0.0933571 3.89559
20MABNDL000077_PR024
0.0220812 -0.00546986 -5.89647
0.0220724 -0.00540147 -5.89647
0.0220663 -0.00541701 -5.89647
0.0220757 -0.00546609 -5.89647
20MABNDL000077_20MABNDM000168
-0.00719978 0.0269736 -5.46875
-0.00774375 0.0221796 -5.46874
-0.00720516 0.0270086 -5.46875
-0.00720509 0.0270014 -5.46875
20MABNDM000020_PR013
-0.0515385 -0.0889535 -3.80191
-0.0500844 -0.0886649 -3.80193
-0.0471083 -0.0896622 -3.80194
-0.0507325 -0.0887672 -3.80192
20MABNDM000020_PR014
-0.0748357 -0.109058 -4.74783
-0.0609161 -0.106241 -4.74803
-0.0886982 -0.108627 -4.74763
-0.0608896 -0.107682 -4.74801
20MABNDM000020_PR035
-0.0604136 -0.0201103 5.80081
-0.0604117 -0.0202737 5.80081
-0.0411507 -0.0172084 5.80101
-0.0411511 -0.0170373 5.80101
20MABNDM000020_20MABNDL000196
0.0240284 -0.0622621 5.39475
0.0240341 -0.0622625 5.39475
0.0240366 -0.0622413 5.39475
0.0240077 -0.0622592 5.39475


*****************************************************************coordonnees du prisme dans le repere ATLAS********************************************************************************** 
20MABNDL000077_PR002 0
2.76611 -3.71164 6.48599
2.76615 -3.71164 6.48599
2.76536 -3.72257 6.48601
2.76511 -3.72349 6.486
2.76595 -3.71272 6.48599
20MABNDL000077_PR003 0
2.76193 -3.73668 6.6749
2.762 -3.73689 6.6749
2.7609 -3.71872 6.67489
2.76087 -3.71876 6.67489
2.76385 -3.74948 6.67488
20MABNDL000077_PR024 0
2.85308 -3.7106 -3.11724
2.85301 -3.71061 -3.11724
2.85303 -3.71062 -3.11724
2.85308 -3.71061 -3.11724
20MABNDL000077_20MABNDM000168 0
2.82105 -3.7404 -2.68952
2.82584 -3.74094 -2.68951
2.82101 -3.7404 -2.68952
2.82102 -3.7404 -2.68952
20MABNDM000020_PR013 0
-2.76334 -3.68797 6.48577
-2.76363 -3.68942 6.48579
-2.76263 -3.6924 6.4858
-2.76352 -3.68877 6.48578
20MABNDM000020_PR014 0
-2.74303 -3.66539 7.4317
-2.74586 -3.67931 7.4319
-2.74346 -3.65153 7.43152
-2.74442 -3.67934 7.43188
20MABNDM000020_PR035 0
-2.83411 -3.67177 -3.11692
-2.83395 -3.67177 -3.11692
-2.83702 -3.69103 -3.11714
-2.83719 -3.69103 -3.11713
20MABNDM000020_20MABNDL000196 0
-2.7919 -3.75653 -2.71094
-2.7919 -3.75654 -2.71094
-2.79192 -3.75654 -2.71094
-2.79191 -3.75651 -2.71094


*****************************************************************Rapport********************************************************************************** 
CAM-LBA-US_EBA-US-HO-H 2014.08.19.14.30.20 2.76574 -3.71641 6.48599 0.000423737 0.00542637 8.55866e-06 0 VRAI 
CAM-LBA-US_JDA-US-H 2014.08.19.14.30.20 2.76191 -3.7321 6.67489 0.00108453 0.0118549 9.45726e-06 0 VRAI 
CAM-LBA-US_EBC-US-IP-H 2014.08.19.14.30.20 2.85305 -3.71061 -3.11724 2.99219e-05 5.44298e-06 4.76837e-07 0 VRAI 
CAM-LBA-US_CAM-LBC-US 2014.08.19.14.30.20 2.82223 -3.74054 -2.68952 0.00208487 0.000234705 1.75505e-06 0 VRAI 
CAM-LBA-USA_EBA-USA-HO-H 2014.08.19.14.30.20 -2.76328 -3.68964 6.48579 0.000388975 0.00167344 1.08054e-05 0 VRAI 
CAM-LBA-USA_JDA-USA-H 2014.08.19.14.30.20 -2.74419 -3.6689 7.43175 0.00108323 0.0115259 0.000155343 0 VRAI 
CAM-LBA-USA_EBC-USA-IP-H 2014.08.19.14.30.20 -2.83557 -3.6814 -3.11703 0.00153978 0.00963032 0.000107765 0 VRAI 
CAM-LBA-USA_CAM-LBC-USA 2014.08.19.14.30.20 -2.79191 -3.75653 -2.71094 8.73142e-06 1.1418e-05 1.03238e-07 0 VRAI 
