********** Fichier qui contient une sauvegarde des coordonnees images + coordonnees images transformees dans le repere BCAM (MOUNT) + coordonnees des prismes dans le repere MOUNT********** 
********************************************************************** Unite en metres (m)************************************************************************************************** 

*******************************************************************coordonnees images dans le repere CCD *********************************************************************************** 
20MABNDM000168_PR025
Spot 1 0.00284186 0.00136752
Spot 2 0.00266781 0.00137121
Spot 1 0.0028418 0.00136764
Spot 2 0.00266759 0.00137104
Spot 1 0.00284169 0.00136758
Spot 2 0.00266765 0.00137105
Spot 1 0.00284182 0.00136764
Spot 2 0.00266755 0.00137088
Spot 1 0.00284172 0.00136776
Spot 2 0.00266778 0.00137106
20MABNDM000168_PR026
Spot 1 0.00217933 0.001218
Spot 2 -1e-06 -1e-06
Spot 1 0.00217823 0.00121823
Spot 2 -1e-06 -1e-06
Spot 1 0.002179 0.00121767
Spot 2 0.002265 0.001215
Spot 1 0.00217887 0.00121823
Spot 2 -1e-06 -1e-06
Spot 1 0.00217867 0.00121833
Spot 2 -1e-06 -1e-06
20MABNDM000168_PR001
Spot 1 0.001605 3.5e-05
Spot 2 0.002715 6.5e-05
Spot 1 0.00178 6e-05
Spot 2 0.00265 5.5e-05
Spot 1 0.002635 4.833e-05
Spot 2 0.001705 6.5e-05
Spot 1 0.003205 9.5e-05
Spot 2 0.001015 0.000195
Spot 1 0.0007325 8e-05
Spot 2 0.003065 4.5e-05
20MABNDM000168_20MABNDL000077
Spot 1 0.00158157 0.0014171
Spot 2 0.00139612 0.00125277
Spot 1 0.00158168 0.00141701
Spot 2 0.00130857 0.00104321
Spot 1 0.00158172 0.00141686
Spot 2 0.00142212 0.00087732
Spot 1 0.00158175 0.00141686
Spot 2 0.00130843 0.00104365
20MABNDL000196_PR036
Spot 1 0.0008488 0.00179241
Spot 2 0.00139995 0.00166104
Spot 1 0.00084883 0.00179244
Spot 2 0.00139996 0.00166115
Spot 1 0.00084886 0.00179272
Spot 2 0.00139988 0.00166156
Spot 1 0.0008489 0.00179241
Spot 2 0.00139999 0.00166175
20MABNDL000196_PR037
Spot 1 0.0016144 0.00079992
Spot 2 0.00213682 0.00103298
Spot 1 0.00161441 0.00080005
Spot 2 0.00213665 0.00103314
Spot 1 0.00161449 0.00079904
Spot 2 0.00213669 0.00103271
Spot 1 0.00161439 0.00079982
Spot 2 0.00213624 0.00103263
20MABNDL000196_PR012
Spot 1 0.0033425 6.75e-05
Spot 2 0.003235 0.000115
Spot 1 0.001385 9.5e-05
Spot 2 0.001965 0.000105
Spot 1 0.0032775 0.0001625
Spot 2 0.001015 2.5e-05
Spot 1 0.003285 0.000105
Spot 2 0.001415 0.000235
20MABNDL000196_20MABNDM000020
Spot 1 0.00182693 0.00143113
Spot 2 0.00188738 0.00081976
Spot 1 0.00182687 0.001431
Spot 2 0.00188674 0.00082022
Spot 1 0.00183342 0.00129843
Spot 2 0.0022581 0.0006788
Spot 1 0.0018334 0.00129911
Spot 2 0.00225812 0.00067889


****************************************************************coordonnees images transformees dans le repere MOUNT************************************************************************* 
20MABNDM000168_PR025
Spot 1 -0.0115607 -0.0356975 -0.005329
Spot 2 -0.0117348 -0.035702 -0.005329
Spot 1 -0.0115608 -0.0356977 -0.005329
Spot 2 -0.011735 -0.0357018 -0.005329
Spot 1 -0.0115609 -0.0356976 -0.005329
Spot 2 -0.0117349 -0.0357018 -0.005329
Spot 1 -0.0115608 -0.0356977 -0.005329
Spot 2 -0.011735 -0.0357017 -0.005329
Spot 1 -0.0115609 -0.0356978 -0.005329
Spot 2 -0.0117348 -0.0357018 -0.005329
20MABNDM000168_PR026
Spot 1 -0.0122239 -0.0355509 -0.005329
Spot 2 -0.0144095 -0.0343413 -0.005329
Spot 1 -0.012225 -0.0355511 -0.005329
Spot 2 -0.0144095 -0.0343413 -0.005329
Spot 1 -0.0122242 -0.0355505 -0.005329
Spot 2 -0.0121383 -0.0355475 -0.005329
Spot 1 -0.0122244 -0.0355511 -0.005329
Spot 2 -0.0144095 -0.0343413 -0.005329
Spot 1 -0.0122246 -0.0355512 -0.005329
Spot 2 -0.0144095 -0.0343413 -0.005329
20MABNDM000168_PR001
Spot 1 -0.0128033 -0.0343704 -0.005329
Spot 2 -0.0116932 -0.0343956 -0.005329
Spot 1 -0.0126282 -0.0343946 -0.005329
Spot 2 -0.0117582 -0.0343859 -0.005329
Spot 1 -0.0117733 -0.0343793 -0.005329
Spot 2 -0.0127032 -0.0343999 -0.005329
Spot 1 -0.0112031 -0.0344235 -0.005329
Spot 2 -0.0133926 -0.0345329 -0.005329
Spot 1 -0.0136756 -0.0344191 -0.005329
Spot 2 -0.0113433 -0.0343741 -0.005329
20MABNDM000168_20MABNDL000077
Spot 1 -0.0128208 -0.0357525 -0.005329
Spot 2 -0.013007 -0.035589 -0.005329
Spot 1 -0.0128207 -0.0357525 -0.005329
Spot 2 -0.0130954 -0.0353798 -0.005329
Spot 1 -0.0128207 -0.0357523 -0.005329
Spot 2 -0.0129826 -0.0352135 -0.005329
Spot 1 -0.0128206 -0.0357523 -0.005329
Spot 2 -0.0130955 -0.0353803 -0.005329
20MABNDL000196_PR036
Spot 1 0.0118284 0.0359809 -0.074836
Spot 2 0.0123798 0.0358507 -0.074836
Spot 1 0.0118284 0.0359809 -0.074836
Spot 2 0.0123798 0.0358508 -0.074836
Spot 1 0.0118285 0.0359812 -0.074836
Spot 2 0.0123798 0.0358512 -0.074836
Spot 1 0.0118285 0.0359809 -0.074836
Spot 2 0.0123799 0.0358514 -0.074836
20MABNDL000196_PR037
Spot 1 0.0125961 0.03499 -0.074836
Spot 2 0.013118 0.0352242 -0.074836
Spot 1 0.0125961 0.0349901 -0.074836
Spot 2 0.0131178 0.0352243 -0.074836
Spot 1 0.0125962 0.0349891 -0.074836
Spot 2 0.0131179 0.0352239 -0.074836
Spot 1 0.0125961 0.0349899 -0.074836
Spot 2 0.0131174 0.0352238 -0.074836
20MABNDL000196_PR012
Spot 1 0.0143257 0.0342612 -0.074836
Spot 2 0.0142181 0.0343085 -0.074836
Spot 1 0.0123681 0.0342846 -0.074836
Spot 2 0.0129481 0.0342958 -0.074836
Spot 1 0.0142605 0.0343561 -0.074836
Spot 2 0.0119983 0.0342138 -0.074836
Spot 1 0.0142681 0.0342986 -0.074836
Spot 2 0.0123979 0.0344247 -0.074836
20MABNDL000196_20MABNDM000020
Spot 1 0.0128073 0.0356217 -0.074836
Spot 2 0.012869 0.0350104 -0.074836
Spot 1 0.0128072 0.0356215 -0.074836
Spot 2 0.0128684 0.0350109 -0.074836
Spot 1 0.0128141 0.035489 -0.074836
Spot 2 0.01324 0.0348702 -0.074836
Spot 1 0.012814 0.0354897 -0.074836
Spot 2 0.01324 0.0348703 -0.074836


*****************************************************************coordonnees du prisme dans le repere MOUNT********************************************************************************** 
20MABNDM000168_PR025
-0.0638839 -0.0179606 3.7884
-0.0638769 -0.0179618 3.7884
-0.0638757 -0.017963 3.7884
-0.0638764 -0.0179658 3.7884
-0.0638796 -0.0179584 3.7884
20MABNDM000168_PR026
0.0202962 -0.0562433 3.98442
0.0203248 -0.0562372 3.98442
-0.0388168 -0.0248519 3.98451
0.0203081 -0.0562373 3.98442
0.0203133 -0.0562346 3.98442
20MABNDM000168_PR001
-0.0464009 -0.10978 5.89445
-0.0506673 -0.109217 5.89443
-0.0471776 -0.109267 5.89445
-0.0425554 -0.102399 5.89456
-0.026151 -0.108725 5.89454
20MABNDM000168_20MABNDL000077
0.00389494 -0.0118486 5.46861
0.00706872 -0.0193668 5.46863
0.00301357 -0.0253493 5.46866
0.00707116 -0.0193564 5.46863
20MABNDL000196_PR036
0.0466583 0.0016406 3.68778
0.0466573 0.00163712 3.68778
0.0466586 0.0016202 3.68778
0.0466549 0.00162313 3.68778
20MABNDL000196_PR037
0.00952504 0.0416347 3.884
0.00952919 0.0416272 3.884
0.00952601 0.0416644 3.884
0.00954026 0.0416463 3.884
20MABNDL000196_PR012
-0.102009 0.108356 5.83379
0.0233403 0.107952 5.83491
-0.0132704 0.10836 5.83486
-0.029087 0.102403 5.83484
20MABNDL000196_20MABNDM000020
0.00961427 0.0288374 5.39433
0.00963942 0.0288255 5.39433
-0.00395222 0.0386366 5.3943
-0.00395216 0.0386088 5.3943


*****************************************************************coordonnees du prisme dans le repere ATLAS********************************************************************************** 
20MABNDM000168_PR025 0
2.83576 -3.67863 1.09775
2.83575 -3.67863 1.09775
2.83575 -3.67864 1.09775
2.83575 -3.67864 1.09775
2.83576 -3.67863 1.09775
20MABNDM000168_PR026 0
2.79746 -3.76272 1.29381
2.79747 -3.76275 1.29381
2.82887 -3.70362 1.29387
2.79747 -3.76274 1.29381
2.79747 -3.76274 1.29381
20MABNDM000168_PR001 0
2.74406 -3.6953 3.20381
2.74462 -3.69104 3.20379
2.74457 -3.69453 3.20381
2.75144 -3.69915 3.20392
2.74511 -3.71555 3.20391
20MABNDM000168_20MABNDL000077 0
2.84195 -3.74578 2.77798
2.83443 -3.74896 2.778
2.82845 -3.7449 2.77803
2.83444 -3.74896 2.778
20MABNDL000196_PR036 0
-2.85197 -3.69762 -6.4791
-2.85197 -3.69762 -6.4791
-2.85199 -3.69762 -6.4791
-2.85198 -3.69762 -6.4791
20MABNDL000196_PR037 0
-2.81196 -3.73491 -6.67529
-2.81197 -3.73491 -6.67529
-2.81193 -3.73491 -6.67529
-2.81195 -3.7349 -6.67529
20MABNDL000196_PR012 0
-2.74523 -3.84823 -8.62497
-2.74569 -3.72288 -8.62621
-2.74527 -3.75949 -8.62612
-2.75122 -3.77531 -8.62609
20MABNDL000196_20MABNDM000020 0
-2.82479 -3.73624 -8.18561
-2.8248 -3.73621 -8.18561
-2.81498 -3.7498 -8.18558
-2.81501 -3.7498 -8.18558


*****************************************************************Rapport********************************************************************************** 
CAM-LBC-US_EBC-US-HO-H 2014.08.18.23.07.15 2.83575 -3.67863 1.09775 2.46207e-06 2.96484e-06 0 0 VRAI 
CAM-LBC-US_JDC-US-H 2014.08.18.23.07.15 2.80375 -3.75092 1.29382 0.0125607 0.0236476 2.57499e-05 0 VRAI 
CAM-LBC-US_EBA-US-IP-H 2014.08.18.23.07.15 2.74596 -3.69911 3.20385 0.00275919 0.00861459 5.61526e-05 0 VRAI 
CAM-LBC-US_CAM-LBA-US 2014.08.18.23.07.15 2.83482 -3.74715 2.77801 0.00478838 0.00183457 1.67734e-05 0 VRAI 
CAM-LBC-USA_EBC-USA-HO-H 2014.08.18.23.07.15 -2.85198 -3.69762 -6.4791 8.72267e-06 1.5126e-06 0 0 VRAI 
CAM-LBC-USA_JDC-USA-H 2014.08.18.23.07.15 -2.81195 -3.73491 -6.67529 1.40418e-05 5.97237e-06 0 0 VRAI 
CAM-LBC-USA_EBA-USA-IP-H 2014.08.18.23.07.15 -2.74685 -3.77648 -8.62585 0.00252687 0.0455817 0.000509106 0 VRAI 
CAM-LBC-USA_CAM-LBA-USA 2014.08.18.23.07.15 -2.8199 -3.74301 -8.18559 0.00489886 0.00678719 1.71661e-05 0 VRAI 
