********** Fichier qui contient une sauvegarde des coordonnees images + coordonnees images transformees dans le repere BCAM (MOUNT) + coordonnees des prismes dans le repere MOUNT********** 
********************************************************************** Unite en metres (m)************************************************************************************************** 

*******************************************************************coordonnees images dans le repere CCD *********************************************************************************** 
20MABNDB000135_PR027
Spot 1 0.00185489 0.00124704
Spot 2 0.0020932 0.00124903
Spot 1 0.00185482 0.00124696
Spot 2 0.0020932 0.00124898
Spot 1 0.00185489 0.00124686
Spot 2 0.00209323 0.00124916
Spot 1 0.00185489 0.00124706
Spot 2 0.00209324 0.00124914
Spot 1 0.00185486 0.00124715
Spot 2 0.00209314 0.00124914
Spot 1 0.00185496 0.00124699
Spot 2 0.00209317 0.00124918
Spot 1 0.00185486 0.00124713
Spot 2 0.00209319 0.00124919
Spot 1 0.00185482 0.00124706
Spot 2 0.00209333 0.00124919
Spot 1 0.00185475 0.00124701
Spot 2 0.00209321 0.0012492
20MABNDB000126_PR028
Spot 1 0.0018479 0.00140835
Spot 2 0.00153222 0.00140718
Spot 1 0.00184793 0.00140844
Spot 2 0.00153223 0.00140713
Spot 1 0.00184788 0.00140839
Spot 2 0.00153223 0.00140713
Spot 1 0.00184802 0.00140833
Spot 2 0.00153225 0.00140708
Spot 1 0.00184788 0.00140827
Spot 2 0.00153232 0.00140704
Spot 1 0.00184792 0.00140837
Spot 2 0.00153232 0.00140712
Spot 1 0.00184788 0.0014082
Spot 2 0.00153235 0.00140712
Spot 1 0.0018479 0.00140835
Spot 2 0.00153225 0.00140721
20MABNDA000272_PR038
Spot 1 0.0020338 0.00138637
Spot 2 0.00179156 0.00138467
Spot 1 0.00203398 0.00138636
Spot 2 0.00179157 0.00138467
Spot 1 0.00203386 0.00138638
Spot 2 0.0017915 0.00138477
Spot 1 0.00203385 0.00138639
Spot 2 0.00179171 0.00138462
Spot 1 0.00203395 0.00138639
Spot 2 0.00179146 0.00138476
Spot 1 0.00203398 0.00138642
Spot 2 0.00179162 0.00138471
Spot 1 0.00203379 0.00138648
Spot 2 0.00179148 0.00138486
Spot 1 0.0020339 0.00138637
Spot 2 0.00179149 0.00138476
20MABNDA000003_PR039
Spot 1 0.00211596 0.00112574
Spot 2 0.00180248 0.00112738
Spot 1 0.00211592 0.00112577
Spot 2 0.00180242 0.00112747
Spot 1 0.00211594 0.0011257
Spot 2 0.00180241 0.00112736
Spot 1 0.00211587 0.0011257
Spot 2 0.00180244 0.00112745
Spot 1 0.00211593 0.00112574
Spot 2 0.00180241 0.00112745
Spot 1 0.00211596 0.00112574
Spot 2 0.00180242 0.00112738
Spot 1 0.002116 0.00112573
Spot 2 0.00180243 0.00112736
Spot 1 0.00211599 0.00112571
Spot 2 0.00180241 0.00112737


****************************************************************coordonnees images transformees dans le repere MOUNT************************************************************************* 
20MABNDB000135_PR027
Spot 1 -0.0125461 -0.0128656 -0.074647
Spot 2 -0.0123078 -0.0128663 -0.074647
Spot 1 -0.0125462 -0.0128657 -0.074647
Spot 2 -0.0123078 -0.0128663 -0.074647
Spot 1 -0.0125461 -0.0128658 -0.074647
Spot 2 -0.0123077 -0.0128661 -0.074647
Spot 1 -0.0125461 -0.0128656 -0.074647
Spot 2 -0.0123077 -0.0128662 -0.074647
Spot 1 -0.0125461 -0.0128655 -0.074647
Spot 2 -0.0123078 -0.0128662 -0.074647
Spot 1 -0.012546 -0.0128656 -0.074647
Spot 2 -0.0123078 -0.0128661 -0.074647
Spot 1 -0.0125461 -0.0128655 -0.074647
Spot 2 -0.0123078 -0.0128661 -0.074647
Spot 1 -0.0125462 -0.0128656 -0.074647
Spot 2 -0.0123076 -0.0128661 -0.074647
Spot 1 -0.0125462 -0.0128656 -0.074647
Spot 2 -0.0123078 -0.0128661 -0.074647
20MABNDB000126_PR028
Spot 1 -0.0123284 -0.0127727 -0.075004
Spot 2 -0.0126441 -0.0127756 -0.075004
Spot 1 -0.0123284 -0.0127726 -0.075004
Spot 2 -0.0126441 -0.0127756 -0.075004
Spot 1 -0.0123285 -0.0127727 -0.075004
Spot 2 -0.0126441 -0.0127756 -0.075004
Spot 1 -0.0123283 -0.0127727 -0.075004
Spot 2 -0.0126441 -0.0127757 -0.075004
Spot 1 -0.0123284 -0.0127728 -0.075004
Spot 2 -0.012644 -0.0127757 -0.075004
Spot 1 -0.0123284 -0.0127727 -0.075004
Spot 2 -0.012644 -0.0127756 -0.075004
Spot 1 -0.0123284 -0.0127729 -0.075004
Spot 2 -0.012644 -0.0127756 -0.075004
Spot 1 -0.0123284 -0.0127727 -0.075004
Spot 2 -0.0126441 -0.0127756 -0.075004
20MABNDA000272_PR038
Spot 1 -0.0128702 0.0127253 -0.074179
Spot 2 -0.012628 0.0127266 -0.074179
Spot 1 -0.0128704 0.0127253 -0.074179
Spot 2 -0.012628 0.0127266 -0.074179
Spot 1 -0.0128703 0.0127253 -0.074179
Spot 2 -0.0126279 0.0127265 -0.074179
Spot 1 -0.0128703 0.0127253 -0.074179
Spot 2 -0.0126281 0.0127266 -0.074179
Spot 1 -0.0128704 0.0127253 -0.074179
Spot 2 -0.0126279 0.0127265 -0.074179
Spot 1 -0.0128704 0.0127252 -0.074179
Spot 2 -0.012628 0.0127265 -0.074179
Spot 1 -0.0128702 0.0127252 -0.074179
Spot 2 -0.0126279 0.0127264 -0.074179
Spot 1 -0.0128703 0.0127253 -0.074179
Spot 2 -0.0126279 0.0127265 -0.074179
20MABNDA000003_PR039
Spot 1 -0.012915 0.0129268 -0.073734
Spot 2 -0.0126015 0.0129244 -0.073734
Spot 1 -0.012915 0.0129268 -0.073734
Spot 2 -0.0126015 0.0129243 -0.073734
Spot 1 -0.012915 0.0129269 -0.073734
Spot 2 -0.0126015 0.0129244 -0.073734
Spot 1 -0.0129149 0.0129269 -0.073734
Spot 2 -0.0126015 0.0129243 -0.073734
Spot 1 -0.012915 0.0129268 -0.073734
Spot 2 -0.0126015 0.0129243 -0.073734
Spot 1 -0.012915 0.0129268 -0.073734
Spot 2 -0.0126015 0.0129244 -0.073734
Spot 1 -0.0129151 0.0129268 -0.073734
Spot 2 -0.0126015 0.0129244 -0.073734
Spot 1 -0.012915 0.0129268 -0.073734
Spot 2 -0.0126015 0.0129244 -0.073734


*****************************************************************coordonnees du prisme dans le repere MOUNT********************************************************************************** 
20MABNDB000135_PR027 0
-0.0201831 -0.0220065 2.74936
-0.0201818 -0.0220041 2.74936
-0.0201837 -0.0220056 2.74936
-0.0201839 -0.0220088 2.74936
-0.0201815 -0.0220105 2.74936
-0.0201839 -0.0220083 2.74936
-0.0201825 -0.0220111 2.74936
-0.0201843 -0.0220098 2.74936
-0.0201808 -0.0220091 2.74936
20MABNDB000126_PR028 0
-0.0176993 -0.0217824 2.14694
-0.0176998 -0.0217829 2.14694
-0.0176991 -0.0217822 2.14694
-0.0177014 -0.0217806 2.14694
-0.0177004 -0.0217792 2.14694
-0.017701 -0.0217818 2.14694
-0.0177008 -0.0217794 2.14694
-0.0176997 -0.0217828 2.14694
20MABNDA000272_PR038 0
-0.00952436 0.0267258 2.74962
-0.0095209 0.0267256 2.74962
-0.00952438 0.0267278 2.74962
-0.00952073 0.0267252 2.74962
-0.00952346 0.0267278 2.74962
-0.00951998 0.0267274 2.74962
-0.00952602 0.0267313 2.74962
-0.00952382 0.0267274 2.74962
20MABNDA000003_PR039 0
-0.0111547 0.0183874 2.1491
-0.0111562 0.0183891 2.1491
-0.011156 0.0183865 2.1491
-0.0111566 0.0183878 2.1491
-0.0111562 0.0183884 2.1491
-0.0111556 0.0183874 2.1491
-0.0111549 0.018387 2.1491
-0.0111553 0.0183868 2.1491


*****************************************************************coordonnees du prisme dans le repere ATLAS********************************************************************************** 
20MABNDB000135_PR027 0
-0.0201831 -0.0220065 2.74936
-0.0201818 -0.0220041 2.74936
-0.0201837 -0.0220056 2.74936
-0.0201839 -0.0220088 2.74936
-0.0201815 -0.0220105 2.74936
-0.0201839 -0.0220083 2.74936
-0.0201825 -0.0220111 2.74936
-0.0201843 -0.0220098 2.74936
-0.0201808 -0.0220091 2.74936
20MABNDB000126_PR028 0
-0.0176993 -0.0217824 2.14694
-0.0176998 -0.0217829 2.14694
-0.0176991 -0.0217822 2.14694
-0.0177014 -0.0217806 2.14694
-0.0177004 -0.0217792 2.14694
-0.017701 -0.0217818 2.14694
-0.0177008 -0.0217794 2.14694
-0.0176997 -0.0217828 2.14694
20MABNDA000272_PR038 0
-0.00952436 0.0267258 2.74962
-0.0095209 0.0267256 2.74962
-0.00952438 0.0267278 2.74962
-0.00952073 0.0267252 2.74962
-0.00952346 0.0267278 2.74962
-0.00951998 0.0267274 2.74962
-0.00952602 0.0267313 2.74962
-0.00952382 0.0267274 2.74962
20MABNDA000003_PR039 0
-0.0111547 0.0183874 2.1491
-0.0111562 0.0183891 2.1491
-0.011156 0.0183865 2.1491
-0.0111566 0.0183878 2.1491
-0.0111562 0.0183884 2.1491
-0.0111556 0.0183874 2.1491
-0.0111549 0.018387 2.1491
-0.0111553 0.0183868 2.1491


*****************************************************************Rapport********************************************************************************** 
CAM-EBC-US-IP_EBC-US-IP 2014.08.15.08.44.32 2.60132 -4.19783 -3.81196 1.20235e-06 0 2.21608e-06 0 VRAI 
CAM-EBC-US-HO_EBC-US-HO 2014.08.15.08.44.32 2.60821 -4.19695 -5.91044 7.58058e-07 0 1.30042e-06 0 VRAI 
CAM-EBC-USA-IP_EBC-USA-IP 2014.08.15.08.44.32 -2.61501 -4.19702 -3.81176 2.00696e-06 0 1.79186e-06 0 VRAI 
CAM-EBC-USA-HO_EBC-USA-HO 2014.08.15.08.44.32 -2.61057 -4.19693 -5.91438 6.16555e-07 0 8.06317e-07 0 VRAI 
