********** Fichier qui contient une sauvegarde des coordonnees images + coordonnees images transformees dans le repere BCAM (MOUNT) + coordonnees des prismes dans le repere MOUNT********** 
********************************************************************** Unite en metres (m)************************************************************************************************** 

*******************************************************************coordonnees images dans le repere CCD *********************************************************************************** 
20MABNDB000135_PR027
Spot 1 0.003375 2.5e-05
Spot 2 0.001405 0.000565
Spot 1 0.002835 0.001165
Spot 2 0.001215 0.002185
Spot 1 0.002835 0.001165
Spot 2 0.001215 0.002185
Spot 1 0.002835 0.001165
Spot 2 0.003375 2.5e-05
Spot 1 0.002835 0.001165
Spot 2 0.001215 0.002185
20MABNDB000126_PR028
Spot 1 0.001615 9.5e-05
Spot 2 0.00328364 0.00033636
Spot 1 0.001615 9.5e-05
Spot 2 0.00328382 0.00033618
Spot 1 0.000375 0.001175
Spot 2 0.001615 9.5e-05
Spot 1 0.001615 9.5e-05
Spot 2 0.00328389 0.00033611
Spot 1 0.001615 9.5e-05
Spot 2 0.00328389 0.00033611
20MABNDA000272_PR038
Spot 1 0.000365 9.5e-05
Spot 2 0.002445 0.000265
Spot 1 0.000365 9.5e-05
Spot 2 0.002445 0.000265
Spot 1 0.000365 9.5e-05
Spot 2 0.002445 0.000265
Spot 1 0.000365 9.5e-05
Spot 2 0.002445 0.000265
Spot 1 0.000365 9.5e-05
Spot 2 0.002445 0.000265
20MABNDA000003_PR039
Spot 1 0.001035 5.5e-05
Spot 2 0.001385 7.5e-05
Spot 1 0.001035 5.5e-05
Spot 2 0.001385 7.5e-05
Spot 1 0.001035 5.5e-05
Spot 2 0.001385 7.5e-05
Spot 1 0.001035 5.5e-05
Spot 2 0.001385 7.5e-05
Spot 1 0.001035 5.5e-05
Spot 2 0.001385 7.5e-05


****************************************************************coordonnees images transformees dans le repere MOUNT************************************************************************* 
20MABNDB000135_PR027
Spot 1 -0.0110397 -0.0141045 -0.074647
Spot 2 -0.0130036 -0.0135426 -0.074647
Spot 1 -0.011567 -0.0129585 -0.074647
Spot 2 -0.0131755 -0.0119206 -0.074647
Spot 1 -0.011567 -0.0129585 -0.074647
Spot 2 -0.0131755 -0.0119206 -0.074647
Spot 1 -0.011567 -0.0129585 -0.074647
Spot 2 -0.0110397 -0.0141045 -0.074647
Spot 1 -0.011567 -0.0129585 -0.074647
Spot 2 -0.0131755 -0.0119206 -0.074647
20MABNDB000126_PR028
Spot 1 -0.0125543 -0.0140873 -0.075004
Spot 2 -0.010887 -0.013837 -0.075004
Spot 1 -0.0125543 -0.0140873 -0.075004
Spot 2 -0.0108868 -0.0138372 -0.075004
Spot 1 -0.0138001 -0.0130139 -0.075004
Spot 2 -0.0125543 -0.0140873 -0.075004
Spot 1 -0.0125543 -0.0140873 -0.075004
Spot 2 -0.0108867 -0.0138373 -0.075004
Spot 1 -0.0125543 -0.0140873 -0.075004
Spot 2 -0.0108867 -0.0138373 -0.075004
20MABNDA000272_PR038
Spot 1 -0.0111991 0.0140137 -0.074179
Spot 2 -0.0132794 0.0138474 -0.074179
Spot 1 -0.0111991 0.0140137 -0.074179
Spot 2 -0.0132794 0.0138474 -0.074179
Spot 1 -0.0111991 0.0140137 -0.074179
Spot 2 -0.0132794 0.0138474 -0.074179
Spot 1 -0.0111991 0.0140137 -0.074179
Spot 2 -0.0132794 0.0138474 -0.074179
Spot 1 -0.0111991 0.0140137 -0.074179
Spot 2 -0.0132794 0.0138474 -0.074179
20MABNDA000003_PR039
Spot 1 -0.0118313 0.0139948 -0.073734
Spot 2 -0.0121814 0.0139757 -0.073734
Spot 1 -0.0118313 0.0139948 -0.073734
Spot 2 -0.0121814 0.0139757 -0.073734
Spot 1 -0.0118313 0.0139948 -0.073734
Spot 2 -0.0121814 0.0139757 -0.073734
Spot 1 -0.0118313 0.0139948 -0.073734
Spot 2 -0.0121814 0.0139757 -0.073734
Spot 1 -0.0118313 0.0139948 -0.073734
Spot 2 -0.0121814 0.0139757 -0.073734


*****************************************************************coordonnees du prisme dans le repere MOUNT********************************************************************************** 
20MABNDB000135_PR027
-0.0350454 0.0131093 2.74917
-0.0222256 -0.0376416 2.74926
-0.0222256 -0.0376416 2.74926
-0.0613805 0.00239963 2.74891
-0.0222256 -0.0376416 2.74926
20MABNDB000126_PR028
-0.0395214 0.0120815 2.14665
-0.039524 0.012084 2.14665
0.0019967 0.000352322 2.14687
-0.039525 0.012085 2.14665
-0.039525 0.012085 2.14665
20MABNDA000272_PR038
-0.0282059 -0.0174172 2.74945
-0.0282059 -0.0174172 2.74945
-0.0282059 -0.0174172 2.74945
-0.0282059 -0.0174172 2.74945
-0.0282059 -0.0174172 2.74945
20MABNDA000003_PR039
-0.0326451 -0.0118988 2.14887
-0.0326451 -0.0118988 2.14887
-0.0326451 -0.0118988 2.14887
-0.0326451 -0.0118988 2.14887
-0.0326451 -0.0118988 2.14887


*****************************************************************coordonnees du prisme dans le repere ATLAS********************************************************************************** 
20MABNDB000135_PR027 0
2.58626 -4.19766 -3.84699
2.59936 -4.19794 -3.79632
2.59936 -4.19794 -3.79632
2.55998 -4.19752 -3.83613
2.59936 -4.19794 -3.79632
20MABNDB000126_PR028 0
2.58637 -4.19738 -5.94429
2.58637 -4.19738 -5.94429
2.62789 -4.19712 -5.93258
2.58637 -4.19738 -5.94429
2.58637 -4.19738 -5.94429
20MABNDA000272_PR038 0
-2.59633 -4.19719 -3.85591
-2.59633 -4.19719 -3.85591
-2.59633 -4.19719 -3.85591
-2.59633 -4.19719 -3.85591
-2.59633 -4.19719 -3.85591
20MABNDA000003_PR039 0
-2.58908 -4.1973 -5.94466
-2.58908 -4.1973 -5.94466
-2.58908 -4.1973 -5.94466
-2.58908 -4.1973 -5.94466
-2.58908 -4.1973 -5.94466


*****************************************************************Rapport********************************************************************************** 
CAM-EBC-US-IP_EBC-US-IP 2014.08.15.13.38.08 2.58886 -4.1978 -3.81442 0.015308 0.000177485 0.0224311 0 VRAI 
CAM-EBC-US-HO_EBC-US-HO 2014.08.15.13.38.08 2.59467 -4.19733 -5.94195 0.0166106 0.000105095 0.00468383 0 VRAI 
CAM-EBC-USA-IP_EBC-USA-IP 2014.08.15.13.38.08 -2.59633 -4.19719 -3.85591 0 0 0 0 VRAI 
CAM-EBC-USA-HO_EBC-USA-HO 2014.08.15.13.38.08 -2.58908 -4.1973 -5.94466 0 0 0 0 VRAI 
