********** Fichier qui contient une sauvegarde des coordonnees images + coordonnees images transformees dans le repere BCAM (MOUNT) + coordonnees des prismes dans le repere MOUNT********** 
********************************************************************** Unite en metres (m)************************************************************************************************** 

*******************************************************************coordonnees images dans le repere CCD *********************************************************************************** 
20MABNDB000135_PR027
Spot 1   0.00188895   0.00087149
Spot 2   0.00210784   0.00087437
Spot 1   0.00188895   0.00087135
Spot 2   0.00210803   0.00087414
Spot 1   0.00188882   0.00087125
Spot 2   0.00210794   0.00087396
Spot 1   0.00188884   0.00087103
Spot 2   0.00210784   0.00087384
Spot 1   0.00188879   0.00087060
Spot 2   0.00210795   0.00087351
Spot 1   0.00188877   0.00087049
Spot 2   0.00210800   0.00087337
Spot 1   0.00188885   0.00087024
Spot 2   0.00210803   0.00087320
Spot 1   0.00188892   0.00087007
Spot 2   0.00210815   0.00087296
Spot 1   0.00188901   0.00086990
Spot 2   0.00210806   0.00087285
20MABNDB000126_PR028
Spot 1   0.00196573   0.00192537
Spot 2   0.00168320   0.00192445
Spot 1   0.00196591   0.00192516
Spot 2   0.00168334   0.00192422
Spot 1   0.00196602   0.00192460
Spot 2   0.00168336   0.00192371
Spot 1   0.00196608   0.00192416
Spot 2   0.00168332   0.00192349
Spot 1   0.00196629   0.00192394
Spot 2   0.00168357   0.00192330
Spot 1   0.00196628   0.00192363
Spot 2   0.00168355   0.00192325
Spot 1   0.00196643   0.00192334
Spot 2   0.00168349   0.00192293
Spot 1   0.00196646   0.00192313
Spot 2   0.00168375   0.00192281
20MABNDA000272_PR038
Spot 1   0.00190665   0.00098788
Spot 2   0.00168172   0.00098668
Spot 1   0.00190681   0.00098796
Spot 2   0.00168145   0.00098681
Spot 1   0.00190680   0.00098779
Spot 2   0.00168177   0.00098665
Spot 1   0.00190665   0.00098775
Spot 2   0.00168150   0.00098675
Spot 1   0.00190665   0.00098777
Spot 2   0.00168162   0.00098662
Spot 1   0.00190671   0.00098789
Spot 2   0.00168164   0.00098657
Spot 1   0.00190658   0.00098782
Spot 2   0.00168145   0.00098681
Spot 1   0.00190664   0.00098773
Spot 2   0.00168167   0.00098648
20MABNDA000003_PR039
Spot 1   0.00229951   0.00194262
Spot 2   0.00202282   0.00194257
Spot 1   0.00229961   0.00194265
Spot 2   0.00202291   0.00194264
Spot 1   0.00229977   0.00194261
Spot 2   0.00202308   0.00194258
Spot 1   0.00229985   0.00194246
Spot 2   0.00202317   0.00194250
Spot 1   0.00230005   0.00194245
Spot 2   0.00202325   0.00194253
Spot 1   0.00230003   0.00194239
Spot 2   0.00202345   0.00194244
Spot 1   0.00230015   0.00194230
Spot 2   0.00202348   0.00194235
Spot 1   0.00230029   0.00194216
Spot 2   0.00202359   0.00194238


****************************************************************coordonnees images transformees dans le repere MOUNT************************************************************************* 
20MABNDB000135_PR027
Spot 1  -0.01251622  -0.01324150  -0.07464699
Spot 2  -0.01229731  -0.01324106  -0.07464699
Spot 1  -0.01251622  -0.01324164  -0.07464699
Spot 2  -0.01229712  -0.01324129  -0.07464699
Spot 1  -0.01251635  -0.01324174  -0.07464699
Spot 2  -0.01229721  -0.01324147  -0.07464699
Spot 1  -0.01251633  -0.01324196  -0.07464699
Spot 2  -0.01229731  -0.01324159  -0.07464699
Spot 1  -0.01251639  -0.01324239  -0.07464699
Spot 2  -0.01229721  -0.01324192  -0.07464699
Spot 1  -0.01251641  -0.01324250  -0.07464699
Spot 2  -0.01229716  -0.01324206  -0.07464699
Spot 1  -0.01251633  -0.01324275  -0.07464699
Spot 2  -0.01229713  -0.01324223  -0.07464699
Spot 1  -0.01251626  -0.01324292  -0.07464699
Spot 2  -0.01229701  -0.01324248  -0.07464699
Spot 1  -0.01251618  -0.01324310  -0.07464699
Spot 2  -0.01229711  -0.01324258  -0.07464699
20MABNDB000126_PR028
Spot 1  -0.01221336  -0.01225509  -0.07500400
Spot 2  -0.01249588  -0.01225751  -0.07500400
Spot 1  -0.01221318  -0.01225530  -0.07500400
Spot 2  -0.01249574  -0.01225774  -0.07500400
Spot 1  -0.01221307  -0.01225585  -0.07500400
Spot 2  -0.01249572  -0.01225825  -0.07500400
Spot 1  -0.01221301  -0.01225629  -0.07500400
Spot 2  -0.01249576  -0.01225847  -0.07500400
Spot 1  -0.01221279  -0.01225651  -0.07500400
Spot 2  -0.01249551  -0.01225866  -0.07500400
Spot 1  -0.01221280  -0.01225682  -0.07500400
Spot 2  -0.01249553  -0.01225871  -0.07500400
Spot 1  -0.01221265  -0.01225711  -0.07500400
Spot 2  -0.01249558  -0.01225903  -0.07500400
Spot 1  -0.01221262  -0.01225732  -0.07500400
Spot 2  -0.01249532  -0.01225915  -0.07500400
20MABNDA000272_PR038
Spot 1  -0.01274237   0.01312356  -0.07417900
Spot 2  -0.01251744   0.01312436  -0.07417900
Spot 1  -0.01274253   0.01312348  -0.07417900
Spot 2  -0.01251717   0.01312423  -0.07417900
Spot 1  -0.01274252   0.01312365  -0.07417900
Spot 2  -0.01251748   0.01312439  -0.07417900
Spot 1  -0.01274237   0.01312369  -0.07417900
Spot 2  -0.01251722   0.01312429  -0.07417900
Spot 1  -0.01274237   0.01312367  -0.07417900
Spot 2  -0.01251733   0.01312442  -0.07417900
Spot 1  -0.01274243   0.01312355  -0.07417900
Spot 2  -0.01251736   0.01312447  -0.07417900
Spot 1  -0.01274230   0.01312362  -0.07417900
Spot 2  -0.01251717   0.01312423  -0.07417900
Spot 1  -0.01274236   0.01312371  -0.07417900
Spot 2  -0.01251739   0.01312456  -0.07417900
20MABNDA000003_PR039
Spot 1  -0.01310064   0.01211040  -0.07373400
Spot 2  -0.01282395   0.01210975  -0.07373400
Spot 1  -0.01310073   0.01211037  -0.07373400
Spot 2  -0.01282404   0.01210968  -0.07373400
Spot 1  -0.01310090   0.01211041  -0.07373400
Spot 2  -0.01282421   0.01210974  -0.07373400
Spot 1  -0.01310098   0.01211057  -0.07373400
Spot 2  -0.01282430   0.01210982  -0.07373400
Spot 1  -0.01310117   0.01211058  -0.07373400
Spot 2  -0.01282438   0.01210979  -0.07373400
Spot 1  -0.01310115   0.01211064  -0.07373400
Spot 2  -0.01282458   0.01210988  -0.07373400
Spot 1  -0.01310127   0.01211073  -0.07373400
Spot 2  -0.01282461   0.01210997  -0.07373400
Spot 1  -0.01310141   0.01211087  -0.07373400
Spot 2  -0.01282472   0.01210994  -0.07373400


*****************************************************************coordonnees du prisme dans le repere MOUNT********************************************************************************** 
20MABNDB000135_PR027
 -0.02092290  -0.00824144   2.74936891
 -0.02092630  -0.00823459   2.74936891
 -0.02092224  -0.00822952   2.74936891
 -0.02092068  -0.00822330   2.74936891
 -0.02092164  -0.00820935   2.74936867
 -0.02092214  -0.00820476   2.74936867
 -0.02092407  -0.00819704   2.74936867
 -0.02092746  -0.00818949   2.74936867
 -0.02092739  -0.00818435   2.74936867
20MABNDB000126_PR028
 -0.02145155  -0.03654376   2.14681864
 -0.02145614  -0.03653751   2.14681864
 -0.02145808  -0.03652227   2.14681888
 -0.02145841  -0.03651287   2.14681888
 -0.02146500  -0.03650706   2.14681888
 -0.02146460  -0.03650193   2.14681911
 -0.02146593  -0.03649323   2.14681911
 -0.02147010  -0.03648856   2.14681911
20MABNDA000272_PR038
 -0.01389262   0.01213943   2.74965906
 -0.01389464   0.01214327   2.74965906
 -0.01388897   0.01213721   2.74965906
 -0.01389665   0.01213832   2.74965906
 -0.01389446   0.01213630   2.74965906
 -0.01389298   0.01213758   2.74965906
 -0.01389885   0.01214071   2.74965906
 -0.01389373   0.01213301   2.74965906
20MABNDA000003_PR039
 -0.00532386   0.04169542   2.14890766
 -0.00532114   0.04169684   2.14890766
 -0.00531643   0.04169540   2.14890766
 -0.00531399   0.04169210   2.14890766
 -0.00531000   0.04169238   2.14890766
 -0.00530743   0.04169024   2.14890766
 -0.00530530   0.04168766   2.14890766
 -0.00530174   0.04168607   2.14890766


*****************************************************************coordonnees du prisme dans le repere ATLAS********************************************************************************** 
20MABNDB000135_PR027 0.00300000
  2.60049963  -4.19476318  -3.82572341
  2.60049629  -4.19476318  -3.82573009
  2.60050035  -4.19476318  -3.82573533
  2.60050178  -4.19476318  -3.82574153
  2.60050082  -4.19476366  -3.82575536
  2.60050035  -4.19476366  -3.82576013
  2.60049820  -4.19476366  -3.82576776
  2.60049486  -4.19476318  -3.82577538
  2.60049486  -4.19476318  -3.82578039
20MABNDB000126_PR028 0.00300000
  2.60446429  -4.19400787  -5.89567280
  2.60445952  -4.19400787  -5.89567900
  2.60445762  -4.19400740  -5.89569426
  2.60445738  -4.19400740  -5.89570379
  2.60445070  -4.19400740  -5.89570951
  2.60445118  -4.19400740  -5.89571476
  2.60444975  -4.19400740  -5.89572334
  2.60444570  -4.19400740  -5.89572811
20MABNDA000272_PR038 0.00300000
 -2.61064053  -4.19398212  -3.82634640
 -2.61063862  -4.19398212  -3.82634258
 -2.61064434  -4.19398212  -3.82634854
 -2.61063647  -4.19398212  -3.82634735
 -2.61063886  -4.19398212  -3.82634950
 -2.61064029  -4.19398212  -3.82634807
 -2.61063433  -4.19398212  -3.82634497
 -2.61063957  -4.19398212  -3.82635283
20MABNDA000003_PR039 0.00300000
 -2.61640215  -4.19402742  -5.89107037
 -2.61640477  -4.19402742  -5.89106894
 -2.61640954  -4.19402742  -5.89107037
 -2.61641192  -4.19402742  -5.89107370
 -2.61641598  -4.19402742  -5.89107323
 -2.61641860  -4.19402742  -5.89107561
 -2.61642075  -4.19402742  -5.89107800
 -2.61642432  -4.19402742  -5.89107943


*****************************************************************Rapport********************************************************************************** 
CAM-EBC-US-IP_EBC-US-IP     2014.08.28.18.40.10   2.60049857  -4.19476334  -3.82575215   0.00000249   0.00000022   0.00001933 0.00300000 VRAI 
CAM-EBC-US-HO_EBC-US-HO     2014.08.28.18.40.10   2.60445452  -4.19400752  -5.89570320   0.00000575   0.00000021   0.00001868 0.00300000 VRAI 
CAM-EBC-USA-IP_EBC-USA-IP   2014.08.28.18.40.10  -2.61063913  -4.19398212  -3.82634753   0.00000276   0.00000000   0.00000287 0.00300000 VRAI 
CAM-EBC-USA-HO_EBC-USA-HO   2014.08.28.18.40.10  -2.61641350  -4.19402742  -5.89107370   0.00000729   0.00000000   0.00000354 0.00300000 VRAI 
