********** Fichier qui contient une sauvegarde des coordonnees images + coordonnees images transformees dans le repere BCAM (MOUNT) + coordonnees des prismes dans le repere MOUNT********** 
********************************************************************** Unite en metres (m)************************************************************************************************** 

*******************************************************************coordonnees images dans le repere CCD *********************************************************************************** 
20MABNDM000168_PR025
Spot 1 0.00284192 0.00136769
Spot 2 0.00266767 0.00137089
Spot 1 0.00284177 0.00136776
Spot 2 0.00266768 0.00137126
Spot 1 0.00284171 0.00136775
Spot 2 0.00266776 0.00137121
Spot 1 0.0028418 0.00136774
Spot 2 0.00266749 0.00137109
Spot 1 0.00284181 0.001368
Spot 2 0.00266784 0.00137123
20MABNDM000168_PR026
Spot 1 0.00217875 0.00121813
Spot 2 -1e-06 -1e-06
Spot 1 0.00217823 0.00121823
Spot 2 0.002265 0.001215
Spot 1 0.00217844 0.0012175
Spot 2 -1e-06 -1e-06
Spot 1 0.00217879 0.00121845
Spot 2 -1e-06 -1e-06
Spot 1 0.00217833 0.00121803
Spot 2 -1e-06 -1e-06
20MABNDM000168_PR001
Spot 1 0.001855 6.5e-05
Spot 2 0.002575 0.000105
Spot 1 0.00072 9e-05
Spot 2 0.000255 6.5e-05
Spot 1 0.001105 7.5e-05
Spot 2 0.00330167 0.00022167
Spot 1 0.00241833 0.000125
Spot 2 0.001115 6e-05
20MABNDM000168_20MABNDL000077
Spot 1 0.00158111 0.00141704
Spot 2 0.0014082 0.00144785
Spot 1 0.00158174 0.00141763
Spot 2 0.00138696 0.00103488
Spot 1 0.00158146 0.00141716
Spot 2 0.00138067 0.00110012
Spot 1 0.00158152 0.00141714
Spot 2 0.00138068 0.00110005
20MABNDL000196_PR036
Spot 1 0.00084866 0.00179251
Spot 2 0.00139941 0.00166124
Spot 1 0.00084869 0.00179315
Spot 2 0.00139963 0.00166137
Spot 1 0.00084869 0.00179326
Spot 2 0.00139945 0.00166133
Spot 1 0.00084879 0.00179269
Spot 2 0.00139958 0.00166102
20MABNDL000196_PR037
Spot 1 0.00161664 0.00081044
Spot 2 0.00145548 0.00123312
Spot 1 0.00161707 0.00080948
Spot 2 0.00145531 0.00123271
Spot 1 0.00161678 0.00081092
Spot 2 0.00145493 0.00123292
Spot 1 0.00161739 0.00081011
Spot 2 0.0014552 0.00123267
20MABNDL000196_PR012
Spot 1 0.003375 6.5e-05
Spot 2 0.000725 8.5e-05
Spot 1 0.001355 9.5e-05
Spot 2 0.00043167 0.000135
Spot 1 0.002845 0.000155
Spot 2 0.001905 0.000215
Spot 1 0.001685 3.5e-05
Spot 2 0.00309 5e-05
20MABNDL000196_20MABNDM000020
Spot 1 0.00183344 0.00130264
Spot 2 0.00226043 0.00068026
Spot 1 0.00182777 0.00143009
Spot 2 0.00164231 0.00089154
Spot 1 0.00183343 0.0013025
Spot 2 0.00226042 0.00068
Spot 1 0.00183344 0.00130248
Spot 2 0.0022604 0.00067997


****************************************************************coordonnees images transformees dans le repere MOUNT************************************************************************* 
20MABNDM000168_PR025
Spot 1 -0.0115607 -0.0356977 -0.005329
Spot 2 -0.0117349 -0.0357017 -0.005329
Spot 1 -0.0115608 -0.0356978 -0.005329
Spot 2 -0.0117349 -0.035702 -0.005329
Spot 1 -0.0115609 -0.0356978 -0.005329
Spot 2 -0.0117348 -0.035702 -0.005329
Spot 1 -0.0115608 -0.0356978 -0.005329
Spot 2 -0.0117351 -0.0357019 -0.005329
Spot 1 -0.0115608 -0.035698 -0.005329
Spot 2 -0.0117347 -0.035702 -0.005329
20MABNDM000168_PR026
Spot 1 -0.0122245 -0.035551 -0.005329
Spot 2 -0.0144095 -0.0343413 -0.005329
Spot 1 -0.012225 -0.0355511 -0.005329
Spot 2 -0.0121383 -0.0355475 -0.005329
Spot 1 -0.0122248 -0.0355504 -0.005329
Spot 2 -0.0144095 -0.0343413 -0.005329
Spot 1 -0.0122244 -0.0355513 -0.005329
Spot 2 -0.0144095 -0.0343413 -0.005329
Spot 1 -0.0122249 -0.0355509 -0.005329
Spot 2 -0.0144095 -0.0343413 -0.005329
20MABNDM000168_PR001
Spot 1 0.0125886 -0.0340612 -0.074451
Spot 2 0.0118681 -0.0340906 -0.074451
Spot 1 0.0137231 -0.0341028 -0.074451
Spot 2 0.0141884 -0.0340846 -0.074451
Spot 1 0.0133383 -0.0340822 -0.074451
Spot 2 0.0111398 -0.0341967 -0.074451
Spot 1 0.0120244 -0.0341129 -0.074451
Spot 2 0.0133286 -0.034067 -0.074451
20MABNDM000168_20MABNDL000077
Spot 1 0.0128426 -0.0354171 -0.074451
Spot 2 0.0130151 -0.0354504 -0.074451
Spot 1 0.012842 -0.0354177 -0.074451
Spot 2 0.0130424 -0.0350378 -0.074451
Spot 1 0.0128423 -0.0354172 -0.074451
Spot 2 0.0130477 -0.0351031 -0.074451
Spot 1 0.0128422 -0.0354172 -0.074451
Spot 2 0.0130477 -0.0351031 -0.074451
20MABNDL000196_PR036
Spot 1 0.0118283 0.035981 -0.074836
Spot 2 0.0123793 0.0358509 -0.074836
Spot 1 0.0118283 0.0359816 -0.074836
Spot 2 0.0123795 0.035851 -0.074836
Spot 1 0.0118283 0.0359818 -0.074836
Spot 2 0.0123793 0.035851 -0.074836
Spot 1 0.0118284 0.0359812 -0.074836
Spot 2 0.0123795 0.0358507 -0.074836
20MABNDL000196_PR037
Spot 1 0.0125983 0.0350005 -0.074836
Spot 2 0.0124363 0.0354229 -0.074836
Spot 1 0.0125987 0.0349996 -0.074836
Spot 2 0.0124361 0.0354225 -0.074836
Spot 1 0.0125984 0.035001 -0.074836
Spot 2 0.0124357 0.0354227 -0.074836
Spot 1 0.012599 0.0350002 -0.074836
Spot 2 0.012436 0.0354224 -0.074836
20MABNDL000196_PR012
Spot 1 -0.0141791 0.0343072 -0.00611
Spot 2 -0.01153 0.0343806 -0.00611
Spot 1 -0.0121601 0.0343779 -0.00611
Spot 2 -0.0112378 0.0344364 -0.00611
Spot 1 -0.013651 0.0344079 -0.00611
Spot 2 -0.0127124 0.0344868 -0.00611
Spot 1 -0.0124888 0.0343112 -0.00611
Spot 2 -0.0138939 0.034298 -0.00611
20MABNDL000196_20MABNDM000020
Spot 1 -0.0126628 0.0355756 -0.00611
Spot 2 -0.0130771 0.0349448 -0.00611
Spot 1 -0.0126597 0.0357032 -0.00611
Spot 2 -0.0124634 0.0351685 -0.00611
Spot 1 -0.0126627 0.0355755 -0.00611
Spot 2 -0.0130771 0.0349445 -0.00611
Spot 1 -0.0126628 0.0355755 -0.00611
Spot 2 -0.0130771 0.0349445 -0.00611


*****************************************************************coordonnees du prisme dans le repere MOUNT********************************************************************************** 
20MABNDM000168_PR025
-0.0638819 -0.0179643 -3.7884
-0.0638784 -0.0179534 -3.7884
-0.0638789 -0.0179549 -3.7884
-0.0638744 -0.0179581 -3.7884
-0.0638834 -0.0179483 -3.7884
20MABNDM000168_PR026
0.0203112 -0.0562398 -3.98442
-0.0387968 -0.0248373 -3.98451
0.0203194 -0.0562562 -3.98442
0.0203101 -0.0562315 -3.98442
0.0203222 -0.0562424 -3.98442
20MABNDM000168_PR001
0.0538989 -0.133979 5.8142
-0.0800019 -0.132592 5.81363
0.0530677 -0.129058 5.81429
0.0191558 -0.132892 5.81436
20MABNDM000168_20MABNDL000077
0.000555344 -0.0292576 5.38883
-0.00040171 -0.0440593 5.38883
-0.000603695 -0.0417294 5.38883
-0.000601219 -0.0417326 5.38883
20MABNDL000196_PR036
0.046675 0.00163319 3.68778
0.0466689 0.00161426 3.68778
0.0466733 0.00161262 3.68778
0.0466676 0.0016342 3.68778
20MABNDL000196_PR037
0.0270954 0.0362244 3.88398
0.0270886 0.0362598 3.88398
0.027106 0.0362172 3.88398
0.0270832 0.0362446 3.88398
20MABNDL000196_PR012
0.000784407 0.113719 -5.91524
-0.0890309 0.108796 -5.91482
0.0262124 0.105679 -5.91523
0.0269607 0.11677 -5.91508
20MABNDL000196_20MABNDM000020
0.000871274 0.0420113 -5.47472
-0.021291 0.0293928 -5.47473
0.000870304 0.0420255 -5.47472
0.000869902 0.0420274 -5.47472


*****************************************************************coordonnees du prisme dans le repere ATLAS********************************************************************************** 
20MABNDM000168_PR025 0
2.8353 -3.68145 -6.47905
2.83531 -3.68145 -6.47905
2.83531 -3.68145 -6.47905
2.8353 -3.68146 -6.47905
2.83531 -3.68145 -6.47905
20MABNDM000168_PR026 0
2.79699 -3.7657 -6.67504
2.82841 -3.70661 -6.67515
2.79697 -3.76571 -6.67504
2.797 -3.7657 -6.67504
2.79698 -3.76572 -6.67504
20MABNDM000168_PR001 0
2.71983 -3.79563 3.1236
2.72125 -3.66173 3.12298
2.72475 -3.7948 3.12369
2.72092 -3.76088 3.12375
20MABNDM000168_20MABNDL000077 0
2.82454 -3.74247 2.6982
2.80974 -3.74151 2.6982
2.81207 -3.74131 2.6982
2.81206 -3.74131 2.6982
20MABNDL000196_PR036 0
-2.85197 -3.6976 -6.4791
-2.85199 -3.69761 -6.4791
-2.85199 -3.6976 -6.4791
-2.85197 -3.69761 -6.4791
20MABNDL000196_PR037 0
-2.81738 -3.71735 -6.67528
-2.81734 -3.71735 -6.67528
-2.81739 -3.71734 -6.67528
-2.81736 -3.71736 -6.67528
20MABNDL000196_PR012 0
-2.73966 -3.73451 3.12396
-2.74454 -3.82433 3.12362
-2.74771 -3.70908 3.12392
-2.73662 -3.70833 3.12377
20MABNDL000196_20MABNDM000020 0
-2.81137 -3.73487 2.68344
-2.82398 -3.75703 2.68347
-2.81136 -3.73487 2.68344
-2.81136 -3.73487 2.68344


*****************************************************************Rapport********************************************************************************** 
CAM-LBC-US_EBC-US-HO-H 2014.08.19.13.54.53 2.83531 -3.68145 -6.47905 5.29397e-06 3.04728e-06 0 0 VRAI 
CAM-LBC-US_JDC-US-H 2014.08.19.13.54.53 2.80327 -3.75389 -6.67506 0.0125683 0.0236417 4.48227e-05 0 VRAI 
CAM-LBC-US_EBA-US-IP-H 2014.08.19.13.54.53 2.72169 -3.75326 3.12351 0.00184434 0.0546735 0.000307192 0 VRAI 
CAM-LBC-US_CAM-LBA-US 2014.08.19.13.54.53 2.8146 -3.74165 2.6982 0.00581533 0.000480824 1.27281e-06 0 VRAI 
CAM-LBC-USA_EBC-USA-HO-H 2014.08.19.13.54.53 -2.85198 -3.6976 -6.4791 1.00961e-05 3.06718e-06 0 0 VRAI 
CAM-LBC-USA_JDC-USA-H 2014.08.19.13.54.53 -2.81737 -3.71735 -6.67528 1.68258e-05 8.54553e-06 0 0 VRAI 
CAM-LBC-USA_EBA-USA-IP-H 2014.08.19.13.54.53 -2.74213 -3.74406 3.12382 0.00428419 0.0475232 0.000132956 0 VRAI 
CAM-LBC-USA_CAM-LBA-USA 2014.08.19.13.54.53 -2.81452 -3.74041 2.68345 0.00546389 0.00959875 1.3008e-05 0 VRAI 
