********** Fichier qui contient une sauvegarde des coordonnees images + coordonnees images transformees dans le repere BCAM (MOUNT) + coordonnees des prismes dans le repere MOUNT********** 
********************************************************************** Unite en metres (m)************************************************************************************************** 

*******************************************************************coordonnees images dans le repere CCD *********************************************************************************** 
20MABNDA000196_PR006
Spot 1   0.00197998   0.00095419
Spot 2   0.00160899   0.00094941
Spot 1   0.00198016   0.00095412
Spot 2   0.00160904   0.00094955
Spot 1   0.00198012   0.00095408
Spot 2   0.00160893   0.00094954
Spot 1   0.00198007   0.00095425
Spot 2   0.00160896   0.00094961
Spot 1   0.00198011   0.00095408
Spot 2   0.00160904   0.00094967
Spot 1   0.00198016   0.00095426
Spot 2   0.00160904   0.00094956
Spot 1   0.00198010   0.00095413
Spot 2   0.00160903   0.00094965
20MABNDA000324_PR007
Spot 1   0.00174215   0.00110176
Spot 2   0.00194983   0.00109641
Spot 1   0.00174216   0.00110173
Spot 2   0.00194996   0.00109631
Spot 1   0.00174201   0.00110167
Spot 2   0.00194973   0.00109627
Spot 1   0.00174208   0.00110181
Spot 2   0.00194967   0.00109620
Spot 1   0.00174216   0.00110167
Spot 2   0.00194987   0.00109643
Spot 1   0.00174188   0.00110163
Spot 2   0.00194974   0.00109626
Spot 1   0.00174211   0.00110168
Spot 2   0.00194979   0.00109625
20MABNDB000001_PR017
Spot 1   0.00186522   0.00049992
Spot 2   0.00223447   0.00050947
Spot 1   0.00186539   0.00050009
Spot 2   0.00223452   0.00050968
Spot 1   0.00186530   0.00050005
Spot 2   0.00223435   0.00050972
Spot 1   0.00186508   0.00050035
Spot 2   0.00223419   0.00051023
Spot 1   0.00186528   0.00050005
Spot 2   0.00223445   0.00050970
Spot 1   0.00186536   0.00049986
Spot 2   0.00223436   0.00050952
20MABNDB000260_PR019
Spot 1   0.00192048   0.00147972
Spot 2   0.00212417   0.00147891
Spot 1   0.00192042   0.00147981
Spot 2   0.00212431   0.00147876
Spot 1   0.00192083   0.00147955
Spot 2   0.00212440   0.00147866
Spot 1   0.00192066   0.00147988
Spot 2   0.00212445   0.00147863
Spot 1   0.00192042   0.00147973
Spot 2   0.00212417   0.00147870
Spot 1   0.00192066   0.00147952
Spot 2   0.00212419   0.00147876


****************************************************************coordonnees images transformees dans le repere MOUNT************************************************************************* 
20MABNDA000196_PR006
Spot 1  -0.01293758   0.01302398  -0.07967100
Spot 2  -0.01256656   0.01302399  -0.07967100
Spot 1  -0.01293776   0.01302405  -0.07967100
Spot 2  -0.01256661   0.01302385  -0.07967100
Spot 1  -0.01293772   0.01302409  -0.07967100
Spot 2  -0.01256650   0.01302386  -0.07967100
Spot 1  -0.01293767   0.01302392  -0.07967100
Spot 2  -0.01256653   0.01302379  -0.07967100
Spot 1  -0.01293771   0.01302409  -0.07967100
Spot 2  -0.01256661   0.01302373  -0.07967100
Spot 1  -0.01293776   0.01302391  -0.07967100
Spot 2  -0.01256661   0.01302384  -0.07967100
Spot 1  -0.01293770   0.01302404  -0.07967100
Spot 2  -0.01256660   0.01302375  -0.07967100
20MABNDA000324_PR007
Spot 1  -0.01234873   0.01292142  -0.07446800
Spot 2  -0.01255645   0.01292514  -0.07446800
Spot 1  -0.01234874   0.01292145  -0.07446800
Spot 2  -0.01255658   0.01292524  -0.07446800
Spot 1  -0.01234859   0.01292151  -0.07446800
Spot 2  -0.01255635   0.01292528  -0.07446800
Spot 1  -0.01234866   0.01292137  -0.07446800
Spot 2  -0.01255629   0.01292536  -0.07446800
Spot 1  -0.01234874   0.01292151  -0.07446800
Spot 2  -0.01255649   0.01292512  -0.07446800
Spot 1  -0.01234846   0.01292155  -0.07446800
Spot 2  -0.01255636   0.01292530  -0.07446800
Spot 1  -0.01234869   0.01292150  -0.07446800
Spot 2  -0.01255641   0.01292530  -0.07446800
20MABNDB000001_PR017
Spot 1  -0.01232249  -0.01348938  -0.07418400
Spot 2  -0.01195316  -0.01348374  -0.07418400
Spot 1  -0.01232232  -0.01348921  -0.07418400
Spot 2  -0.01195311  -0.01348353  -0.07418400
Spot 1  -0.01232241  -0.01348925  -0.07418400
Spot 2  -0.01195328  -0.01348349  -0.07418400
Spot 1  -0.01232263  -0.01348895  -0.07418400
Spot 2  -0.01195343  -0.01348297  -0.07418400
Spot 1  -0.01232243  -0.01348925  -0.07418400
Spot 2  -0.01195318  -0.01348351  -0.07418400
Spot 1  -0.01232235  -0.01348944  -0.07418400
Spot 2  -0.01195327  -0.01348369  -0.07418400
20MABNDB000260_PR019
Spot 1  -0.01241039  -0.01242286  -0.07492700
Spot 2  -0.01220672  -0.01241949  -0.07492700
Spot 1  -0.01241045  -0.01242277  -0.07492700
Spot 2  -0.01220658  -0.01241964  -0.07492700
Spot 1  -0.01241003  -0.01242302  -0.07492700
Spot 2  -0.01220649  -0.01241974  -0.07492700
Spot 1  -0.01241021  -0.01242270  -0.07492700
Spot 2  -0.01220644  -0.01241977  -0.07492700
Spot 1  -0.01241045  -0.01242285  -0.07492700
Spot 2  -0.01220672  -0.01241970  -0.07492700
Spot 1  -0.01241020  -0.01242306  -0.07492700
Spot 2  -0.01220670  -0.01241964  -0.07492700


*****************************************************************coordonnees du prisme dans le repere MOUNT********************************************************************************** 
20MABNDA000196_PR006
 -0.01052651   0.01482223   1.64206648
 -0.01052399   0.01482296   1.64206648
 -0.01052565   0.01482244   1.64206648
 -0.01052582   0.01482506   1.64206648
 -0.01052453   0.01482384   1.64206648
 -0.01052397   0.01482460   1.64206648
 -0.01052474   0.01482418   1.64206648
20MABNDA000324_PR007
 -0.02518282   0.02329080   2.95551133
 -0.02518005   0.02328825   2.95551133
 -0.02518753   0.02328626   2.95551133
 -0.02518733   0.02328761   2.95551133
 -0.02518185   0.02328945   2.95551133
 -0.02518987   0.02328525   2.95551133
 -0.02518436   0.02328607   2.95551133
20MABNDB000001_PR017
 -0.02368818  -0.00418618   1.64037085
 -0.02369062  -0.00419031   1.64037085
 -0.02368778  -0.00419033   1.64037085
 -0.02368372  -0.00419923   1.64037097
 -0.02368866  -0.00419010   1.64037085
 -0.02368850  -0.00418606   1.64037085
20MABNDB000260_PR019
 -0.02430492  -0.03743174   2.95628262
 -0.02430653  -0.03743058   2.95628262
 -0.02431653  -0.03742369   2.95628309
 -0.02431403  -0.03742955   2.95628262
 -0.02430382  -0.03742776   2.95628309
 -0.02430901  -0.03742491   2.95628309


*****************************************************************coordonnees du prisme dans le repere ATLAS********************************************************************************** 
20MABNDA000196_PR006 0.00000000
  2.58498597  -4.19495535   6.55277491
  2.58498359  -4.19495535   6.55277538
  2.58498526  -4.19495535   6.55277491
  2.58498549  -4.19495487   6.55277777
  2.58498406  -4.19495487   6.55277634
  2.58498359  -4.19495487   6.55277729
  2.58498430  -4.19495487   6.55277681
20MABNDA000324_PR007 0.00000000
  2.59413433  -4.13994360   6.95262194
  2.59413719  -4.13994360   6.95262480
  2.59412956  -4.13994360   6.95262671
  2.59412980  -4.13994360   6.95262527
  2.59413528  -4.13994360   6.95262337
  2.59412718  -4.13994360   6.95262766
  2.59413266  -4.13994360   6.95262671
20MABNDB000001_PR017 0.00000000
 -2.59739327  -4.19504309   6.53950787
 -2.59739566  -4.19504309   6.53951216
 -2.59739304  -4.19504309   6.53951216
 -2.59738898  -4.19504309   6.53952122
 -2.59739375  -4.19504309   6.53951168
 -2.59739375  -4.19504309   6.53950787
20MABNDB000260_PR019 0.00000000
 -2.60445046  -4.13995266   6.94321346
 -2.60444880  -4.13995266   6.94321489
 -2.60443878  -4.13995218   6.94322157
 -2.60444140  -4.13995266   6.94321585
 -2.60445142  -4.13995218   6.94321775
 -2.60444641  -4.13995218   6.94322062


*****************************************************************Rapport********************************************************************************** 
CAM-JDA-US-IP_JDA-US-IP     2014.09.02.12.33.17   2.58498461  -4.19495508   6.55277620   0.00000089   0.00000024   0.00000107 0.00000000 VRAI 
CAM-JDA-US-HO_JDA-US-HO     2014.09.02.12.33.17   2.59413229  -4.13994360   6.95262521   0.00000332   0.00000000   0.00000188 0.00000000 VRAI 
CAM-JDA-USA-IP_JDA-USA-IP   2014.09.02.12.33.17  -2.59739308  -4.19504309   6.53951216   0.00000202   0.00000000   0.00000446 0.00000000 VRAI 
CAM-JDA-USA-HO_JDA-USA-HO   2014.09.02.12.33.17  -2.60444621  -4.13995242   6.94321736   0.00000466   0.00000024   0.00000294 0.00000000 VRAI 
