********** Fichier qui contient une sauvegarde des coordonnees images + coordonnees images transformees dans le repere BCAM (MOUNT) + coordonnees des prismes dans le repere MOUNT********** 
********************************************************************** Unite en metres (m)************************************************************************************************** 

*******************************************************************coordonnees images dans le repere CCD *********************************************************************************** 
20MABNDB000135_PR027
Spot 1 0.002835 0.001165
Spot 2 0.003375 2.5e-05
Spot 1 0.002835 0.001165
Spot 2 0.003375 2.5e-05
Spot 1 0.003375 2.5e-05
Spot 2 0.001735 0.000155
Spot 1 0.002835 0.001165
Spot 2 0.003375 2.5e-05
20MABNDB000126_PR028
Spot 1 0.001615 9.5e-05
Spot 2 0.00328395 0.00033605
Spot 1 0.001615 9.5e-05
Spot 2 0.00328395 0.00033605
Spot 1 0.001615 9.5e-05
Spot 2 0.00328364 0.00033636
20MABNDA000272_PR038
Spot 1 0.003265 5.5e-05
Spot 2 0.000255 2.5e-05
Spot 1 0.000365 9.5e-05
Spot 2 0.003265 5.5e-05
Spot 1 0.000365 9.5e-05
Spot 2 0.003265 5.5e-05
20MABNDA000003_PR039
Spot 1 0.001035 5.5e-05
Spot 2 0.001385 7.5e-05
Spot 1 0.001035 5.5e-05
Spot 2 0.001635 0.000185
Spot 1 0.001035 5.5e-05
Spot 2 0.001635 0.000185
20MABNDM000168_PR025
Spot 1 0.00246705 0.00156744
Spot 2 0.0010506 0.00209776
Spot 1 0.0024669 0.00156637
Spot 2 0.0010505 0.00209748
Spot 1 0.00246697 0.00156645
Spot 2 0.00105049 0.00209759
20MABNDM000168_PR026
Spot 1 0.00101397 0.00230634
Spot 2 0.00123912 0.00224989
Spot 1 0.00101441 0.00230646
Spot 2 0.00123931 0.00224923
Spot 1 0.0010143 0.00230614
Spot 2 0.00123922 0.00224953
20MABNDM000168_PR001
Spot 1 0.002855 3.167e-05
Spot 2 0.000725 8.5e-05
Spot 1 0.0025 4e-05
Spot 2 0.000725 8.25e-05
Spot 1 0.0009575 0.000115
Spot 2 0.001555 3.5e-05
20MABNDM000168_20MABNDL000077
Spot 1 0.00157838 0.00140935
Spot 2 0.00166202 0.00088702
Spot 1 0.0015784 0.00140933
Spot 2 0.0016624 0.00088732
Spot 1 0.0015783 0.00140906
Spot 2 0.00181102 0.0011246
20MABNDL000196_PR036
Spot 1 0.00113795 0.00176011
Spot 2 0.00125211 0.001585
Spot 1 0.00113801 0.00175989
Spot 2 0.00125206 0.00158382
Spot 1 0.00113791 0.00175917
Spot 2 0.000965 0.001495
20MABNDL000196_PR037
Spot 1 0.00109833 0.00141167
Spot 2 -1e-06 -1e-06
Spot 1 -1e-06 -1e-06
Spot 2 -1e-06 -1e-06
Spot 1 -1e-06 -1e-06
Spot 2 -1e-06 -1e-06
20MABNDL000196_PR012
Spot 1 0.00333278 5.5e-05
Spot 2 0.00318625 3.5e-05
Spot 1 0.00294929 2.929e-05
Spot 2 0.001123 4.9e-05
Spot 1 0.0016075 5.625e-05
Spot 2 0.00187667 3.833e-05
20MABNDL000196_20MABNDM000020
Spot 1 0.00183145 0.00130068
Spot 2 0.00225506 0.00067818
Spot 1 0.00183147 0.00130031
Spot 2 0.00225504 0.00067845
Spot 1 0.00183141 0.00130043
Spot 2 0.00225504 0.00067836


****************************************************************coordonnees images transformees dans le repere MOUNT************************************************************************* 
20MABNDB000135_PR027
Spot 1 -0.011567 -0.0129585 -0.074647
Spot 2 -0.0110397 -0.0141045 -0.074647
Spot 1 -0.011567 -0.0129585 -0.074647
Spot 2 -0.0110397 -0.0141045 -0.074647
Spot 1 -0.0110397 -0.0141045 -0.074647
Spot 2 -0.0126781 -0.0139562 -0.074647
Spot 1 -0.011567 -0.0129585 -0.074647
Spot 2 -0.0110397 -0.0141045 -0.074647
20MABNDB000126_PR028
Spot 1 -0.0125543 -0.0140873 -0.075004
Spot 2 -0.0108867 -0.0138373 -0.075004
Spot 1 -0.0125543 -0.0140873 -0.075004
Spot 2 -0.0108867 -0.0138373 -0.075004
Spot 1 -0.0125543 -0.0140873 -0.075004
Spot 2 -0.010887 -0.013837 -0.075004
20MABNDA000272_PR038
Spot 1 -0.0140991 0.0140588 -0.074179
Spot 2 -0.011089 0.0140835 -0.074179
Spot 1 -0.0111991 0.0140137 -0.074179
Spot 2 -0.0140991 0.0140588 -0.074179
Spot 1 -0.0111991 0.0140137 -0.074179
Spot 2 -0.0140991 0.0140588 -0.074179
20MABNDA000003_PR039
Spot 1 -0.0118313 0.0139948 -0.073734
Spot 2 -0.0121814 0.0139757 -0.073734
Spot 1 -0.0118313 0.0139948 -0.073734
Spot 2 -0.0124317 0.0138663 -0.073734
Spot 1 -0.0118313 0.0139948 -0.073734
Spot 2 -0.0124317 0.0138663 -0.073734
20MABNDM000168_PR025
Spot 1 -0.0119347 -0.0358991 -0.005329
Spot 2 -0.0133488 -0.0364355 -0.005329
Spot 1 -0.0119348 -0.035898 -0.005329
Spot 2 -0.0133489 -0.0364352 -0.005329
Spot 1 -0.0119348 -0.0358981 -0.005329
Spot 2 -0.013349 -0.0364353 -0.005329
20MABNDM000168_PR026
Spot 1 -0.0133846 -0.0366442 -0.005329
Spot 2 -0.0131597 -0.0365868 -0.005329
Spot 1 -0.0133841 -0.0366443 -0.005329
Spot 2 -0.0131595 -0.0365861 -0.005329
Spot 1 -0.0133843 -0.036644 -0.005329
Spot 2 -0.0131596 -0.0365864 -0.005329
20MABNDM000168_PR001
Spot 1 0.0115892 -0.0340132 -0.074451
Spot 2 0.0137182 -0.0340977 -0.074451
Spot 1 0.011944 -0.0340267 -0.074451
Spot 2 0.0137182 -0.0340952 -0.074451
Spot 1 0.0134852 -0.0341243 -0.074451
Spot 2 0.012889 -0.0340356 -0.074451
20MABNDM000168_20MABNDL000077
Spot 1 0.0128455 -0.0354094 -0.074451
Spot 2 0.0127695 -0.0348859 -0.074451
Spot 1 0.0128455 -0.0354094 -0.074451
Spot 2 0.0127691 -0.0348862 -0.074451
Spot 1 0.0128456 -0.0354091 -0.074451
Spot 2 0.012617 -0.0351213 -0.074451
20MABNDL000196_PR036
Spot 1 0.0121176 0.0359492 -0.074836
Spot 2 0.0122321 0.0357743 -0.074836
Spot 1 0.0121177 0.035949 -0.074836
Spot 2 0.0122321 0.0357732 -0.074836
Spot 1 0.0121176 0.0359483 -0.074836
Spot 2 0.0119452 0.0356837 -0.074836
20MABNDL000196_PR037
Spot 1 0.0120787 0.0356007 -0.074836
Spot 2 0.0109823 0.0341857 -0.074836
Spot 1 0.0109823 0.0341857 -0.074836
Spot 2 0.0109823 0.0341857 -0.074836
Spot 1 0.0109823 0.0341857 -0.074836
Spot 2 0.0109823 0.0341857 -0.074836
20MABNDL000196_PR012
Spot 1 -0.0141367 0.0342981 -0.00611
Spot 2 -0.0139898 0.034281 -0.00611
Spot 1 -0.0137528 0.0342801 -0.00611
Spot 2 -0.0119272 0.0343366 -0.00611
Spot 1 -0.0124118 0.0343341 -0.00611
Spot 2 -0.0126805 0.0343107 -0.00611
20MABNDL000196_20MABNDM000020
Spot 1 -0.0126607 0.0355737 -0.00611
Spot 2 -0.0130717 0.0349428 -0.00611
Spot 1 -0.0126607 0.0355734 -0.00611
Spot 2 -0.0130717 0.0349431 -0.00611
Spot 1 -0.0126607 0.0355735 -0.00611
Spot 2 -0.0130717 0.034943 -0.00611


*****************************************************************coordonnees du prisme dans le repere MOUNT********************************************************************************** 
20MABNDB000135_PR027
-0.0613805 0.00239963 2.74891
-0.0613805 0.00239963 2.74891
-0.0410104 0.0206918 2.74903
-0.0613805 0.00239963 2.74891
20MABNDB000126_PR028
-0.0395259 0.0120859 2.14665
-0.0395259 0.0120859 2.14665
-0.0395214 0.0120815 2.14665
20MABNDA000272_PR038
-0.0152069 -0.0225701 2.74943
-0.0131887 -0.0212914 2.74944
-0.0131887 -0.0212914 2.74944
20MABNDA000003_PR039
-0.0326451 -0.0118988 2.14887
-0.0290688 -0.0103365 2.14892
-0.0290688 -0.0103365 2.14892
20MABNDM000168_PR025
-0.0147338 0.0051578 -3.78857
-0.0147275 0.00512447 -3.78857
-0.014729 0.00512916 -3.78857
20MABNDM000168_PR026
0.0179719 0.0306607 -3.98392
0.0179556 0.0306465 -3.98392
0.0179608 0.030646 -3.98392
20MABNDM000168_PR001
0.0209255 -0.135566 5.81432
0.00717039 -0.135139 5.81433
-0.0204269 -0.133668 5.81426
20MABNDM000168_20MABNDL000077
0.00927571 -0.0498107 5.38883
0.00929019 -0.0498008 5.38883
0.0147496 -0.0413654 5.38884
20MABNDL000196_PR036
0.0431839 0.00429249 3.68783
0.0431836 0.00432688 3.68783
0.0502282 0.00654018 3.68779
20MABNDL000196_PR037
0.0781122 0.0526932 3.88342
0.106434 0.0892601 3.88251
0.106434 0.0892601 3.88251
20MABNDL000196_PR012
0.09471 0.117927 -5.91421
-0.000348164 0.116483 -5.91521
-0.0231859 0.11539 -5.91523
20MABNDL000196_20MABNDM000020
0.00060399 0.0421511 -5.47472
0.000603923 0.0421545 -5.47472
0.000601781 0.0421536 -5.47472


*****************************************************************coordonnees du prisme dans le repere ATLAS********************************************************************************** 
20MABNDB000135_PR027 0.003
2.55998 -4.19452 -3.83613
2.55998 -4.19452 -3.83613
2.58025 -4.19468 -3.85454
2.55998 -4.19452 -3.83613
20MABNDB000126_PR028 0.003
2.58637 -4.19438 -5.94429
2.58637 -4.19438 -5.94429
2.58637 -4.19438 -5.94429
20MABNDA000272_PR038 0.003
-2.60933 -4.19422 -3.86106
-2.61135 -4.1942 -3.85978
-2.61135 -4.1942 -3.85978
20MABNDA000003_PR039 0.003
-2.58908 -4.1943 -5.94466
-2.59265 -4.19425 -5.9431
-2.59265 -4.19425 -5.9431
20MABNDM000168_PR025 0
2.85841 -3.7306 -6.4792
2.85837 -3.73061 -6.4792
2.85838 -3.73061 -6.4792
20MABNDM000168_PR026 0
2.88389 -3.76339 -6.67455
2.88387 -3.76337 -6.67455
2.88387 -3.76338 -6.67455
20MABNDM000168_PR001 0
2.71825 -3.76265 3.1237
2.71868 -3.7489 3.12371
2.72016 -3.7213 3.12363
20MABNDM000168_20MABNDL000077 0
2.80398 -3.75118 2.69821
2.80399 -3.7512 2.69821
2.81243 -3.75666 2.69823
20MABNDL000196_PR036 0
-2.84931 -3.70109 -6.47915
-2.84928 -3.70109 -6.47915
-2.84707 -3.69404 -6.47911
20MABNDL000196_PR037 0
-2.80093 -3.66632 -6.67477
-2.76438 -3.63798 -6.67389
-2.76438 -3.63798 -6.67389
20MABNDL000196_PR012 0
-2.73549 -3.64058 3.12284
-2.73689 -3.73564 3.12393
-2.73797 -3.75848 3.12397
20MABNDL000196_20MABNDM000020 0
-2.81123 -3.73513 2.68344
-2.81123 -3.73513 2.68344
-2.81123 -3.73513 2.68344


*****************************************************************Rapport********************************************************************************** 
CAM-EBC-US-IP_EBC-US-IP 2014.08.20.15.45.58 2.56505 -4.19456 -3.84074 0.00877525 6.95826e-05 0.00797082 0.003 VRAI 
CAM-EBC-US-HO_EBC-US-HO 2014.08.20.15.45.58 2.58637 -4.19438 -5.94429 2.13544e-06 0 2.02305e-06 0.003 VRAI 
CAM-EBC-USA-IP_EBC-USA-IP 2014.08.20.15.45.58 -2.61068 -4.19421 -3.8602 0.000951282 7.86741e-06 0.000602981 0.003 VRAI 
CAM-EBC-USA-HO_EBC-USA-HO 2014.08.20.15.45.58 -2.59146 -4.19427 -5.94362 0.00168587 2.65244e-05 0.000736165 0.003 VRAI 
CAM-LBC-US_EBC-US-HO-H 2014.08.20.15.45.58 2.85839 -3.73061 -6.4792 1.46717e-05 2.65015e-06 0 0 VRAI 
CAM-LBC-US_JDC-US-H 2014.08.20.15.45.58 2.88388 -3.76338 -6.67455 6.85865e-06 6.86141e-06 0 0 VRAI 
CAM-LBC-US_EBA-US-IP-H 2014.08.20.15.45.58 2.71903 -3.74428 3.12368 0.000817518 0.0171942 3.5418e-05 0 VRAI 
CAM-LBC-US_CAM-LBA-US 2014.08.20.15.45.58 2.8068 -3.75301 2.69821 0.00397816 0.0025781 8.09219e-06 0 VRAI 
CAM-LBC-USA_EBC-USA-HO-H 2014.08.20.15.45.58 -2.84855 -3.69874 -6.47914 0.00105006 0.00332134 1.8657e-05 0 VRAI 
CAM-LBC-USA_JDC-USA-H 2014.08.20.15.45.58 -2.77656 -3.64743 -6.67418 0.0172315 0.0133593 0.000416074 0 VRAI 
CAM-LBC-USA_EBA-USA-IP-H 2014.08.20.15.45.58 -2.73678 -3.71157 3.12358 0.00101591 0.0510524 0.000520683 0 VRAI 
CAM-LBC-USA_CAM-LBA-USA 2014.08.20.15.45.58 -2.81123 -3.73513 2.68344 1.51207e-06 1.01152e-06 0 0 VRAI 
