********** Fichier qui contient une sauvegarde des coordonnees images + coordonnees images transformees dans le repere BCAM (MOUNT) + coordonnees des prismes dans le repere MOUNT********** 
********************************************************************** Unite en metres (m)************************************************************************************************** 

*******************************************************************coordonnees images dans le repere CCD *********************************************************************************** 
20MABNDA000196_PR006
Spot 1   0.00199596   0.00090390
Spot 2   0.00162524   0.00089970
Spot 1   0.00199609   0.00090395
Spot 2   0.00162542   0.00089973
Spot 1   0.00199618   0.00090386
Spot 2   0.00162524   0.00089967
Spot 1   0.00199606   0.00090403
Spot 2   0.00162500   0.00089979
Spot 1   0.00199616   0.00090407
Spot 2   0.00162494   0.00089994
Spot 1   0.00199591   0.00090404
Spot 2   0.00162524   0.00089985
Spot 1   0.00199592   0.00090408
Spot 2   0.00162512   0.00089994
Spot 1   0.00199618   0.00090423
Spot 2   0.00162494   0.00089985
Spot 1   0.00199611   0.00090417
Spot 2   0.00162506   0.00089994
Spot 1   0.00199595   0.00090409
Spot 2   0.00162512   0.00090003
Spot 1   0.00199591   0.00090423
Spot 2   0.00162512   0.00089991
Spot 1   0.00199605   0.00090432
Spot 2   0.00162512   0.00089997
20MABNDA000324_PR007
Spot 1   0.00195058   0.00112569
Spot 2   0.00174306   0.00113102
Spot 1   0.00195057   0.00112574
Spot 2   0.00174294   0.00113132
Spot 1   0.00195065   0.00112573
Spot 2   0.00174306   0.00113104
Spot 1   0.00195060   0.00112575
Spot 2   0.00174300   0.00113114
Spot 1   0.00195057   0.00112577
Spot 2   0.00174320   0.00113097
Spot 1   0.00195057   0.00112562
Spot 2   0.00174301   0.00113107
Spot 1   0.00195054   0.00112570
Spot 2   0.00174292   0.00113127
Spot 1   0.00195055   0.00112572
Spot 2   0.00174322   0.00113120
Spot 1   0.00195067   0.00112587
Spot 2   0.00174314   0.00113114
Spot 1   0.00195059   0.00112581
Spot 2   0.00174314   0.00113119
Spot 1   0.00195058   0.00112578
Spot 2   0.00174316   0.00113121
20MABNDB000001_PR017
Spot 1   0.00188675   0.00079221
Spot 2   0.00225674   0.00080101
Spot 1   0.00188670   0.00079221
Spot 2   0.00225667   0.00080094
Spot 1   0.00188661   0.00079233
Spot 2   0.00225668   0.00080110
Spot 1   0.00188655   0.00079235
Spot 2   0.00225680   0.00080112
Spot 1   0.00188675   0.00079234
Spot 2   0.00225672   0.00080108
Spot 1   0.00188663   0.00079227
Spot 2   0.00225679   0.00080115
Spot 1   0.00188676   0.00079232
Spot 2   0.00225676   0.00080114
Spot 1   0.00188682   0.00079240
Spot 2   0.00225697   0.00080119
Spot 1   0.00188671   0.00079238
Spot 2   0.00225677   0.00080109
Spot 1   0.00188658   0.00079235
Spot 2   0.00225672   0.00080119
Spot 1   0.00188663   0.00079231
Spot 2   0.00225671   0.00080116
20MABNDB000260_PR019
Spot 1   0.00192122   0.00131632
Spot 2   0.00212500   0.00131628
Spot 1   0.00192095   0.00131646
Spot 2   0.00212500   0.00131650
Spot 1   0.00192117   0.00131639
Spot 2   0.00212548   0.00131619
Spot 1   0.00192109   0.00131641
Spot 2   0.00212525   0.00131675
Spot 1   0.00192108   0.00131634
Spot 2   0.00212450   0.00131650
Spot 1   0.00192107   0.00131633
Spot 2   0.00212477   0.00131636
Spot 1   0.00192110   0.00131638
Spot 2   0.00212500   0.00131679
Spot 1   0.00192104   0.00131639
Spot 2   0.00212524   0.00131646
Spot 1   0.00192120   0.00131638
Spot 2   0.00212524   0.00131671
Spot 1   0.00192111   0.00131631
Spot 2   0.00212451   0.00131671
Spot 1   0.00192106   0.00131643
Spot 2   0.00212449   0.00131654


****************************************************************coordonnees images transformees dans le repere MOUNT************************************************************************* 
20MABNDA000196_PR006
Spot 1  -0.01295291   0.01307447  -0.07967100
Spot 2  -0.01258217   0.01307390  -0.07967100
Spot 1  -0.01295304   0.01307442  -0.07967100
Spot 2  -0.01258235   0.01307387  -0.07967100
Spot 1  -0.01295313   0.01307451  -0.07967100
Spot 2  -0.01258217   0.01307393  -0.07967100
Spot 1  -0.01295301   0.01307434  -0.07967100
Spot 2  -0.01258193   0.01307381  -0.07967100
Spot 1  -0.01295311   0.01307430  -0.07967100
Spot 2  -0.01258187   0.01307366  -0.07967100
Spot 1  -0.01295286   0.01307433  -0.07967100
Spot 2  -0.01258217   0.01307375  -0.07967100
Spot 1  -0.01295287   0.01307429  -0.07967100
Spot 2  -0.01258205   0.01307366  -0.07967100
Spot 1  -0.01295313   0.01307414  -0.07967100
Spot 2  -0.01258187   0.01307375  -0.07967100
Spot 1  -0.01295306   0.01307420  -0.07967100
Spot 2  -0.01258199   0.01307366  -0.07967100
Spot 1  -0.01295290   0.01307428  -0.07967100
Spot 2  -0.01258205   0.01307357  -0.07967100
Spot 1  -0.01295286   0.01307414  -0.07967100
Spot 2  -0.01258205   0.01307369  -0.07967100
Spot 1  -0.01295301   0.01307405  -0.07967100
Spot 2  -0.01258205   0.01307363  -0.07967100
20MABNDA000324_PR007
Spot 1  -0.01255697   0.01289586  -0.07446800
Spot 2  -0.01234941   0.01289215  -0.07446800
Spot 1  -0.01255696   0.01289581  -0.07446800
Spot 2  -0.01234929   0.01289185  -0.07446800
Spot 1  -0.01255704   0.01289582  -0.07446800
Spot 2  -0.01234941   0.01289213  -0.07446800
Spot 1  -0.01255699   0.01289580  -0.07446800
Spot 2  -0.01234935   0.01289203  -0.07446800
Spot 1  -0.01255696   0.01289578  -0.07446800
Spot 2  -0.01234955   0.01289220  -0.07446800
Spot 1  -0.01255696   0.01289593  -0.07446800
Spot 2  -0.01234936   0.01289210  -0.07446800
Spot 1  -0.01255693   0.01289585  -0.07446800
Spot 2  -0.01234927   0.01289190  -0.07446800
Spot 1  -0.01255694   0.01289583  -0.07446800
Spot 2  -0.01234957   0.01289197  -0.07446800
Spot 1  -0.01255706   0.01289568  -0.07446800
Spot 2  -0.01234949   0.01289203  -0.07446800
Spot 1  -0.01255698   0.01289574  -0.07446800
Spot 2  -0.01234949   0.01289198  -0.07446800
Spot 1  -0.01255697   0.01289577  -0.07446800
Spot 2  -0.01234951   0.01289196  -0.07446800
20MABNDB000001_PR017
Spot 1  -0.01229787  -0.01319733  -0.07418400
Spot 2  -0.01192781  -0.01319245  -0.07418400
Spot 1  -0.01229792  -0.01319733  -0.07418400
Spot 2  -0.01192788  -0.01319252  -0.07418400
Spot 1  -0.01229801  -0.01319721  -0.07418400
Spot 2  -0.01192787  -0.01319236  -0.07418400
Spot 1  -0.01229807  -0.01319719  -0.07418400
Spot 2  -0.01192775  -0.01319234  -0.07418400
Spot 1  -0.01229787  -0.01319720  -0.07418400
Spot 2  -0.01192783  -0.01319238  -0.07418400
Spot 1  -0.01229799  -0.01319727  -0.07418400
Spot 2  -0.01192776  -0.01319231  -0.07418400
Spot 1  -0.01229786  -0.01319722  -0.07418400
Spot 2  -0.01192779  -0.01319232  -0.07418400
Spot 1  -0.01229780  -0.01319714  -0.07418400
Spot 2  -0.01192758  -0.01319227  -0.07418400
Spot 1  -0.01229791  -0.01319716  -0.07418400
Spot 2  -0.01192778  -0.01319237  -0.07418400
Spot 1  -0.01229804  -0.01319719  -0.07418400
Spot 2  -0.01192783  -0.01319227  -0.07418400
Spot 1  -0.01229799  -0.01319723  -0.07418400
Spot 2  -0.01192784  -0.01319230  -0.07418400
20MABNDB000260_PR019
Spot 1  -0.01240630  -0.01258621  -0.07492700
Spot 2  -0.01220256  -0.01258207  -0.07492700
Spot 1  -0.01240657  -0.01258608  -0.07492700
Spot 2  -0.01220256  -0.01258185  -0.07492700
Spot 1  -0.01240635  -0.01258614  -0.07492700
Spot 2  -0.01220208  -0.01258215  -0.07492700
Spot 1  -0.01240643  -0.01258612  -0.07492700
Spot 2  -0.01220232  -0.01258160  -0.07492700
Spot 1  -0.01240644  -0.01258619  -0.07492700
Spot 2  -0.01220306  -0.01258186  -0.07492700
Spot 1  -0.01240645  -0.01258620  -0.07492700
Spot 2  -0.01220279  -0.01258200  -0.07492700
Spot 1  -0.01240642  -0.01258615  -0.07492700
Spot 2  -0.01220257  -0.01258156  -0.07492700
Spot 1  -0.01240648  -0.01258614  -0.07492700
Spot 2  -0.01220232  -0.01258189  -0.07492700
Spot 1  -0.01240632  -0.01258615  -0.07492700
Spot 2  -0.01220233  -0.01258164  -0.07492700
Spot 1  -0.01240641  -0.01258622  -0.07492700
Spot 2  -0.01220306  -0.01258165  -0.07492700
Spot 1  -0.01240646  -0.01258610  -0.07492700
Spot 2  -0.01220308  -0.01258182  -0.07492700


*****************************************************************coordonnees du prisme dans le repere MOUNT********************************************************************************** 
20MABNDA000196_PR006
 -0.01018851   0.01372538   1.64206660
 -0.01018511   0.01372621   1.64206660
 -0.01018612   0.01372459   1.64206660
 -0.01019000   0.01372781   1.64206660
 -0.01018954   0.01372988   1.64206660
 -0.01018901   0.01372856   1.64206660
 -0.01019020   0.01372999   1.64206660
 -0.01018931   0.01373064   1.64206660
 -0.01018876   0.01373096   1.64206660
 -0.01018985   0.01373108   1.64206660
 -0.01019029   0.01373130   1.64206660
 -0.01018873   0.01373293   1.64206660
20MABNDA000324_PR007
 -0.02515918   0.02444305   2.95550728
 -0.02516180   0.02444992   2.95550728
 -0.02515783   0.02444424   2.95550728
 -0.02516001   0.02444658   2.95550728
 -0.02515664   0.02444365   2.95550728
 -0.02516036   0.02444264   2.95550728
 -0.02516278   0.02444814   2.95550728
 -0.02515665   0.02444719   2.95550728
 -0.02515587   0.02444896   2.95550728
 -0.02515746   0.02444876   2.95550728
 -0.02515726   0.02444858   2.95550728
20MABNDB000001_PR017
 -0.02423453  -0.01056152   1.64038908
 -0.02423321  -0.01056077   1.64038908
 -0.02423237  -0.01056384   1.64038908
 -0.02423304  -0.01056427   1.64038908
 -0.02423434  -0.01056371   1.64038908
 -0.02423380  -0.01056371   1.64038908
 -0.02423489  -0.01056414   1.64038908
 -0.02423785  -0.01056552   1.64038908
 -0.02423445  -0.01056425   1.64038908
 -0.02423250  -0.01056503   1.64038908
 -0.02423292  -0.01056427   1.64038908
20MABNDB000260_PR019
 -0.02446766  -0.03101374   2.95632815
 -0.02446220  -0.03102071   2.95632815
 -0.02447612  -0.03101352   2.95632815
 -0.02446979  -0.03102482   2.95632815
 -0.02445495  -0.03101819   2.95632815
 -0.02446012  -0.03101535   2.95632815
 -0.02446504  -0.03102491   2.95632815
 -0.02446872  -0.03101869   2.95632815
 -0.02447179  -0.03102348   2.95632815
 -0.02445567  -0.03102177   2.95632815
 -0.02445429  -0.03102074   2.95632815


*****************************************************************coordonnees du prisme dans le repere ATLAS********************************************************************************** 
20MABNDA000196_PR006 0.00000000
  2.58464813  -4.19495678   6.55167818
  2.58464479  -4.19495678   6.55167866
  2.58464575  -4.19495678   6.55167723
  2.58464980  -4.19495678   6.55168056
  2.58464932  -4.19495678   6.55168247
  2.58464861  -4.19495678   6.55168104
  2.58464980  -4.19495678   6.55168247
  2.58464909  -4.19495678   6.55168343
  2.58464837  -4.19495678   6.55168343
  2.58464956  -4.19495678   6.55168390
  2.58465004  -4.19495678   6.55168390
  2.58464837  -4.19495678   6.55168533
20MABNDA000324_PR007 0.00000000
  2.59415817  -4.13994837   6.95146990
  2.59415555  -4.13994837   6.95146275
  2.59415936  -4.13994837   6.95146847
  2.59415722  -4.13994837   6.95146608
  2.59416056  -4.13994837   6.95146942
  2.59415698  -4.13994837   6.95147038
  2.59415460  -4.13994837   6.95146465
  2.59416056  -4.13994837   6.95146561
  2.59416151  -4.13994837   6.95146370
  2.59415984  -4.13994837   6.95146418
  2.59416008  -4.13994837   6.95146418
20MABNDB000001_PR017 0.00000000
 -2.59794188  -4.19500256   6.54588318
 -2.59794044  -4.19500256   6.54588223
 -2.59793973  -4.19500256   6.54588509
 -2.59794044  -4.19500256   6.54588556
 -2.59794164  -4.19500256   6.54588509
 -2.59794116  -4.19500256   6.54588509
 -2.59794235  -4.19500256   6.54588556
 -2.59794521  -4.19500256   6.54588699
 -2.59794188  -4.19500256   6.54588556
 -2.59793997  -4.19500256   6.54588652
 -2.59794021  -4.19500256   6.54588556
20MABNDB000260_PR019 0.00000000
 -2.60429001  -4.13991213   6.94963169
 -2.60429525  -4.13991213   6.94962454
 -2.60428143  -4.13991213   6.94963217
 -2.60428786  -4.13991213   6.94962072
 -2.60430264  -4.13991213   6.94962740
 -2.60429740  -4.13991213   6.94963026
 -2.60429263  -4.13991213   6.94962072
 -2.60428882  -4.13991213   6.94962692
 -2.60428572  -4.13991213   6.94962215
 -2.60430193  -4.13991213   6.94962358
 -2.60430336  -4.13991213   6.94962454


*****************************************************************Rapport********************************************************************************** 
CAM-JDA-US-IP_JDA-US-IP     2014.09.03.15.58.40   2.58464847  -4.19495678   6.55168172   0.00000156   0.00000000   0.00000247 0.00000000 VRAI 
CAM-JDA-US-HO_JDA-US-HO     2014.09.03.15.58.40   2.59415858  -4.13994837   6.95146630   0.00000214   0.00000000   0.00000262 0.00000000 VRAI 
CAM-JDA-USA-IP_JDA-USA-IP   2014.09.03.15.58.40  -2.59794136  -4.19500256   6.54588513   0.00000148   0.00000000   0.00000129 0.00000000 VRAI 
CAM-JDA-USA-HO_JDA-USA-HO   2014.09.03.15.58.40  -2.60429337  -4.13991213   6.94962588   0.00000703   0.00000000   0.00000395 0.00000000 VRAI 
