********** Fichier qui contient une sauvegarde des coordonnees images + coordonnees images transformees dans le repere BCAM (MOUNT) + coordonnees des prismes dans le repere MOUNT********** 
********************************************************************** Unite en metres (m)************************************************************************************************** 

*******************************************************************coordonnees images dans le repere CCD *********************************************************************************** 
20MABNDB000135_PR027
Spot 1     0.00189111     0.00092510
Spot 2     0.00210933     0.00092786
Spot 1     0.00189101     0.00092524
Spot 2     0.00210916     0.00092804
Spot 1     0.00189102     0.00092520
Spot 2     0.00210934     0.00092788
Spot 1     0.00189118     0.00092514
Spot 2     0.00210936     0.00092780
Spot 1     0.00189099     0.00092531
Spot 2     0.00210925     0.00092783
Spot 1     0.00189106     0.00092520
Spot 2     0.00210927     0.00092765
Spot 1     0.00189116     0.00092514
Spot 2     0.00210929     0.00092795
Spot 1     0.00189104     0.00092517
Spot 2     0.00210943     0.00092774
Spot 1     0.00189103     0.00092530
Spot 2     0.00210925     0.00092797
20MABNDB000126_PR028
Spot 1     0.00165199     0.00200345
Spot 2     0.00193288     0.00200583
Spot 1     0.00165196     0.00200346
Spot 2     0.00193289     0.00200584
Spot 1     0.00165203     0.00200346
Spot 2     0.00193290     0.00200572
Spot 1     0.00165206     0.00200345
Spot 2     0.00193279     0.00200587
Spot 1     0.00165214     0.00200347
Spot 2     0.00193293     0.00200579
Spot 1     0.00165209     0.00200358
Spot 2     0.00193294     0.00200569
Spot 1     0.00165203     0.00200345
Spot 2     0.00193280     0.00200593
Spot 1     0.00165206     0.00200335
Spot 2     0.00193287     0.00200579
20MABNDA000272_PR038
Spot 1     0.00192260     0.00097352
Spot 2     0.00169983     0.00097187
Spot 1     0.00192260     0.00097364
Spot 2     0.00169969     0.00097187
Spot 1     0.00192241     0.00097366
Spot 2     0.00169983     0.00097178
Spot 1     0.00192242     0.00097371
Spot 2     0.00169986     0.00097185
Spot 1     0.00192263     0.00097366
Spot 2     0.00169976     0.00097169
Spot 1     0.00192239     0.00097385
Spot 2     0.00169976     0.00097167
Spot 1     0.00192270     0.00097374
Spot 2     0.00169978     0.00097158
Spot 1     0.00192267     0.00097376
Spot 2     0.00169969     0.00097176
20MABNDA000003_PR039
Spot 1     0.00200719     0.00193152
Spot 2     0.00228489     0.00193052
Spot 1     0.00200711     0.00193166
Spot 2     0.00228477     0.00193068
Spot 1     0.00200724     0.00193152
Spot 2     0.00228485     0.00193050
Spot 1     0.00200704     0.00193148
Spot 2     0.00228477     0.00193052
Spot 1     0.00200706     0.00193155
Spot 2     0.00228477     0.00193057
Spot 1     0.00200724     0.00193163
Spot 2     0.00228479     0.00193053
Spot 1     0.00200728     0.00193156
Spot 2     0.00228483     0.00193047
Spot 1     0.00200716     0.00193161
Spot 2     0.00228483     0.00193057


****************************************************************coordonnees images transformees dans le repere MOUNT************************************************************************* 
20MABNDB000135_PR027
Spot 1    -0.01251346    -0.01318792    -0.07464699
Spot 2    -0.01229522    -0.01318759    -0.07464699
Spot 1    -0.01251356    -0.01318778    -0.07464699
Spot 2    -0.01229539    -0.01318741    -0.07464699
Spot 1    -0.01251355    -0.01318782    -0.07464699
Spot 2    -0.01229521    -0.01318757    -0.07464699
Spot 1    -0.01251339    -0.01318788    -0.07464699
Spot 2    -0.01229519    -0.01318765    -0.07464699
Spot 1    -0.01251358    -0.01318771    -0.07464699
Spot 2    -0.01229530    -0.01318762    -0.07464699
Spot 1    -0.01251351    -0.01318782    -0.07464699
Spot 2    -0.01229529    -0.01318780    -0.07464699
Spot 1    -0.01251341    -0.01318788    -0.07464699
Spot 2    -0.01229526    -0.01318750    -0.07464699
Spot 1    -0.01251353    -0.01318785    -0.07464699
Spot 2    -0.01229512    -0.01318771    -0.07464699
Spot 1    -0.01251354    -0.01318772    -0.07464699
Spot 2    -0.01229530    -0.01318748    -0.07464699
20MABNDB000126_PR028
Spot 1    -0.01252751    -0.01217868    -0.07500400
Spot 2    -0.01224664    -0.01217480    -0.07500400
Spot 1    -0.01252754    -0.01217867    -0.07500400
Spot 2    -0.01224663    -0.01217479    -0.07500400
Spot 1    -0.01252747    -0.01217867    -0.07500400
Spot 2    -0.01224662    -0.01217491    -0.07500400
Spot 1    -0.01252744    -0.01217868    -0.07500400
Spot 2    -0.01224673    -0.01217476    -0.07500400
Spot 1    -0.01252736    -0.01217866    -0.07500400
Spot 2    -0.01224659    -0.01217484    -0.07500400
Spot 1    -0.01252742    -0.01217855    -0.07500400
Spot 2    -0.01224658    -0.01217494    -0.07500400
Spot 1    -0.01252747    -0.01217868    -0.07500400
Spot 2    -0.01224672    -0.01217470    -0.07500400
Spot 1    -0.01252744    -0.01217878    -0.07500400
Spot 2    -0.01224665    -0.01217484    -0.07500400
20MABNDA000272_PR038
Spot 1    -0.01275829     0.01313795    -0.07417900
Spot 2    -0.01253552     0.01313920    -0.07417900
Spot 1    -0.01275829     0.01313783    -0.07417900
Spot 2    -0.01253538     0.01313920    -0.07417900
Spot 1    -0.01275810     0.01313781    -0.07417900
Spot 2    -0.01253552     0.01313929    -0.07417900
Spot 1    -0.01275811     0.01313776    -0.07417900
Spot 2    -0.01253555     0.01313922    -0.07417900
Spot 1    -0.01275832     0.01313781    -0.07417900
Spot 2    -0.01253545     0.01313938    -0.07417900
Spot 1    -0.01275808     0.01313762    -0.07417900
Spot 2    -0.01253545     0.01313940    -0.07417900
Spot 1    -0.01275839     0.01313773    -0.07417900
Spot 2    -0.01253547     0.01313949    -0.07417900
Spot 1    -0.01275836     0.01313771    -0.07417900
Spot 2    -0.01253538     0.01313931    -0.07417900
20MABNDA000003_PR039
Spot 1    -0.01280829     0.01212076    -0.07373400
Spot 2    -0.01308598     0.01212247    -0.07373400
Spot 1    -0.01280821     0.01212062    -0.07373400
Spot 2    -0.01308587     0.01212231    -0.07373400
Spot 1    -0.01280834     0.01212076    -0.07373400
Spot 2    -0.01308594     0.01212249    -0.07373400
Spot 1    -0.01280814     0.01212080    -0.07373400
Spot 2    -0.01308586     0.01212247    -0.07373400
Spot 1    -0.01280816     0.01212073    -0.07373400
Spot 2    -0.01308586     0.01212242    -0.07373400
Spot 1    -0.01280834     0.01212065    -0.07373400
Spot 2    -0.01308588     0.01212246    -0.07373400
Spot 1    -0.01280838     0.01212072    -0.07373400
Spot 2    -0.01308592     0.01212252    -0.07373400
Spot 1    -0.01280826     0.01212067    -0.07373400
Spot 2    -0.01308593     0.01212242    -0.07373400


*****************************************************************coordonnees du prisme dans le repere MOUNT********************************************************************************** 
20MABNDB000135_PR027
   -0.02101171    -0.01020437     2.74937153
   -0.02100681    -0.01021028     2.74937153
   -0.02101028    -0.01020658     2.74937153
   -0.02101354    -0.01020398     2.74937153
   -0.02100807    -0.01020772     2.74937153
   -0.02100968    -0.01020238     2.74937153
   -0.02101192    -0.01020675     2.74937153
   -0.02101226    -0.01020345     2.74937153
   -0.02100884    -0.01021008     2.74937153
20MABNDB000126_PR028
   -0.02052633    -0.03881136     2.14679599
   -0.02052604    -0.03881165     2.14679599
   -0.02052719    -0.03880993     2.14679599
   -0.02052604    -0.03881191     2.14679599
   -0.02052918    -0.03881107     2.14679599
   -0.02052860    -0.03881122     2.14679599
   -0.02052576    -0.03881278     2.14679599
   -0.02052719    -0.03880936     2.14679599
20MABNDA000272_PR038
   -0.01326948     0.01160382     2.74965906
   -0.01327204     0.01160601     2.74965906
   -0.01327296     0.01160474     2.74965906
   -0.01327222     0.01160695     2.74965906
   -0.01327021     0.01160309     2.74965906
   -0.01327461     0.01160621     2.74965906
   -0.01326855     0.01160254     2.74965906
   -0.01327076     0.01160620     2.74965906
20MABNDA000003_PR039
   -0.00575691     0.04136577     2.14891338
   -0.00575976     0.04137006     2.14891338
   -0.00575678     0.04136548     2.14891338
   -0.00576079     0.04136520     2.14891338
   -0.00576049     0.04136692     2.14891338
   -0.00575762     0.04136749     2.14891338
   -0.00575650     0.04136562     2.14891338
   -0.00575819     0.04136778     2.14891338


*****************************************************************coordonnees du prisme dans le repere ATLAS********************************************************************************** 
20MABNDB000135_PR027 0.00000000
    2.60385227    -4.19700384    -3.82515359
    2.60385728    -4.19700384    -3.82514763
    2.60385370    -4.19700384    -3.82515144
    2.60385060    -4.19700384    -3.82515383
    2.60385609    -4.19700384    -3.82515025
    2.60385442    -4.19700384    -3.82515550
    2.60385203    -4.19700384    -3.82515121
    2.60385180    -4.19700384    -3.82515454
    2.60385513    -4.19700384    -3.82514787
20MABNDB000126_PR028 0.00000000
    2.60539055    -4.19702053    -5.89340544
    2.60539079    -4.19702053    -5.89340544
    2.60538983    -4.19702053    -5.89340687
    2.60539079    -4.19702053    -5.89340496
    2.60538769    -4.19702053    -5.89340591
    2.60538840    -4.19702053    -5.89340591
    2.60539126    -4.19702053    -5.89340401
    2.60538983    -4.19702053    -5.89340782
20MABNDA000272_PR038 0.00000000
   -2.61126375    -4.19698238    -3.82688189
   -2.61126137    -4.19698238    -3.82687974
   -2.61126041    -4.19698238    -3.82688093
   -2.61126113    -4.19698238    -3.82687879
   -2.61126304    -4.19698238    -3.82688260
   -2.61125875    -4.19698238    -3.82687950
   -2.61126471    -4.19698238    -3.82688308
   -2.61126256    -4.19698238    -3.82687950
20MABNDA000003_PR039 0.00000000
   -2.61596894    -4.19702339    -5.89139986
   -2.61596608    -4.19702339    -5.89139557
   -2.61596918    -4.19702339    -5.89140034
   -2.61596513    -4.19702339    -5.89140034
   -2.61596537    -4.19702339    -5.89139891
   -2.61596823    -4.19702339    -5.89139795
   -2.61596942    -4.19702339    -5.89139986
   -2.61596775    -4.19702339    -5.89139795


*****************************************************************Rapport********************************************************************************** 
CAM-EBC-US-IP_EBC-US-IP        2015.03.17.15.33.49     2.60385370    -4.19700384    -3.82515176     0.00000208     0.00000000     0.00000267 0.00000000 VRAI 
CAM-EBC-US-HO_EBC-US-HO        2015.03.17.15.33.49     2.60538989    -4.19702053    -5.89340580     0.00000117     0.00000000     0.00000109 0.00000000 VRAI 
CAM-EBC-USA-IP_EBC-USA-IP      2015.03.17.15.33.49    -2.61126196    -4.19698238    -3.82688075     0.00000180     0.00000000     0.00000151 0.00000000 VRAI 
CAM-EBC-USA-HO_EBC-USA-HO      2015.03.17.15.33.49    -2.61596751    -4.19702339    -5.89139885     0.00000163     0.00000000     0.00000153 0.00000000 VRAI 
