********** Fichier qui contient une sauvegarde des coordonnees images + coordonnees images transformees dans le repere BCAM (MOUNT) + coordonnees des prismes dans le repere MOUNT********** 
********************************************************************** Unite en metres (m)************************************************************************************************** 

*******************************************************************coordonnees images dans le repere CCD *********************************************************************************** 
20MABNDB000135_PR027
Spot 1   0.00189343   0.00091620
Spot 2   0.00211250   0.00091908
Spot 1   0.00189356   0.00091641
Spot 2   0.00211234   0.00091940
Spot 1   0.00189344   0.00091623
Spot 2   0.00211234   0.00091941
Spot 1   0.00189351   0.00091639
Spot 2   0.00211241   0.00091925
Spot 1   0.00189346   0.00091634
Spot 2   0.00211231   0.00091952
Spot 1   0.00189351   0.00091639
Spot 2   0.00211246   0.00091923
Spot 1   0.00189352   0.00091632
Spot 2   0.00211254   0.00091943
Spot 1   0.00189358   0.00091649
Spot 2   0.00211246   0.00091955
Spot 1   0.00189363   0.00091647
Spot 2   0.00211235   0.00091954
Spot 1   0.00189369   0.00091654
Spot 2   0.00211247   0.00091952
Spot 1   0.00189352   0.00091625
Spot 2   0.00211260   0.00091948
Spot 1   0.00189380   0.00091654
Spot 2   0.00211238   0.00091949
Spot 1   0.00189355   0.00091632
Spot 2   0.00211250   0.00091952
20MABNDB000126_PR028
Spot 1   0.00194042   0.00200350
Spot 2   0.00165745   0.00200213
Spot 1   0.00194037   0.00200366
Spot 2   0.00165749   0.00200202
Spot 1   0.00194048   0.00200357
Spot 2   0.00165733   0.00200205
Spot 1   0.00194047   0.00200355
Spot 2   0.00165734   0.00200208
Spot 1   0.00194043   0.00200363
Spot 2   0.00165746   0.00200216
Spot 1   0.00194038   0.00200360
Spot 2   0.00165734   0.00200207
Spot 1   0.00194041   0.00200361
Spot 2   0.00165742   0.00200203
Spot 1   0.00194037   0.00200367
Spot 2   0.00165750   0.00200212
Spot 1   0.00194033   0.00200364
Spot 2   0.00165744   0.00200218
Spot 1   0.00194054   0.00200350
Spot 2   0.00165734   0.00200192
Spot 1   0.00194044   0.00200352
Spot 2   0.00165723   0.00200218
Spot 1   0.00194046   0.00200350
Spot 2   0.00165744   0.00200211
20MABNDA000272_PR038
Spot 1   0.00192467   0.00096509
Spot 2   0.00169826   0.00096441
Spot 1   0.00192434   0.00096486
Spot 2   0.00169826   0.00096419
Spot 1   0.00192445   0.00096500
Spot 2   0.00169838   0.00096444
Spot 1   0.00192446   0.00096495
Spot 2   0.00169826   0.00096438
Spot 1   0.00192459   0.00096518
Spot 2   0.00169804   0.00096420
Spot 1   0.00192439   0.00096514
Spot 2   0.00169836   0.00096456
Spot 1   0.00192449   0.00096509
Spot 2   0.00169831   0.00096442
Spot 1   0.00192454   0.00096500
Spot 2   0.00169831   0.00096457
Spot 1   0.00192467   0.00096514
Spot 2   0.00169821   0.00096434
Spot 1   0.00192462   0.00096514
Spot 2   0.00169831   0.00096457
Spot 1   0.00192453   0.00096528
Spot 2   0.00169824   0.00096428
Spot 1   0.00192453   0.00096514
Spot 2   0.00169802   0.00096435
20MABNDA000003_PR039
Spot 1   0.00200363   0.00193543
Spot 2   0.00228115   0.00193404
Spot 1   0.00200353   0.00193532
Spot 2   0.00228110   0.00193402
Spot 1   0.00200368   0.00193535
Spot 2   0.00228120   0.00193407
Spot 1   0.00200374   0.00193555
Spot 2   0.00228108   0.00193408
Spot 1   0.00200360   0.00193538
Spot 2   0.00228118   0.00193414
Spot 1   0.00200365   0.00193545
Spot 2   0.00228115   0.00193406
Spot 1   0.00200351   0.00193526
Spot 2   0.00228115   0.00193406
Spot 1   0.00200359   0.00193546
Spot 2   0.00228114   0.00193411
Spot 1   0.00200360   0.00193538
Spot 2   0.00228116   0.00193401
Spot 1   0.00200360   0.00193533
Spot 2   0.00228120   0.00193406
Spot 1   0.00200370   0.00193542
Spot 2   0.00228112   0.00193402
Spot 1   0.00200361   0.00193545
Spot 2   0.00228121   0.00193414


****************************************************************coordonnees images transformees dans le repere MOUNT************************************************************************* 
20MABNDB000135_PR027
Spot 1  -0.01251124  -0.01319685  -0.07464699
Spot 2  -0.01229215  -0.01319641  -0.07464699
Spot 1  -0.01251111  -0.01319664  -0.07464699
Spot 2  -0.01229231  -0.01319609  -0.07464699
Spot 1  -0.01251123  -0.01319682  -0.07464699
Spot 2  -0.01229231  -0.01319608  -0.07464699
Spot 1  -0.01251116  -0.01319666  -0.07464699
Spot 2  -0.01229224  -0.01319624  -0.07464699
Spot 1  -0.01251121  -0.01319671  -0.07464699
Spot 2  -0.01229234  -0.01319596  -0.07464699
Spot 1  -0.01251116  -0.01319666  -0.07464699
Spot 2  -0.01229219  -0.01319626  -0.07464699
Spot 1  -0.01251115  -0.01319673  -0.07464699
Spot 2  -0.01229211  -0.01319606  -0.07464699
Spot 1  -0.01251109  -0.01319656  -0.07464699
Spot 2  -0.01229219  -0.01319594  -0.07464699
Spot 1  -0.01251104  -0.01319658  -0.07464699
Spot 2  -0.01229230  -0.01319594  -0.07464699
Spot 1  -0.01251098  -0.01319651  -0.07464699
Spot 2  -0.01229218  -0.01319597  -0.07464699
Spot 1  -0.01251115  -0.01319680  -0.07464699
Spot 2  -0.01229205  -0.01319601  -0.07464699
Spot 1  -0.01251087  -0.01319651  -0.07464699
Spot 2  -0.01229227  -0.01319600  -0.07464699
Spot 1  -0.01251112  -0.01319673  -0.07464699
Spot 2  -0.01229215  -0.01319597  -0.07464699
20MABNDB000126_PR028
Spot 1  -0.01223909  -0.01217709  -0.07500400
Spot 2  -0.01252205  -0.01217997  -0.07500400
Spot 1  -0.01223914  -0.01217693  -0.07500400
Spot 2  -0.01252201  -0.01218008  -0.07500400
Spot 1  -0.01223903  -0.01217702  -0.07500400
Spot 2  -0.01252217  -0.01218005  -0.07500400
Spot 1  -0.01223904  -0.01217704  -0.07500400
Spot 2  -0.01252216  -0.01218002  -0.07500400
Spot 1  -0.01223908  -0.01217696  -0.07500400
Spot 2  -0.01252204  -0.01217994  -0.07500400
Spot 1  -0.01223913  -0.01217699  -0.07500400
Spot 2  -0.01252216  -0.01218003  -0.07500400
Spot 1  -0.01223910  -0.01217698  -0.07500400
Spot 2  -0.01252208  -0.01218007  -0.07500400
Spot 1  -0.01223914  -0.01217692  -0.07500400
Spot 2  -0.01252200  -0.01217998  -0.07500400
Spot 1  -0.01223918  -0.01217695  -0.07500400
Spot 2  -0.01252206  -0.01217992  -0.07500400
Spot 1  -0.01223897  -0.01217709  -0.07500400
Spot 2  -0.01252216  -0.01218018  -0.07500400
Spot 1  -0.01223907  -0.01217707  -0.07500400
Spot 2  -0.01252227  -0.01217992  -0.07500400
Spot 1  -0.01223905  -0.01217709  -0.07500400
Spot 2  -0.01252206  -0.01217999  -0.07500400
20MABNDA000272_PR038
Spot 1  -0.01276035   0.01314638  -0.07417900
Spot 2  -0.01253394   0.01314666  -0.07417900
Spot 1  -0.01276002   0.01314661  -0.07417900
Spot 2  -0.01253394   0.01314688  -0.07417900
Spot 1  -0.01276013   0.01314647  -0.07417900
Spot 2  -0.01253406   0.01314663  -0.07417900
Spot 1  -0.01276014   0.01314652  -0.07417900
Spot 2  -0.01253394   0.01314669  -0.07417900
Spot 1  -0.01276027   0.01314629  -0.07417900
Spot 2  -0.01253371   0.01314687  -0.07417900
Spot 1  -0.01276007   0.01314633  -0.07417900
Spot 2  -0.01253404   0.01314651  -0.07417900
Spot 1  -0.01276017   0.01314638  -0.07417900
Spot 2  -0.01253399   0.01314665  -0.07417900
Spot 1  -0.01276022   0.01314647  -0.07417900
Spot 2  -0.01253399   0.01314650  -0.07417900
Spot 1  -0.01276035   0.01314633  -0.07417900
Spot 2  -0.01253389   0.01314673  -0.07417900
Spot 1  -0.01276030   0.01314633  -0.07417900
Spot 2  -0.01253399   0.01314650  -0.07417900
Spot 1  -0.01276021   0.01314619  -0.07417900
Spot 2  -0.01253392   0.01314679  -0.07417900
Spot 1  -0.01276021   0.01314633  -0.07417900
Spot 2  -0.01253370   0.01314672  -0.07417900
20MABNDA000003_PR039
Spot 1  -0.01280474   0.01211684  -0.07373400
Spot 2  -0.01308225   0.01211894  -0.07373400
Spot 1  -0.01280464   0.01211695  -0.07373400
Spot 2  -0.01308220   0.01211896  -0.07373400
Spot 1  -0.01280479   0.01211692  -0.07373400
Spot 2  -0.01308230   0.01211891  -0.07373400
Spot 1  -0.01280485   0.01211672  -0.07373400
Spot 2  -0.01308218   0.01211890  -0.07373400
Spot 1  -0.01280471   0.01211689  -0.07373400
Spot 2  -0.01308228   0.01211884  -0.07373400
Spot 1  -0.01280476   0.01211682  -0.07373400
Spot 2  -0.01308225   0.01211892  -0.07373400
Spot 1  -0.01280462   0.01211701  -0.07373400
Spot 2  -0.01308225   0.01211892  -0.07373400
Spot 1  -0.01280470   0.01211681  -0.07373400
Spot 2  -0.01308224   0.01211887  -0.07373400
Spot 1  -0.01280471   0.01211689  -0.07373400
Spot 2  -0.01308226   0.01211897  -0.07373400
Spot 1  -0.01280471   0.01211694  -0.07373400
Spot 2  -0.01308230   0.01211892  -0.07373400
Spot 1  -0.01280481   0.01211685  -0.07373400
Spot 2  -0.01308222   0.01211896  -0.07373400
Spot 1  -0.01280472   0.01211682  -0.07373400
Spot 2  -0.01308231   0.01211884  -0.07373400


*****************************************************************coordonnees du prisme dans le repere MOUNT********************************************************************************** 
20MABNDB000135_PR027
 -0.02110876  -0.00987908   2.74937057
 -0.02110831  -0.00988879   2.74937081
 -0.02110608  -0.00988570   2.74937081
 -0.02110866  -0.00988568   2.74937081
 -0.02110594  -0.00988975   2.74937081
 -0.02110956  -0.00988531   2.74937081
 -0.02111123  -0.00988767   2.74937057
 -0.02111093  -0.00989299   2.74937081
 -0.02110983  -0.00989246   2.74937081
 -0.02111313  -0.00989334   2.74937057
 -0.02111233  -0.00988729   2.74937057
 -0.02111349  -0.00989279   2.74937057
 -0.02111106  -0.00988932   2.74937081
20MABNDB000126_PR028
 -0.02071186  -0.03876032   2.14679623
 -0.02071171  -0.03876103   2.14679623
 -0.02071100  -0.03876017   2.14679623
 -0.02071101  -0.03876032   2.14679623
 -0.02071213  -0.03876260   2.14679623
 -0.02070972  -0.03876087   2.14679623
 -0.02071129  -0.03876046   2.14679623
 -0.02071186  -0.03876261   2.14679623
 -0.02071043  -0.03876302   2.14679623
 -0.02071202  -0.03875733   2.14679623
 -0.02070901  -0.03876131   2.14679623
 -0.02071229  -0.03876004   2.14679623
20MABNDA000272_PR038
 -0.01326082   0.01131264   2.74965906
 -0.01326688   0.01130442   2.74965906
 -0.01326267   0.01131155   2.74965906
 -0.01326468   0.01130954   2.74965906
 -0.01326634   0.01131046   2.74965906
 -0.01326412   0.01131631   2.74965906
 -0.01326320   0.01131283   2.74965906
 -0.01326229   0.01131394   2.74965906
 -0.01326175   0.01131228   2.74965906
 -0.01326082   0.01131650   2.74965906
 -0.01326376   0.01131374   2.74965906
 -0.01326779   0.01131247   2.74965906
20MABNDA000003_PR039
 -0.00586097   0.04147220   2.14891219
 -0.00586312   0.04147034   2.14891219
 -0.00585954   0.04147149   2.14891219
 -0.00586040   0.04147448   2.14891219
 -0.00586098   0.04147291   2.14891219
 -0.00586069   0.04147276   2.14891219
 -0.00586270   0.04147006   2.14891219
 -0.00586169   0.04147363   2.14891219
 -0.00586127   0.04147105   2.14891219
 -0.00586069   0.04147106   2.14891219
 -0.00586040   0.04147176   2.14891219
 -0.00586041   0.04147391   2.14891219


*****************************************************************coordonnees du prisme dans le repere ATLAS********************************************************************************** 
20MABNDB000135_PR027 0.00000000
  2.60032320  -4.19776344  -3.82408476
  2.60032368  -4.19776297  -3.82407498
  2.60032582  -4.19776344  -3.82407808
  2.60032320  -4.19776297  -3.82407808
  2.60032606  -4.19776344  -3.82407403
  2.60032248  -4.19776297  -3.82407856
  2.60032082  -4.19776344  -3.82407618
  2.60032105  -4.19776297  -3.82407069
  2.60032225  -4.19776297  -3.82407141
  2.60031891  -4.19776344  -3.82407045
  2.60031962  -4.19776344  -3.82407641
  2.60031843  -4.19776344  -3.82407093
  2.60032082  -4.19776297  -3.82407451
20MABNDB000126_PR028 0.00000000
  2.60520506  -4.19702053  -5.89345646
  2.60520530  -4.19702053  -5.89345598
  2.60520601  -4.19702053  -5.89345646
  2.60520577  -4.19702053  -5.89345646
  2.60520482  -4.19702053  -5.89345407
  2.60520720  -4.19702053  -5.89345598
  2.60520554  -4.19702053  -5.89345646
  2.60520506  -4.19702053  -5.89345407
  2.60520649  -4.19702053  -5.89345360
  2.60520482  -4.19702053  -5.89345932
  2.60520792  -4.19702053  -5.89345551
  2.60520458  -4.19702053  -5.89345694
20MABNDA000272_PR038 0.00000000
 -2.61127257  -4.19698238  -3.82717299
 -2.61126637  -4.19698238  -3.82718134
 -2.61127067  -4.19698238  -3.82717419
 -2.61126876  -4.19698238  -3.82717609
 -2.61126709  -4.19698238  -3.82717514
 -2.61126924  -4.19698238  -3.82716942
 -2.61127019  -4.19698238  -3.82717276
 -2.61127114  -4.19698238  -3.82717180
 -2.61127162  -4.19698238  -3.82717347
 -2.61127257  -4.19698238  -3.82716918
 -2.61126971  -4.19698238  -3.82717180
 -2.61126566  -4.19698238  -3.82717323
20MABNDA000003_PR039 0.00000000
 -2.61586499  -4.19702387  -5.89129353
 -2.61586285  -4.19702387  -5.89129543
 -2.61586642  -4.19702387  -5.89129400
 -2.61586547  -4.19702387  -5.89129114
 -2.61586499  -4.19702387  -5.89129257
 -2.61586523  -4.19702387  -5.89129305
 -2.61586332  -4.19702387  -5.89129543
 -2.61586428  -4.19702387  -5.89129210
 -2.61586475  -4.19702387  -5.89129448
 -2.61586523  -4.19702387  -5.89129448
 -2.61586547  -4.19702387  -5.89129400
 -2.61586547  -4.19702387  -5.89129162


*****************************************************************Rapport********************************************************************************** 
CAM-EBC-US-IP_EBC-US-IP     2014.09.04.10.23.09   2.60032203  -4.19776322  -3.82407531   0.00000230   0.00000024   0.00000391 0.00000000 VRAI 
CAM-EBC-US-HO_EBC-US-HO     2014.09.04.10.23.09   2.60520571  -4.19702053  -5.89345594   0.00000099   0.00000000   0.00000148 0.00000000 VRAI 
CAM-EBC-USA-IP_EBC-USA-IP   2014.09.04.10.23.09  -2.61126963  -4.19698238  -3.82717345   0.00000221   0.00000000   0.00000307 0.00000000 VRAI 
CAM-EBC-USA-HO_EBC-USA-HO   2014.09.04.10.23.09  -2.61586487  -4.19702387  -5.89129349   0.00000094   0.00000000   0.00000136 0.00000000 VRAI 
