********** Fichier qui contient une sauvegarde des coordonnees images + coordonnees images transformees dans le repere BCAM (MOUNT) + coordonnees des prismes dans le repere MOUNT********** 
********************************************************************** Unite en metres (m)************************************************************************************************** 

*******************************************************************coordonnees images dans le repere CCD *********************************************************************************** 
20MABNDL000077_PR002
Spot 1 0.0010852 6.921e-05
Spot 2 0.00200807 0.00010016
Spot 1 0.0010863 6.914e-05
Spot 2 0.0020112 9.769e-05
Spot 1 0.0010851 6.925e-05
Spot 2 0.00200802 0.00010124
Spot 1 0.00108604 6.907e-05
Spot 2 0.00140983 0.00010393
Spot 1 0.00108534 6.949e-05
Spot 2 0.00201072 9.91e-05
20MABNDL000077_PR003
Spot 1 0.00158088 5.713e-05
Spot 2 0.00141783 9.001e-05
Spot 1 0.00158199 5.722e-05
Spot 2 0.00141769 9.225e-05
Spot 1 0.00140997 0.00010437
Spot 2 0.00158092 5.684e-05
Spot 1 0.00158097 5.683e-05
Spot 2 0.00128165 6.25e-05
Spot 1 0.00158179 5.679e-05
Spot 2 0.00141751 9.047e-05
20MABNDL000077_PR024
Spot 1 0.0023463 0.00182717
Spot 2 0.0017475 0.0017025
Spot 1 0.00234614 0.0018268
Spot 2 0.002045 0.002055
Spot 1 0.00234599 0.00182682
Spot 2 0.002045 0.002055
Spot 1 0.00234584 0.00182754
Spot 2 0.002045 0.002055
20MABNDL000077_20MABNDM000168
Spot 1 0.0018684 0.0015223
Spot 2 0.00197107 0.00123571
Spot 1 0.00186845 0.00152252
Spot 2 0.00197075 0.00123562
Spot 1 0.00186844 0.00152291
Spot 2 0.00197128 0.0012358
Spot 1 0.00186845 0.00152329
Spot 2 0.001971 0.00123552
20MABNDM000020_PR013
Spot 1 0.00236509 0.00016365
Spot 2 0.00275255 6.714e-05
Spot 1 0.00234048 0.00016399
Spot 2 0.00276425 7.246e-05
Spot 1 0.00231333 0.00016487
Spot 2 0.00276369 7.296e-05
Spot 1 0.00237215 0.00015838
Spot 2 0.00275303 6.596e-05
20MABNDM000020_PR014
Spot 1 0.00222826 3.879e-05
Spot 2 0.002144 4.567e-05
Spot 1 0.00222816 4.079e-05
Spot 2 0.00214532 4.629e-05
Spot 1 0.00263919 4.048e-05
Spot 2 0.00214357 4.607e-05
Spot 1 0.00214406 4.563e-05
Spot 2 0.00263844 4.25e-05
20MABNDM000020_PR035
Spot 1 0.00154707 0.00104801
Spot 2 0.000945 0.001745
Spot 1 0.00154711 0.00104955
Spot 2 0.000945 0.001745
Spot 1 0.00154719 0.00104806
Spot 2 0.000945 0.001745
Spot 1 0.00154713 0.00104567
Spot 2 0.000945 0.001745
20MABNDM000020_20MABNDL000196
Spot 1 0.00200462 0.00107051
Spot 2 0.00207768 0.00042183
Spot 1 0.00200463 0.00107031
Spot 2 0.00207214 0.00042429
Spot 1 0.00200468 0.00107065
Spot 2 0.00189438 0.00065813
Spot 1 0.00200458 0.00107044
Spot 2 0.00189329 0.00065757


****************************************************************coordonnees images transformees dans le repere MOUNT************************************************************************* 
20MABNDL000077_PR002
Spot 1 0.0121417 0.034142 -0.074632
Spot 2 0.0130649 0.034164 -0.074632
Spot 1 0.0121428 0.0341419 -0.074632
Spot 2 0.013068 0.0341615 -0.074632
Spot 1 0.0121416 0.034142 -0.074632
Spot 2 0.0130648 0.0341651 -0.074632
Spot 1 0.0121426 0.0341418 -0.074632
Spot 2 0.0124667 0.0341735 -0.074632
Spot 1 0.0121419 0.0341422 -0.074632
Spot 2 0.0130675 0.0341629 -0.074632
20MABNDL000077_PR003
Spot 1 0.0126373 0.0341251 -0.074632
Spot 2 0.0124746 0.0341595 -0.074632
Spot 1 0.0126384 0.0341252 -0.074632
Spot 2 0.0124744 0.0341618 -0.074632
Spot 1 0.0124668 0.034174 -0.074632
Spot 2 0.0126373 0.0341248 -0.074632
Spot 1 0.0126374 0.0341248 -0.074632
Spot 2 0.0123381 0.0341334 -0.074632
Spot 1 0.0126382 0.0341248 -0.074632
Spot 2 0.0124742 0.03416 -0.074632
20MABNDL000077_PR024
Spot 1 -0.013188 0.0358841 -0.006954
Spot 2 -0.0125879 0.0357656 -0.006954
Spot 1 -0.0131878 0.0358837 -0.006954
Spot 2 -0.012889 0.036115 -0.006954
Spot 1 -0.0131877 0.0358837 -0.006954
Spot 2 -0.012889 0.036115 -0.006954
Spot 1 -0.0131875 0.0358845 -0.006954
Spot 2 -0.012889 0.036115 -0.006954
20MABNDL000077_20MABNDM000168
Spot 1 -0.012707 0.0355841 -0.006954
Spot 2 -0.0128067 0.0352965 -0.006954
Spot 1 -0.0127071 0.0355843 -0.006954
Spot 2 -0.0128064 0.0352964 -0.006954
Spot 1 -0.012707 0.0355847 -0.006954
Spot 2 -0.0128069 0.0352966 -0.006954
Spot 1 -0.0127071 0.0355851 -0.006954
Spot 2 -0.0128067 0.0352963 -0.006954
20MABNDM000020_PR013
Spot 1 -0.0120242 -0.0341063 -0.005235
Spot 2 -0.0116389 -0.0340013 -0.005235
Spot 1 -0.0120488 -0.0341072 -0.005235
Spot 2 -0.0116271 -0.0340064 -0.005235
Spot 1 -0.0120759 -0.0341087 -0.005235
Spot 2 -0.0116277 -0.0340069 -0.005235
Spot 1 -0.0120172 -0.0341009 -0.005235
Spot 2 -0.0116385 -0.0340001 -0.005235
20MABNDM000020_PR014
Spot 1 -0.0121637 -0.0339845 -0.005235
Spot 2 -0.0122478 -0.0339933 -0.005235
Spot 1 -0.0121638 -0.0339865 -0.005235
Spot 2 -0.0122465 -0.0339939 -0.005235
Spot 1 -0.0117529 -0.0339771 -0.005235
Spot 2 -0.0122482 -0.0339937 -0.005235
Spot 1 -0.0122478 -0.0339932 -0.005235
Spot 2 -0.0117536 -0.0339792 -0.005235
20MABNDM000020_PR035
Spot 1 0.0131392 -0.0350165 -0.075838
Spot 2 0.0137414 -0.0357134 -0.075838
Spot 1 0.0131391 -0.0350181 -0.075838
Spot 2 0.0137414 -0.0357134 -0.075838
Spot 1 0.0131391 -0.0350166 -0.075838
Spot 2 0.0137414 -0.0357134 -0.075838
Spot 1 0.0131391 -0.0350142 -0.075838
Spot 2 0.0137414 -0.0357134 -0.075838
20MABNDM000020_20MABNDL000196
Spot 1 0.0126816 -0.0350391 -0.075838
Spot 2 0.0126085 -0.0343904 -0.075838
Spot 1 0.0126816 -0.0350389 -0.075838
Spot 2 0.012614 -0.0343929 -0.075838
Spot 1 0.0126816 -0.0350392 -0.075838
Spot 2 0.0127918 -0.0346267 -0.075838
Spot 1 0.0126817 -0.035039 -0.075838
Spot 2 0.0127929 -0.0346261 -0.075838


*****************************************************************coordonnees du prisme dans le repere MOUNT********************************************************************************** 
20MABNDL000077_PR002
0.017078 0.0915089 3.7067
0.0169741 0.0915726 3.7067
0.0170814 0.0914812 3.7067
0.0318313 0.0912765 3.70666
0.0170093 0.0915288 3.7067
20MABNDL000077_PR003
0.0197611 0.0948897 3.8956
0.0197353 0.0948294 3.8956
0.0199604 0.0945226 3.89561
0.0233005 0.0955772 3.89558
0.0197457 0.0948866 3.8956
20MABNDL000077_PR024
0.00313309 -0.0077552 -5.89654
0.0148638 -0.0213617 -5.89637
0.014858 -0.0213626 -5.89637
0.0148524 -0.0213908 -5.89637
20MABNDL000077_20MABNDM000168
-0.0075011 0.023241 -5.46874
-0.00751079 0.0232362 -5.46874
-0.00749178 0.023216 -5.46874
-0.0075015 0.0232122 -5.46874
20MABNDM000020_PR013
-0.0521427 -0.0894175 -3.80189
-0.0518257 -0.0892701 -3.8019
-0.0511392 -0.0892208 -3.80191
-0.0523262 -0.0895816 -3.80189
20MABNDM000020_PR014
-0.034637 -0.09552 -3.991
-0.0346703 -0.0954524 -3.991
-0.0453363 -0.0957009 -3.99092
-0.0453308 -0.0956596 -3.99092
20MABNDM000020_PR035
-0.041053 -0.0157416 5.80101
-0.0410515 -0.0156823 5.80101
-0.0410484 -0.0157397 5.80101
-0.0410507 -0.0158317 5.80101
20MABNDM000020_20MABNDL000196
0.0196963 -0.063748 5.39475
0.0194981 -0.0636671 5.39475
0.01313 -0.055278 5.3948
0.0130874 -0.0553055 5.3948


*****************************************************************coordonnees du prisme dans le repere ATLAS********************************************************************************** 
20MABNDL000077_PR002 0
2.76552 -3.72741 6.48601
2.76546 -3.72752 6.48601
2.76555 -3.72741 6.48601
2.76576 -3.71266 6.48599
2.7655 -3.72748 6.48601
20MABNDL000077_PR003 0
2.76233 -3.72496 6.67492
2.76239 -3.72499 6.67492
2.76269 -3.72476 6.67492
2.76164 -3.72142 6.6749
2.76233 -3.72498 6.67492
20MABNDL000077_PR024 0
2.85536 -3.72955 -3.11733
2.86897 -3.71782 -3.11717
2.86897 -3.71783 -3.11717
2.869 -3.71783 -3.11717
20MABNDL000077_20MABNDM000168 0
2.82478 -3.7407 -2.68952
2.82479 -3.74071 -2.68952
2.82481 -3.74069 -2.68952
2.82481 -3.7407 -2.68952
20MABNDM000020_PR013 0
-2.76287 -3.68736 6.48576
-2.76302 -3.68768 6.48576
-2.76307 -3.68837 6.48577
-2.76271 -3.68718 6.48575
20MABNDM000020_PR014 0
-2.75674 -3.70501 6.67485
-2.75681 -3.70498 6.67485
-2.75655 -3.69431 6.67478
-2.75659 -3.69432 6.67478
20MABNDM000020_PR035 0
-2.83849 -3.69113 -3.11713
-2.83854 -3.69113 -3.11713
-2.83849 -3.69113 -3.11713
-2.8384 -3.69113 -3.11713
20MABNDM000020_20MABNDL000196 0
-2.79042 -3.7522 -2.71094
-2.7905 -3.752 -2.71094
-2.79888 -3.74563 -2.71097
-2.79886 -3.74559 -2.71097


*****************************************************************Rapport********************************************************************************** 
CAM-LBA-US_EBA-US-HO-H 2014.08.19.16.15.28 2.76556 -3.7245 6.48601 0.000104766 0.00591841 1.00249e-05 0 VRAI 
CAM-LBA-US_JDA-US-H 2014.08.19.16.15.28 2.76228 -3.72422 6.67492 0.000345405 0.00140245 6.13325e-06 0 VRAI 
CAM-LBA-US_EBC-US-IP-H 2014.08.19.16.15.28 2.86558 -3.72076 -3.11721 0.00589784 0.00507509 7.07182e-05 0 VRAI 
CAM-LBA-US_CAM-LBC-US 2014.08.19.16.15.28 2.8248 -3.7407 -2.68952 1.24669e-05 6.7456e-06 1.03238e-07 0 VRAI 
CAM-LBA-USA_EBA-USA-HO-H 2014.08.19.16.15.28 -2.76292 -3.68765 6.48576 0.000140824 0.00045217 6.2933e-06 0 VRAI 
CAM-LBA-USA_JDA-USA-H 2014.08.19.16.15.28 -2.75667 -3.69966 6.67481 0.000102551 0.00533993 3.4692e-05 0 VRAI 
CAM-LBA-USA_EBC-USA-IP-H 2014.08.19.16.15.28 -2.83848 -3.69113 -3.11713 5.33992e-05 1.64643e-06 2.06477e-07 0 VRAI 
CAM-LBA-USA_CAM-LBC-USA 2014.08.19.16.15.28 -2.79466 -3.74885 -2.71095 0.004207 0.00324638 1.7466e-05 0 VRAI 
