********** Fichier qui contient une sauvegarde des coordonnees images + coordonnees images transformees dans le repere BCAM (MOUNT) + coordonnees des prismes dans le repere MOUNT********** 
********************************************************************** Unite en metres (m)************************************************************************************************** 

*******************************************************************coordonnees images dans le repere CCD *********************************************************************************** 
20MABNDL000077_PR002
Spot 1 0.00233929 0.00163436
Spot 2 -1e-06 -1e-06
Spot 1 0.00233944 0.00163436
Spot 2 -1e-06 -1e-06
Spot 1 0.00233958 0.00163432
Spot 2 -1e-06 -1e-06
Spot 1 0.00233926 0.00163444
Spot 2 -1e-06 -1e-06
Spot 1 0.00233927 0.00163421
Spot 2 -1e-06 -1e-06
20MABNDL000077_PR003
Spot 1 -1e-06 -1e-06
Spot 2 -1e-06 -1e-06
Spot 1 -1e-06 -1e-06
Spot 2 -1e-06 -1e-06
Spot 1 -1e-06 -1e-06
Spot 2 -1e-06 -1e-06
Spot 1 -1e-06 -1e-06
Spot 2 -1e-06 -1e-06
Spot 1 -1e-06 -1e-06
Spot 2 -1e-06 -1e-06
20MABNDL000077_20MABNDM000168
Spot 1 0.001445 0.001745
Spot 2 0.002945 0.001625
Spot 1 0.000485 1.5e-05
Spot 2 0.000975 0.000335
Spot 1 0.002835 0.000845
Spot 2 0.001235 0.000605
Spot 1 0.003155 0.000115
Spot 2 0.002995 0.000535
20MABNDM000020_PR013
Spot 1 0.00154503 0.00091488
Spot 2 0.00200375 0.00062187
Spot 1 0.00154503 0.00092289
Spot 2 0.001625 0.000775
Spot 1 0.00154617 0.00100195
Spot 2 -1e-06 -1e-06
Spot 1 0.001545 0.00090813
Spot 2 0.001625 0.000775
20MABNDM000020_PR014
Spot 1 0.001625 0.00077
Spot 2 0.001605 0.000825
Spot 1 0.001615 0.000805
Spot 2 0.001595 0.000835
Spot 1 -1e-06 -1e-06
Spot 2 -1e-06 -1e-06
Spot 1 0.001605 0.000825
Spot 2 -1e-06 -1e-06
20MABNDM000020_20MABNDL000196
Spot 1 0.000515 7.5e-05
Spot 2 0.00298559 8.794e-05
Spot 1 0.000515 7.5e-05
Spot 2 0.001265 0.000225
Spot 1 0.000515 7.5e-05
Spot 2 0.002555 0.001735
Spot 1 0.000515 7.5e-05
Spot 2 0.002555 0.001735


****************************************************************coordonnees images transformees dans le repere MOUNT************************************************************************* 
20MABNDL000077_PR002
Spot 1 -0.013179 0.0356914 -0.006954
Spot 2 -0.0108221 0.03408 -0.006954
Spot 1 -0.0131792 0.0356914 -0.006954
Spot 2 -0.0108221 0.03408 -0.006954
Spot 1 -0.0131793 0.0356913 -0.006954
Spot 2 -0.0108221 0.03408 -0.006954
Spot 1 -0.013179 0.0356914 -0.006954
Spot 2 -0.0108221 0.03408 -0.006954
Spot 1 -0.013179 0.0356912 -0.006954
Spot 2 -0.0108221 0.03408 -0.006954
20MABNDL000077_PR003
Spot 1 -0.0108221 0.03408 -0.006954
Spot 2 -0.0108221 0.03408 -0.006954
Spot 1 -0.0108221 0.03408 -0.006954
Spot 2 -0.0108221 0.03408 -0.006954
Spot 1 -0.0108221 0.03408 -0.006954
Spot 2 -0.0108221 0.03408 -0.006954
Spot 1 -0.0108221 0.03408 -0.006954
Spot 2 -0.0108221 0.03408 -0.006954
Spot 1 -0.0108221 0.03408 -0.006954
Spot 2 -0.0108221 0.03408 -0.006954
20MABNDL000077_20MABNDM000168
Spot 1 -0.0122859 0.0358112 -0.006954
Spot 2 -0.0137846 0.0356758 -0.006954
Spot 1 -0.0113082 0.0340911 -0.006954
Spot 2 -0.0118015 0.034406 -0.006954
Spot 1 -0.0136666 0.034897 -0.006954
Spot 2 -0.0120642 0.0346734 -0.006954
Spot 1 -0.0139791 0.0341637 -0.006954
Spot 2 -0.0138234 0.0345853 -0.006954
20MABNDM000020_PR013
Spot 1 0.0131412 -0.0348834 -0.075838
Spot 2 0.0126825 -0.0345904 -0.075838
Spot 1 0.0131412 -0.0348914 -0.075838
Spot 2 0.0130612 -0.0347435 -0.075838
Spot 1 0.0131401 -0.0349705 -0.075838
Spot 2 0.0146871 -0.0339673 -0.075838
Spot 1 0.0131412 -0.0348766 -0.075838
Spot 2 0.0130612 -0.0347435 -0.075838
20MABNDM000020_PR014
Spot 1 0.0130612 -0.0347385 -0.075838
Spot 2 0.0130812 -0.0347935 -0.075838
Spot 1 0.0130712 -0.0347735 -0.075838
Spot 2 0.0130912 -0.0348035 -0.075838
Spot 1 0.0146871 -0.0339673 -0.075838
Spot 2 0.0146871 -0.0339673 -0.075838
Spot 1 0.0130812 -0.0347935 -0.075838
Spot 2 0.0146871 -0.0339673 -0.075838
20MABNDM000020_20MABNDL000196
Spot 1 0.0141711 -0.0340434 -0.075838
Spot 2 0.0117005 -0.0340566 -0.075838
Spot 1 0.0141711 -0.0340434 -0.075838
Spot 2 0.0134211 -0.0341935 -0.075838
Spot 1 0.0141711 -0.0340434 -0.075838
Spot 2 0.0121314 -0.0357036 -0.075838
Spot 1 0.0141711 -0.0340434 -0.075838
Spot 2 0.0121314 -0.0357036 -0.075838


*****************************************************************coordonnees du prisme dans le repere MOUNT********************************************************************************** 
20MABNDL000077_PR002
-0.0467026 0.0547972 -3.78745
-0.0466988 0.0547972 -3.78745
-0.0466954 0.0547982 -3.78745
-0.0467033 0.0547951 -3.78745
-0.0467031 0.0548009 -3.78745
20MABNDL000077_PR003
-0.109945 0.0978053 -3.97488
-0.109945 0.0978053 -3.97488
-0.109945 0.0978053 -3.97488
-0.109945 0.0978053 -3.97488
-0.109945 0.0978053 -3.97488
20MABNDM000020_PR013
0.00435404 -0.0540261 3.72208
-0.00500887 -0.0500441 3.72207
-0.0451637 -0.067273 3.72155
-0.00500955 -0.050409 3.72207
20MABNDM000020_PR014
-0.00766375 -0.056824 4.66837
-0.00828405 -0.0554284 4.66837
-0.107811 -0.10632 4.66637
-0.0580342 -0.0807127 4.66771


*****************************************************************coordonnees du prisme dans le repere ATLAS********************************************************************************** 
20MABNDL000077_PR002 0
2.79486 -3.78197 -1.00824
2.79486 -3.78196 -1.00824
2.79486 -3.78196 -1.00824
2.79486 -3.78197 -1.00824
2.79486 -3.78197 -1.00824
20MABNDL000077_PR003 0
2.75165 -3.84496 -1.19571
2.75165 -3.84496 -1.19571
2.75165 -3.84496 -1.19571
2.75165 -3.84496 -1.19571
2.75165 -3.84496 -1.19571
20MABNDM000020_PR013 0
-2.7998 -3.73813 -1.03825
-2.80378 -3.72876 -1.03823
-2.78653 -3.68861 -1.03769
-2.80341 -3.72876 -1.03823
20MABNDM000020_PR014 0
-2.79718 -3.72539 -1.98453
-2.79858 -3.72477 -1.98453
-2.74766 -3.62526 -1.98247
-2.77328 -3.67503 -1.98384


*****************************************************************Rapport********************************************************************************** 
CAM-LBA-US_EBA-US-HO-H 2014.08.15.17.04.51 2.79486 -3.78196 -1.00824 1.9334e-06 3.08805e-06 0 0 VRAI 
CAM-LBA-US_JDA-US-H 2014.08.15.17.04.51 2.75165 -3.84496 -1.19571 0 0 0 0 VRAI 
CAM-LBA-USA_EBA-USA-HO-H 2014.08.15.17.04.51 -2.79838 -3.72107 -1.0381 0.00701334 0.0191227 0.000237504 0 VRAI 
CAM-LBA-USA_JDA-USA-H 2014.08.15.17.04.51 -2.77918 -3.68761 -1.98384 0.0207907 0.0413946 0.000842651 0 VRAI 
