********** Fichier qui contient une sauvegarde des coordonnees images + coordonnees images transformees dans le repere BCAM (MOUNT) + coordonnees des prismes dans le repere MOUNT********** 
********************************************************************** Unite en metres (m)************************************************************************************************** 

*******************************************************************coordonnees images dans le repere CCD *********************************************************************************** 
20MABNDB000135_PR027
Spot 1     0.00189036     0.00092371
Spot 2     0.00210890     0.00092614
Spot 1     0.00189027     0.00092383
Spot 2     0.00210874     0.00092617
Spot 1     0.00189029     0.00092375
Spot 2     0.00210871     0.00092627
Spot 1     0.00189020     0.00092378
Spot 2     0.00210872     0.00092626
Spot 1     0.00189024     0.00092382
Spot 2     0.00210878     0.00092613
Spot 1     0.00189029     0.00092371
Spot 2     0.00210888     0.00092593
Spot 1     0.00189027     0.00092381
Spot 2     0.00210876     0.00092618
Spot 1     0.00189043     0.00092382
Spot 2     0.00210871     0.00092614
Spot 1     0.00189036     0.00092388
Spot 2     0.00210870     0.00092619
20MABNDB000126_PR028
Spot 1     0.00165127     0.00200323
Spot 2     0.00193193     0.00200577
Spot 1     0.00165141     0.00200335
Spot 2     0.00193185     0.00200572
Spot 1     0.00165128     0.00200327
Spot 2     0.00193198     0.00200576
Spot 1     0.00165127     0.00200330
Spot 2     0.00193199     0.00200569
Spot 1     0.00165136     0.00200338
Spot 2     0.00193196     0.00200575
Spot 1     0.00165127     0.00200332
Spot 2     0.00193193     0.00200575
Spot 1     0.00165122     0.00200334
Spot 2     0.00193197     0.00200574
Spot 1     0.00165131     0.00200340
Spot 2     0.00193203     0.00200568
20MABNDA000272_PR038
Spot 1     0.00192403     0.00097213
Spot 2     0.00170114     0.00097036
Spot 1     0.00192404     0.00097209
Spot 2     0.00170112     0.00097026
Spot 1     0.00192404     0.00097238
Spot 2     0.00170108     0.00097034
Spot 1     0.00192391     0.00097233
Spot 2     0.00170109     0.00097056
Spot 1     0.00192415     0.00097234
Spot 2     0.00170113     0.00097033
Spot 1     0.00192403     0.00097198
Spot 2     0.00170120     0.00097007
Spot 1     0.00192397     0.00097220
Spot 2     0.00170112     0.00097053
Spot 1     0.00192401     0.00097219
Spot 2     0.00170103     0.00097030
20MABNDA000003_PR039
Spot 1     0.00200758     0.00193090
Spot 2     0.00228558     0.00192989
Spot 1     0.00200756     0.00193085
Spot 2     0.00228555     0.00192991
Spot 1     0.00200756     0.00193089
Spot 2     0.00228562     0.00192991
Spot 1     0.00200774     0.00193090
Spot 2     0.00228558     0.00193001
Spot 1     0.00200757     0.00193095
Spot 2     0.00228551     0.00192999
Spot 1     0.00200759     0.00193092
Spot 2     0.00228552     0.00192985
Spot 1     0.00200763     0.00193084
Spot 2     0.00228560     0.00192989
Spot 1     0.00200761     0.00193098
Spot 2     0.00228556     0.00192991


****************************************************************coordonnees images transformees dans le repere MOUNT************************************************************************* 
20MABNDB000135_PR027
Spot 1    -0.01251423    -0.01318930    -0.07464699
Spot 2    -0.01229567    -0.01318931    -0.07464699
Spot 1    -0.01251431    -0.01318918    -0.07464699
Spot 2    -0.01229583    -0.01318928    -0.07464699
Spot 1    -0.01251430    -0.01318926    -0.07464699
Spot 2    -0.01229586    -0.01318918    -0.07464699
Spot 1    -0.01251439    -0.01318923    -0.07464699
Spot 2    -0.01229585    -0.01318919    -0.07464699
Spot 1    -0.01251434    -0.01318919    -0.07464699
Spot 2    -0.01229579    -0.01318932    -0.07464699
Spot 1    -0.01251430    -0.01318930    -0.07464699
Spot 2    -0.01229570    -0.01318952    -0.07464699
Spot 1    -0.01251431    -0.01318920    -0.07464699
Spot 2    -0.01229581    -0.01318927    -0.07464699
Spot 1    -0.01251415    -0.01318919    -0.07464699
Spot 2    -0.01229586    -0.01318931    -0.07464699
Spot 1    -0.01251422    -0.01318913    -0.07464699
Spot 2    -0.01229587    -0.01318926    -0.07464699
20MABNDB000126_PR028
Spot 1    -0.01252823    -0.01217891    -0.07500400
Spot 2    -0.01224759    -0.01217487    -0.07500400
Spot 1    -0.01252809    -0.01217879    -0.07500400
Spot 2    -0.01224767    -0.01217492    -0.07500400
Spot 1    -0.01252822    -0.01217887    -0.07500400
Spot 2    -0.01224754    -0.01217488    -0.07500400
Spot 1    -0.01252823    -0.01217884    -0.07500400
Spot 2    -0.01224753    -0.01217495    -0.07500400
Spot 1    -0.01252814    -0.01217876    -0.07500400
Spot 2    -0.01224756    -0.01217489    -0.07500400
Spot 1    -0.01252823    -0.01217882    -0.07500400
Spot 2    -0.01224759    -0.01217489    -0.07500400
Spot 1    -0.01252828    -0.01217880    -0.07500400
Spot 2    -0.01224755    -0.01217490    -0.07500400
Spot 1    -0.01252819    -0.01217874    -0.07500400
Spot 2    -0.01224749    -0.01217496    -0.07500400
20MABNDA000272_PR038
Spot 1    -0.01275972     0.01313934    -0.07417900
Spot 2    -0.01253683     0.01314071    -0.07417900
Spot 1    -0.01275973     0.01313938    -0.07417900
Spot 2    -0.01253681     0.01314081    -0.07417900
Spot 1    -0.01275973     0.01313909    -0.07417900
Spot 2    -0.01253677     0.01314073    -0.07417900
Spot 1    -0.01275960     0.01313914    -0.07417900
Spot 2    -0.01253678     0.01314051    -0.07417900
Spot 1    -0.01275984     0.01313913    -0.07417900
Spot 2    -0.01253682     0.01314074    -0.07417900
Spot 1    -0.01275972     0.01313949    -0.07417900
Spot 2    -0.01253689     0.01314100    -0.07417900
Spot 1    -0.01275966     0.01313927    -0.07417900
Spot 2    -0.01253681     0.01314054    -0.07417900
Spot 1    -0.01275970     0.01313928    -0.07417900
Spot 2    -0.01253672     0.01314077    -0.07417900
20MABNDA000003_PR039
Spot 1    -0.01280868     0.01212138    -0.07373400
Spot 2    -0.01308667     0.01212310    -0.07373400
Spot 1    -0.01280866     0.01212143    -0.07373400
Spot 2    -0.01308664     0.01212308    -0.07373400
Spot 1    -0.01280866     0.01212139    -0.07373400
Spot 2    -0.01308671     0.01212308    -0.07373400
Spot 1    -0.01280884     0.01212138    -0.07373400
Spot 2    -0.01308667     0.01212298    -0.07373400
Spot 1    -0.01280867     0.01212133    -0.07373400
Spot 2    -0.01308660     0.01212300    -0.07373400
Spot 1    -0.01280869     0.01212136    -0.07373400
Spot 2    -0.01308661     0.01212314    -0.07373400
Spot 1    -0.01280873     0.01212144    -0.07373400
Spot 2    -0.01308669     0.01212310    -0.07373400
Spot 1    -0.01280871     0.01212130    -0.07373400
Spot 2    -0.01308665     0.01212308    -0.07373400


*****************************************************************coordonnees du prisme dans le repere MOUNT********************************************************************************** 
20MABNDB000135_PR027
   -0.02098943    -0.01014758     2.74937153
   -0.02098488    -0.01015038     2.74937153
   -0.02098471    -0.01015075     2.74937153
   -0.02098323    -0.01015113     2.74937153
   -0.02098505    -0.01014947     2.74937153
   -0.02098773    -0.01014375     2.74937153
   -0.02098524    -0.01015021     2.74937153
   -0.02098726    -0.01014962     2.74937153
   -0.02098580    -0.01015166     2.74937153
20MABNDB000126_PR028
   -0.02050254    -0.03880724     2.14679646
   -0.02050339    -0.03880824     2.14679646
   -0.02050339    -0.03880766     2.14679646
   -0.02050339    -0.03880709     2.14679646
   -0.02050426    -0.03880910     2.14679646
   -0.02050253    -0.03880822     2.14679646
   -0.02050240    -0.03880838     2.14679646
   -0.02050454    -0.03880839     2.14679646
20MABNDA000272_PR038
   -0.01321936     0.01155058     2.74965906
   -0.01321954     0.01154802     2.74965906
   -0.01322028     0.01155481     2.74965906
   -0.01322246     0.01155792     2.74965906
   -0.01321734     0.01155389     2.74965906
   -0.01321826     0.01154253     2.74965906
   -0.01322081     0.01155500     2.74965906
   -0.01322174     0.01155060     2.74965906
20MABNDA000003_PR039
   -0.00574153     0.04134786     2.14891362
   -0.00574225     0.04134744     2.14891362
   -0.00574125     0.04134801     2.14891362
   -0.00573925     0.04134957     2.14891362
   -0.00574267     0.04135001     2.14891362
   -0.00574225     0.04134759     2.14891362
   -0.00574053     0.04134701     2.14891362
   -0.00574138     0.04134930     2.14891362


*****************************************************************coordonnees du prisme dans le repere ATLAS********************************************************************************** 
20MABNDB000135_PR027 0.00000000
    2.60387468    -4.19700384    -3.82521033
    2.60387921    -4.19700384    -3.82520747
    2.60387945    -4.19700384    -3.82520723
    2.60388088    -4.19700384    -3.82520676
    2.60387897    -4.19700384    -3.82520843
    2.60387635    -4.19700384    -3.82521415
    2.60387874    -4.19700384    -3.82520771
    2.60387683    -4.19700384    -3.82520819
    2.60387826    -4.19700384    -3.82520628
20MABNDB000126_PR028 0.00000000
    2.60541439    -4.19702005    -5.89340973
    2.60541344    -4.19702005    -5.89340878
    2.60541344    -4.19702005    -5.89340925
    2.60541344    -4.19702005    -5.89340973
    2.60541272    -4.19702005    -5.89340782
    2.60541439    -4.19702005    -5.89340878
    2.60541463    -4.19702005    -5.89340878
    2.60541248    -4.19702005    -5.89340878
20MABNDA000272_PR038 0.00000000
   -2.61131406    -4.19698238    -3.82693505
   -2.61131382    -4.19698238    -3.82693768
   -2.61131310    -4.19698238    -3.82693076
   -2.61131096    -4.19698238    -3.82692766
   -2.61131597    -4.19698238    -3.82693172
   -2.61131501    -4.19698238    -3.82694316
   -2.61131239    -4.19698238    -3.82693052
   -2.61131167    -4.19698238    -3.82693505
20MABNDA000003_PR039 0.00000000
   -2.61598444    -4.19702291    -5.89141798
   -2.61598372    -4.19702291    -5.89141846
   -2.61598468    -4.19702291    -5.89141750
   -2.61598659    -4.19702291    -5.89141607
   -2.61598325    -4.19702291    -5.89141560
   -2.61598372    -4.19702291    -5.89141798
   -2.61598539    -4.19702291    -5.89141846
   -2.61598444    -4.19702291    -5.89141655


*****************************************************************Rapport********************************************************************************** 
CAM-EBC-US-IP_EBC-US-IP        2015.03.18.10.43.12     2.60387815    -4.19700384    -3.82520850     0.00000177     0.00000000     0.00000228 0.00000000 VRAI 
CAM-EBC-US-HO_EBC-US-HO        2015.03.18.10.43.12     2.60541362    -4.19702005    -5.89340895     0.00000074     0.00000000     0.00000058 0.00000000 VRAI 
CAM-EBC-USA-IP_EBC-USA-IP      2015.03.18.10.43.12    -2.61131337    -4.19698238    -3.82693395     0.00000157     0.00000000     0.00000458 0.00000000 VRAI 
CAM-EBC-USA-HO_EBC-USA-HO      2015.03.18.10.43.12    -2.61598453    -4.19702291    -5.89141732     0.00000100     0.00000000     0.00000104 0.00000000 VRAI 
