********** Fichier qui contient une sauvegarde des coordonnees images + coordonnees images transformees dans le repere BCAM (MOUNT) + coordonnees des prismes dans le repere MOUNT********** 
********************************************************************** Unite en metres (m)************************************************************************************************** 

*******************************************************************coordonnees images dans le repere CCD *********************************************************************************** 
20MABNDB000212_PR029
Spot 1   0.00177500   0.00007500
Spot 2   0.00336500   0.00001500
Spot 1   0.00177500   0.00007500
Spot 2   0.00336500   0.00001500
Spot 1   0.00177500   0.00007500
Spot 2   0.00336500   0.00001500
Spot 1   0.00235500   0.00029500
Spot 2   0.00177500   0.00007500
Spot 1   0.00084500   0.00038500
Spot 2   0.00177500   0.00007500
Spot 1   0.00235500   0.00029500
Spot 2   0.00177500   0.00007500
20MABNDB000128_PR030
Spot 1   0.00219113   0.00042445
Spot 2   0.00198436   0.00042129
Spot 1   0.00219116   0.00042461
Spot 2   0.00198441   0.00042159
Spot 1   0.00219109   0.00042457
Spot 2   0.00198436   0.00042138
Spot 1   0.00219116   0.00042448
Spot 2   0.00198432   0.00042145
Spot 1   0.00219116   0.00042458
Spot 2   0.00198435   0.00042147
20MABNDA000444_PR040
Spot 1   0.00212669   0.00005955
Spot 2   0.00145989   0.00004840
Spot 1   0.00182549   0.00005481
Spot 2   0.00083129   0.00008323
Spot 1   0.00131424   0.00006250
Spot 2   0.00204756   0.00009360
Spot 1   0.00161065   0.00008337
Spot 2   0.00189984   0.00007784
Spot 1   0.00214414   0.00009419
Spot 2   0.00190004   0.00008603
20MABNDA000053_PR041
Spot 1   0.00179730   0.00083472
Spot 2   0.00201254   0.00083857
Spot 1   0.00179706   0.00083462
Spot 2   0.00201235   0.00083840
Spot 1   0.00179704   0.00083503
Spot 2   0.00201228   0.00083854
Spot 1   0.00179726   0.00083500
Spot 2   0.00201260   0.00083865
Spot 1   0.00179728   0.00083478
Spot 2   0.00201251   0.00083874


****************************************************************coordonnees images transformees dans le repere MOUNT************************************************************************* 
20MABNDB000212_PR029
Spot 1  -0.01231950  -0.01390134  -0.07390500
Spot 2  -0.01073023  -0.01397831  -0.07390500
Spot 1  -0.01231950  -0.01390134  -0.07390500
Spot 2  -0.01073023  -0.01397831  -0.07390500
Spot 1  -0.01231950  -0.01390134  -0.07390500
Spot 2  -0.01073023  -0.01397831  -0.07390500
Spot 1  -0.01173719  -0.01368754  -0.07390500
Spot 2  -0.01231950  -0.01390134  -0.07390500
Spot 1  -0.01324614  -0.01358143  -0.07390500
Spot 2  -0.01231950  -0.01390134  -0.07390500
Spot 1  -0.01173719  -0.01368754  -0.07390500
Spot 2  -0.01231950  -0.01390134  -0.07390500
20MABNDB000128_PR030
Spot 1  -0.01215854  -0.01379185  -0.07353400
Spot 2  -0.01236530  -0.01379573  -0.07353400
Spot 1  -0.01215851  -0.01379169  -0.07353400
Spot 2  -0.01236525  -0.01379543  -0.07353400
Spot 1  -0.01215858  -0.01379173  -0.07353400
Spot 2  -0.01236530  -0.01379564  -0.07353400
Spot 1  -0.01215851  -0.01379182  -0.07353400
Spot 2  -0.01236534  -0.01379557  -0.07353400
Spot 1  -0.01215851  -0.01379172  -0.07353400
Spot 2  -0.01236531  -0.01379555  -0.07353400
20MABNDA000444_PR040
Spot 1  -0.01307014   0.01395271  -0.07412000
Spot 2  -0.01240354   0.01397232  -0.07412000
Spot 1  -0.01276903   0.01396127  -0.07412000
Spot 2  -0.01177455   0.01394547  -0.07412000
Spot 1  -0.01225772   0.01396007  -0.07412000
Spot 2  -0.01299059   0.01391966  -0.07412000
Spot 1  -0.01255384   0.01393544  -0.07412000
Spot 2  -0.01284308   0.01393730  -0.07412000
Spot 1  -0.01308715   0.01391785  -0.07412000
Spot 2  -0.01284317   0.01392911  -0.07412000
20MABNDA000053_PR041
Spot 1  -0.01253137   0.01327834  -0.07430100
Spot 2  -0.01274664   0.01327869  -0.07430100
Spot 1  -0.01253112   0.01327843  -0.07430100
Spot 2  -0.01274645   0.01327886  -0.07430100
Spot 1  -0.01253111   0.01327802  -0.07430100
Spot 2  -0.01274638   0.01327872  -0.07430100
Spot 1  -0.01253133   0.01327806  -0.07430100
Spot 2  -0.01274670   0.01327861  -0.07430100
Spot 1  -0.01253135   0.01327828  -0.07430100
Spot 2  -0.01274661   0.01327852  -0.07430100


*****************************************************************coordonnees du prisme dans le repere MOUNT********************************************************************************** 
20MABNDB000212_PR029
 -0.03657360   0.00603888   1.64200830
 -0.03657360   0.00603888   1.64200830
 -0.03657360   0.00603888   1.64200830
 -0.02553458   0.00285250   1.64216614
 -0.00898904   0.00168951   1.64222383
 -0.02553458   0.00285250   1.64216614
20MABNDB000128_PR030
 -0.02284421   0.01513077   2.95501065
 -0.02284575   0.01512173   2.95501065
 -0.02284340   0.01512665   2.95501065
 -0.02284399   0.01512704   2.95501065
 -0.02284457   0.01512469   2.95501065
20MABNDA000444_PR040
 -0.01121984  -0.00539327   1.64494252
 -0.02140711  -0.00519275   1.64492226
 -0.01368825  -0.00489724   1.64494836
 -0.01206053  -0.00482062   1.64494956
 -0.00621823  -0.00453813   1.64493990
20MABNDA000053_PR041
 -0.01355610   0.00554152   2.95477128
 -0.01356464   0.00553639   2.95477104
 -0.01356620   0.00554721   2.95477128
 -0.01355557   0.00554858   2.95477128
 -0.01355700   0.00554606   2.95477128


*****************************************************************coordonnees du prisme dans le repere ATLAS********************************************************************************** 
20MABNDB000212_PR029 0.00000000
  2.61025023  -4.19523287  -6.53295040
  2.61025023  -4.19523287  -6.53295040
  2.61025023  -4.19523287  -6.53295040
  2.59921098  -4.19508123  -6.53613663
  2.58266544  -4.19503355  -6.53729916
  2.59921098  -4.19508123  -6.53613663
20MABNDB000128_PR030 0.00000000
  2.60603023  -4.14011908  -6.99325991
  2.60602880  -4.14011908  -6.99325085
  2.60603094  -4.14011908  -6.99325562
  2.60603046  -4.14011908  -6.99325609
  2.60602999  -4.14011908  -6.99325371
20MABNDA000444_PR040 0.00000000
 -2.58639216  -4.19506311  -6.53378963
 -2.59657931  -4.19508457  -6.53398895
 -2.58886051  -4.19505739  -6.53428507
 -2.58723283  -4.19505596  -6.53436184
 -2.58139062  -4.19506502  -6.53464508
20MABNDA000053_PR041 0.00000000
 -2.60698795  -4.13995361  -6.97237444
 -2.60697937  -4.13995409  -6.97237968
 -2.60697794  -4.13995361  -6.97236872
 -2.60698843  -4.13995361  -6.97236729
 -2.60698700  -4.13995361  -6.97237015


*****************************************************************Rapport********************************************************************************** 
CAM-JDC-US-IP_JDC-US-IP     2014.09.12.15.09.30   2.60197302  -4.19514910  -6.53473727   0.00994633   0.00008526   0.00182840 0.00000000 VRAI 
CAM-JDC-US-HO_JDC-US-HO     2014.09.12.15.09.30   2.60603008  -4.14011908  -6.99325523   0.00000072   0.00000000   0.00000298 0.00000000 VRAI 
CAM-JDC-USA-IP_JDC-USA-IP   2014.09.12.15.09.30  -2.58809109  -4.19506521  -6.53421412   0.00492263   0.00001026   0.00029782 0.00000000 VRAI 
CAM-JDC-USA-HO_JDC-USA-HO   2014.09.12.15.09.30  -2.60698414  -4.13995371  -6.97237206   0.00000452   0.00000019   0.00000450 0.00000000 VRAI 
