********** Fichier qui contient une sauvegarde des coordonnees images + coordonnees images transformees dans le repere BCAM (MOUNT) + coordonnees des prismes dans le repere MOUNT********** 
********************************************************************** Unite en metres (m)************************************************************************************************** 

*******************************************************************coordonnees images dans le repere CCD *********************************************************************************** 
20MABNDL000077_PR002
Spot 1 0.00233478 0.00163383
Spot 2 -1e-06 -1e-06
Spot 1 0.00233469 0.00163374
Spot 2 0.002395 0.001635
Spot 1 0.00233475 0.00163404
Spot 2 0.00239833 0.00162833
Spot 1 0.00233462 0.00163377
Spot 2 0.00239833 0.00162833
Spot 1 0.00233515 0.00163388
Spot 2 0.0024 0.00163
Spot 1 0.00233471 0.00163384
Spot 2 0.0024 0.00163
Spot 1 0.00233462 0.00163386
Spot 2 0.0024 0.00163
Spot 1 0.00233512 0.001634
Spot 2 0.002401 0.001631
20MABNDL000077_PR003
Spot 1 -1e-06 -1e-06
Spot 2 -1e-06 -1e-06
Spot 1 -1e-06 -1e-06
Spot 2 -1e-06 -1e-06
Spot 1 -1e-06 -1e-06
Spot 2 -1e-06 -1e-06
Spot 1 -1e-06 -1e-06
Spot 2 -1e-06 -1e-06
Spot 1 -1e-06 -1e-06
Spot 2 -1e-06 -1e-06
Spot 1 -1e-06 -1e-06
Spot 2 -1e-06 -1e-06
Spot 1 -1e-06 -1e-06
Spot 2 -1e-06 -1e-06
Spot 1 -1e-06 -1e-06
Spot 2 -1e-06 -1e-06
20MABNDL000077_20MABNDM000168
Spot 1 0.00233467 0.00163367
Spot 2 -1e-06 -1e-06
Spot 1 0.00233468 0.00163383
Spot 2 0.0024 0.00163
Spot 1 0.00233447 0.00163408
Spot 2 0.002401 0.001631
Spot 1 0.00233511 0.00163398
Spot 2 0.00239955 0.00162955
Spot 1 0.00233458 0.00163367
Spot 2 -1e-06 -1e-06
Spot 1 0.00233471 0.00163406
Spot 2 0.0024 0.00163
Spot 1 0.00233451 0.00163395
Spot 2 0.0024 0.00163
20MABNDM000020_PR013
Spot 1 0.00154939 0.0007731
Spot 2 -1e-06 -1e-06
Spot 1 0.00154924 0.0007727
Spot 2 -1e-06 -1e-06
Spot 1 0.00154917 0.00077263
Spot 2 -1e-06 -1e-06
Spot 1 0.00154918 0.00077285
Spot 2 -1e-06 -1e-06
Spot 1 0.00154895 0.00077254
Spot 2 -1e-06 -1e-06
Spot 1 0.00154916 0.00077297
Spot 2 -1e-06 -1e-06
Spot 1 0.00154909 0.00077257
Spot 2 -1e-06 -1e-06
20MABNDM000020_PR014
Spot 1 -1e-06 -1e-06
Spot 2 -1e-06 -1e-06
Spot 1 -1e-06 -1e-06
Spot 2 -1e-06 -1e-06
Spot 1 -1e-06 -1e-06
Spot 2 -1e-06 -1e-06
Spot 1 -1e-06 -1e-06
Spot 2 -1e-06 -1e-06
Spot 1 -1e-06 -1e-06
Spot 2 -1e-06 -1e-06
Spot 1 -1e-06 -1e-06
Spot 2 -1e-06 -1e-06
Spot 1 -1e-06 -1e-06
Spot 2 -1e-06 -1e-06
20MABNDM000020_20MABNDL000196
Spot 1 0.00154941 0.00077296
Spot 2 -1e-06 -1e-06
Spot 1 0.00154886 0.00077249
Spot 2 -1e-06 -1e-06
Spot 1 0.00154919 0.00077258
Spot 2 -1e-06 -1e-06
Spot 1 0.00154947 0.00077289
Spot 2 -1e-06 -1e-06
Spot 1 0.00154885 0.00077256
Spot 2 -1e-06 -1e-06
Spot 1 0.00154916 0.00077329
Spot 2 -1e-06 -1e-06
Spot 1 0.00154964 0.00077324
Spot 2 -1e-06 -1e-06


****************************************************************coordonnees images transformees dans le repere MOUNT************************************************************************* 
20MABNDL000077_PR002
Spot 1 0.0134063 0.0356945 -0.074632
Spot 2 0.0110549 0.0340822 -0.074632
Spot 1 -0.0131745 0.0356909 -0.006954
Spot 2 -0.0108221 0.03408 -0.006954
Spot 1 0.0134062 0.0356944 -0.074632
Spot 2 0.0134665 0.0356951 -0.074632
Spot 1 -0.0131744 0.0356908 -0.006954
Spot 2 -0.0132347 0.0356914 -0.006954
Spot 1 0.0134063 0.0356947 -0.074632
Spot 2 0.0134698 0.0356884 -0.074632
Spot 1 -0.0131745 0.0356911 -0.006954
Spot 2 -0.013238 0.0356847 -0.006954
Spot 1 0.0134062 0.0356944 -0.074632
Spot 2 0.0134698 0.0356884 -0.074632
Spot 1 -0.0131743 0.0356908 -0.006954
Spot 2 -0.013238 0.0356847 -0.006954
Spot 1 0.0134067 0.0356945 -0.074632
Spot 2 0.0134715 0.03569 -0.074632
Spot 1 -0.0131749 0.0356909 -0.006954
Spot 2 -0.0132397 0.0356864 -0.006954
Spot 1 0.0134063 0.0356945 -0.074632
Spot 2 0.0134715 0.03569 -0.074632
Spot 1 -0.0131744 0.0356909 -0.006954
Spot 2 -0.0132397 0.0356864 -0.006954
Spot 1 0.0134062 0.0356945 -0.074632
Spot 2 0.0134715 0.03569 -0.074632
Spot 1 -0.0131743 0.0356909 -0.006954
Spot 2 -0.0132397 0.0356864 -0.006954
Spot 1 0.0134067 0.0356946 -0.074632
Spot 2 0.0134725 0.035691 -0.074632
Spot 1 -0.0131748 0.035691 -0.006954
Spot 2 -0.0132407 0.0356874 -0.006954


*****************************************************************coordonnees du prisme dans le repere MOUNT********************************************************************************** 
20MABNDL000077_PR002
0.0354888 0.0551845 3.707
0.022789 0.0552065 3.66669
-3.57147 0.0897306 -1.03138
-3.58416 0.0897526 -1.07169
3.56492 0.0922192 1.05798
3.55222 0.0922412 1.01766
-0.034115 0.0547872 -3.74713
-0.0468148 0.0548092 -3.78745
-0.0240772 0.0153481 3.70688
-0.036777 0.0153701 3.66657
-3.58295 -0.0231908 -0.98868
-3.59565 -0.0231688 -1.029
3.57814 -0.0211188 1.01246
3.56544 -0.0210968 0.972149
0.0258264 0.014753 -3.74718
0.0131266 0.014775 -3.7875
-0.0241595 0.0155063 3.70688
-0.0368592 0.0155283 3.66657
-3.58297 -0.0227483 -0.988626
-3.59567 -0.0227263 -1.02894
3.57816 -0.0206747 1.01241
3.56546 -0.0206527 0.972091
0.025909 0.0149121 -3.74718
0.0132092 0.0149341 -3.7875
-0.0241562 0.0155129 3.70688
-0.0368559 0.0155349 3.66657
-3.58297 -0.02273 -0.988628
-3.59567 -0.022708 -1.02894
3.57816 -0.0206563 1.01241
3.56546 -0.0206343 0.972094
0.0259057 0.0149188 -3.74718
0.0132059 0.0149408 -3.7875
-0.0242109 0.0154695 3.70688
-0.0369107 0.0154915 3.66656
-3.58298 -0.0228482 -0.98859
-3.59568 -0.0228262 -1.02891
3.57817 -0.0207751 1.01237
3.56547 -0.0207531 0.972053
0.0259608 0.0148751 -3.74718
0.013261 0.0148971 -3.7875
-0.0242001 0.0154703 3.70688
-0.0368998 0.0154923 3.66657
-3.58297 -0.0228464 -0.988598
-3.59567 -0.0228244 -1.02891
3.57817 -0.020773 1.01238
3.56547 -0.020751 0.972061
0.0259498 0.014876 -3.74718
0.0132501 0.014898 -3.7875
-0.0241979 0.0154698 3.70688
-0.0368976 0.0154918 3.66657
-3.58297 -0.0228478 -0.988599
-3.59567 -0.0228258 -1.02891
3.57817 -0.0207746 1.01238
3.56547 -0.0207526 0.972063
0.0259476 0.0148754 -3.74718
0.0132479 0.0148974 -3.7875
-0.0242352 0.0154421 3.70688
-0.0369349 0.0154641 3.66656
-3.58298 -0.0229233 -0.988573
-3.59568 -0.0229013 -1.02889
3.57817 -0.0208505 1.01235
3.56547 -0.0208285 0.972035
0.0259852 0.0148475 -3.74718
0.0132854 0.0148695 -3.7875


*****************************************************************coordonnees du prisme dans le repere ATLAS********************************************************************************** 
20MABNDL000077_PR002 0
2.80185 -3.70901 6.4863
2.80179 -3.72166 6.44597
2.76151 -7.31011 1.74351
2.76145 -7.32276 1.70318
2.76334 -0.176309 3.84166
2.76328 -0.188959 3.80133
2.79492 -3.76943 -0.967911
2.79485 -3.78208 -1.00824
2.84167 -3.76859 6.48606
2.8416 -3.78124 6.44573
2.87447 -7.32168 1.78608
2.8744 -7.33433 1.74575
2.87664 -0.163073 3.79606
2.87657 -0.175723 3.75573
2.83497 -3.7095 -0.96793
2.8349 -3.72215 -1.00826
2.84151 -3.76868 6.48606
2.84145 -3.78133 6.44573
2.87403 -7.3217 1.78614
2.87396 -7.33435 1.74581
2.8762 -0.163049 3.796
2.87613 -0.1757 3.75567
2.83481 -3.70942 -0.96793
2.83474 -3.72207 -1.00826
2.8415 -3.76867 6.48606
2.84144 -3.78132 6.44573
2.87401 -7.3217 1.78614
2.87394 -7.33435 1.74581
2.87618 -0.16305 3.796
2.87611 -0.1757 3.75567
2.8348 -3.70942 -0.96793
2.83474 -3.72207 -1.00826
2.84155 -3.76873 6.48606
2.84148 -3.78138 6.44573
2.87413 -7.32171 1.78617
2.87406 -7.33436 1.74584
2.8763 -0.16304 3.79596
2.87623 -0.17569 3.75563
2.83485 -3.70936 -0.967929
2.83478 -3.72201 -1.00826
2.84155 -3.76872 6.48606
2.84148 -3.78137 6.44573
2.87413 -7.32171 1.78617
2.87406 -7.33436 1.74584
2.87629 -0.163043 3.79597
2.87623 -0.175693 3.75564
2.83485 -3.70938 -0.967929
2.83478 -3.72203 -1.00826
2.84155 -3.76871 6.48606
2.84148 -3.78136 6.44573
2.87413 -7.32171 1.78617
2.87406 -7.33436 1.74584
2.8763 -0.163043 3.79597
2.87623 -0.175693 3.75564
2.83485 -3.70938 -0.967929
2.83478 -3.72203 -1.00826
2.84158 -3.76875 6.48606
2.84151 -3.7814 6.44573
2.8742 -7.32171 1.78619
2.87414 -7.33436 1.74586
2.87637 -0.163036 3.79594
2.87631 -0.175686 3.75561
2.83487 -3.70934 -0.967929
2.83481 -3.72199 -1.00826


*****************************************************************Rapport********************************************************************************** 
CAM-LBA-US_EBA-US-HO-H 2014.08.15.14.50.05 2.84715 -3.7471 2.75501 0.031364 2.52997 2.73067 0 VRAI 
