********** Fichier qui contient une sauvegarde des coordonnees images + coordonnees images transformees dans le repere BCAM (MOUNT) + coordonnees des prismes dans le repere MOUNT********** 
********************************************************************** Unite en metres (m)************************************************************************************************** 

*******************************************************************coordonnees images dans le repere CCD *********************************************************************************** 
20MABNDB000135_PR027
Spot 1 0.00283500 0.00116500
Spot 2 0.00337500 0.00002500
Spot 1 0.00283500 0.00116500
Spot 2 0.00337500 0.00002500
Spot 1 0.00283500 0.00116500
Spot 2 0.00337500 0.00002500
Spot 1 0.00283500 0.00116500
Spot 2 0.00337500 0.00002500
Spot 1 0.00283500 0.00116500
Spot 2 0.00337500 0.00002500
Spot 1 0.00283500 0.00116500
Spot 2 0.00337500 0.00002500
20MABNDB000126_PR028
Spot 1 0.00161500 0.00009500
Spot 2 0.00328350 0.00033650
Spot 1 0.00161500 0.00009500
Spot 2 0.00328395 0.00033605
Spot 1 0.00161500 0.00009500
Spot 2 0.00328389 0.00033611
Spot 1 0.00161500 0.00009500
Spot 2 0.00328433 0.00033567
Spot 1 0.00161500 0.00009500
Spot 2 0.00328433 0.00033567
20MABNDA000272_PR038
Spot 1 0.00036500 0.00009500
Spot 2 0.00098500 0.00010500
Spot 1 0.00036500 0.00009500
Spot 2 0.00326500 0.00005500
Spot 1 0.00036500 0.00009500
Spot 2 0.00326500 0.00005500
Spot 1 0.00036500 0.00009500
Spot 2 0.00326500 0.00005500
Spot 1 0.00326500 0.00005500
Spot 2 0.00025500 0.00002500
20MABNDA000003_PR039
Spot 1 0.00103500 0.00005500
Spot 2 0.00163500 0.00018500
Spot 1 0.00103500 0.00005500
Spot 2 0.00163500 0.00018500
Spot 1 0.00103500 0.00005500
Spot 2 0.00163500 0.00018500
Spot 1 0.00282500 0.00239500
Spot 2 0.00274500 0.00086500
Spot 1 0.00086500 0.00069500
Spot 2 0.00103500 0.00005500


****************************************************************coordonnees images transformees dans le repere MOUNT************************************************************************* 
20MABNDB000135_PR027
Spot 1 -0.01156696 -0.01295855 -0.07464699
Spot 2 -0.01103969 -0.01410449 -0.07464699
Spot 1 -0.01156696 -0.01295855 -0.07464699
Spot 2 -0.01103969 -0.01410449 -0.07464699
Spot 1 -0.01156696 -0.01295855 -0.07464699
Spot 2 -0.01103969 -0.01410449 -0.07464699
Spot 1 -0.01156696 -0.01295855 -0.07464699
Spot 2 -0.01103969 -0.01410449 -0.07464699
Spot 1 -0.01156696 -0.01295855 -0.07464699
Spot 2 -0.01103969 -0.01410449 -0.07464699
Spot 1 -0.01156696 -0.01295855 -0.07464699
Spot 2 -0.01103969 -0.01410449 -0.07464699
20MABNDB000126_PR028
Spot 1 -0.01255431 -0.01408730 -0.07500400
Spot 2 -0.01088713 -0.01383690 -0.07500400
Spot 1 -0.01255431 -0.01408730 -0.07500400
Spot 2 -0.01088668 -0.01383735 -0.07500400
Spot 1 -0.01255431 -0.01408730 -0.07500400
Spot 2 -0.01088674 -0.01383729 -0.07500400
Spot 1 -0.01255431 -0.01408730 -0.07500400
Spot 2 -0.01088629 -0.01383772 -0.07500400
Spot 1 -0.01255431 -0.01408730 -0.07500400
Spot 2 -0.01088629 -0.01383772 -0.07500400
20MABNDA000272_PR038
Spot 1 -0.01119914 0.01401371 -0.07417900
Spot 2 -0.01181916 0.01400481 -0.07417900
Spot 1 -0.01119914 0.01401371 -0.07417900
Spot 2 -0.01409906 0.01405884 -0.07417900
Spot 1 -0.01119914 0.01401371 -0.07417900
Spot 2 -0.01409906 0.01405884 -0.07417900
Spot 1 -0.01119914 0.01401371 -0.07417900
Spot 2 -0.01409906 0.01405884 -0.07417900
Spot 1 -0.01409906 0.01405884 -0.07417900
Spot 2 -0.01108902 0.01408351 -0.07417900
20MABNDA000003_PR039
Spot 1 -0.01183134 0.01399481 -0.07373400
Spot 2 -0.01243166 0.01386633 -0.07373400
Spot 1 -0.01183134 0.01399481 -0.07373400
Spot 2 -0.01243166 0.01386633 -0.07373400
Spot 1 -0.01183134 0.01399481 -0.07373400
Spot 2 -0.01243166 0.01386633 -0.07373400
Spot 1 -0.01362727 0.01165936 -0.07373400
Spot 2 -0.01354339 0.01318915 -0.07373400
Spot 1 -0.01166296 0.01335438 -0.07373400
Spot 2 -0.01183134 0.01399481 -0.07373400


*****************************************************************coordonnees du prisme dans le repere MOUNT********************************************************************************** 
20MABNDB000135_PR027
-0.06138055 0.00239963 2.74890947
-0.06138055 0.00239963 2.74890947
-0.06138055 0.00239963 2.74890947
-0.06138055 0.00239963 2.74890947
-0.06138055 0.00239963 2.74890947
-0.06138055 0.00239963 2.74890947
20MABNDB000126_PR028
-0.03951941 0.01207951 2.14664912
-0.03952586 0.01208589 2.14664912
-0.03952500 0.01208504 2.14664912
-0.03953130 0.01209128 2.14664888
-0.03953130 0.01209128 2.14664888
20MABNDA000272_PR038
-0.05495647 -0.02029753 2.74913096
-0.01318865 -0.02129136 2.74944448
-0.01318865 -0.02129136 2.74944448
-0.01318865 -0.02129136 2.74944448
-0.01520685 -0.02257011 2.74942708
20MABNDA000003_PR039
-0.02906885 -0.01033646 2.14891982
-0.02906885 -0.01033646 2.14891982
-0.02906885 -0.01033646 2.14891982
0.01248294 0.03271540 2.14887357
-0.04005358 -0.00302002 2.14887524


*****************************************************************coordonnees du prisme dans le repere ATLAS********************************************************************************** 
20MABNDB000135_PR027 0.00300000
2.55998039 -4.19451857 -3.83613467
2.55998039 -4.19451857 -3.83613467
2.55998039 -4.19451857 -3.83613467
2.55998039 -4.19451857 -3.83613467
2.55998039 -4.19451857 -3.83613467
2.55998039 -4.19451857 -3.83613467
20MABNDB000126_PR028 0.00300000
2.58637166 -4.19438457 -5.94428587
2.58636522 -4.19438457 -5.94429207
2.58636618 -4.19438457 -5.94429111
2.58635998 -4.19438505 -5.94429731
2.58635998 -4.19438505 -5.94429731
20MABNDA000272_PR038 0.00300000
-2.56958222 -4.19449663 -3.85879064
-2.61135054 -4.19420004 -3.85977697
-2.61135054 -4.19420004 -3.85977697
-2.61135054 -4.19420004 -3.85977697
-2.60933256 -4.19421673 -3.86105609
20MABNDA000003_PR039 0.00300000
-2.59265208 -4.19424677 -5.94309950
-2.59265208 -4.19424677 -5.94309950
-2.59265208 -4.19424677 -5.94309950
-2.63420796 -4.19408989 -5.90005159
-2.58166814 -4.19426632 -5.93578196


*****************************************************************Rapport********************************************************************************** 
CAM-EBC-US-IP_EBC-US-IP 2014.08.21.15.44.17 2.55998039 -4.19451857 -3.83613467 0.00000000 0.00000000 0.00000000 0.00300000 VRAI 
CAM-EBC-US-HO_EBC-US-HO 2014.08.21.15.44.17 2.58636460 -4.19438477 -5.94429274 0.00000437 0.00000023 0.00000429 0.00300000 VRAI 
CAM-EBC-USA-IP_EBC-USA-IP 2014.08.21.15.44.17 -2.60259328 -4.19426270 -3.85983553 0.01652402 0.00011715 0.00071998 0.00300000 VRAI 
CAM-EBC-USA-HO_EBC-USA-HO 2014.08.21.15.44.17 -2.59876647 -4.19421930 -5.93302641 0.01822421 0.00006515 0.01672921 0.00300000 VRAI 
