********** Fichier qui contient une sauvegarde des coordonnees images + coordonnees images transformees dans le repere BCAM (MOUNT) + coordonnees des prismes dans le repere MOUNT********** 
********************************************************************** Unite en metres (m)************************************************************************************************** 

*******************************************************************coordonnees images dans le repere CCD *********************************************************************************** 
20MABNDB000135_PR027
Spot 1 0.00185458 0.00124672
Spot 2 0.00209325 0.00124901
Spot 1 0.00185489 0.00124693
Spot 2 0.0020932 0.00124898
Spot 1 0.00185482 0.00124707
Spot 2 0.00209332 0.00124916
Spot 1 0.00185493 0.00124694
Spot 2 0.00209315 0.00124903
Spot 1 0.001855 0.00124692
Spot 2 0.00209322 0.00124916
Spot 1 0.00185489 0.00124709
Spot 2 0.0020932 0.00124903
Spot 1 0.00185478 0.00124701
Spot 2 0.00209325 0.0012491
Spot 1 0.00185467 0.00124699
Spot 2 0.00209305 0.00124905
Spot 1 0.001855 0.00124715
Spot 2 0.00209313 0.00124923
20MABNDB000126_PR028
Spot 1 0.00184796 0.00140842
Spot 2 0.00153224 0.00140716
Spot 1 0.00184798 0.00140835
Spot 2 0.00153221 0.00140712
Spot 1 0.00184793 0.00140832
Spot 2 0.00153233 0.00140714
Spot 1 0.00184791 0.00140842
Spot 2 0.00153227 0.00140712
Spot 1 0.00184799 0.00140839
Spot 2 0.00153218 0.00140719
Spot 1 0.00184798 0.00140837
Spot 2 0.00153217 0.00140717
Spot 1 0.00184785 0.00140848
Spot 2 0.00153228 0.00140725
Spot 1 0.00184793 0.00140846
Spot 2 0.00153224 0.00140712
20MABNDA000272_PR038
Spot 1 0.00203387 0.00138642
Spot 2 0.00179149 0.00138442
Spot 1 0.00203402 0.00138641
Spot 2 0.0017914 0.00138441
Spot 1 0.00203402 0.00138645
Spot 2 0.00179137 0.00138441
Spot 1 0.00203389 0.00138645
Spot 2 0.00179153 0.00138431
Spot 1 0.0020339 0.00138634
Spot 2 0.00179147 0.00138428
Spot 1 0.00203385 0.00138636
Spot 2 0.00179129 0.00138432
Spot 1 0.00203405 0.00138646
Spot 2 0.00179142 0.00138436
Spot 1 0.00203398 0.00138626
Spot 2 0.00179155 0.00138431
20MABNDA000003_PR039
Spot 1 0.0021159 0.00112576
Spot 2 0.0018024 0.00112749
Spot 1 0.00211594 0.00112583
Spot 2 0.00180244 0.00112744
Spot 1 0.00211596 0.00112565
Spot 2 0.00180245 0.00112739
Spot 1 0.00211591 0.0011258
Spot 2 0.0018025 0.00112753
Spot 1 0.00211601 0.00112581
Spot 2 0.00180243 0.00112749
Spot 1 0.00211594 0.00112578
Spot 2 0.0018024 0.00112748
Spot 1 0.00211588 0.00112575
Spot 2 0.00180239 0.00112742
Spot 1 0.00211592 0.00112575
Spot 2 0.00180241 0.00112747


****************************************************************coordonnees images transformees dans le repere MOUNT************************************************************************* 
20MABNDB000135_PR027
Spot 1 -0.0125464 -0.0128659 -0.074647
Spot 2 -0.0123077 -0.0128663 -0.074647
Spot 1 -0.0125461 -0.0128657 -0.074647
Spot 2 -0.0123078 -0.0128663 -0.074647
Spot 1 -0.0125462 -0.0128656 -0.074647
Spot 2 -0.0123077 -0.0128661 -0.074647
Spot 1 -0.0125461 -0.0128657 -0.074647
Spot 2 -0.0123078 -0.0128663 -0.074647
Spot 1 -0.012546 -0.0128657 -0.074647
Spot 2 -0.0123078 -0.0128661 -0.074647
Spot 1 -0.0125461 -0.0128655 -0.074647
Spot 2 -0.0123078 -0.0128663 -0.074647
Spot 1 -0.0125462 -0.0128656 -0.074647
Spot 2 -0.0123077 -0.0128662 -0.074647
Spot 1 -0.0125463 -0.0128656 -0.074647
Spot 2 -0.0123079 -0.0128662 -0.074647
Spot 1 -0.012546 -0.0128655 -0.074647
Spot 2 -0.0123078 -0.0128661 -0.074647
20MABNDB000126_PR028
Spot 1 -0.0123284 -0.0127727 -0.075004
Spot 2 -0.0126441 -0.0127756 -0.075004
Spot 1 -0.0123283 -0.0127727 -0.075004
Spot 2 -0.0126441 -0.0127756 -0.075004
Spot 1 -0.0123284 -0.0127728 -0.075004
Spot 2 -0.012644 -0.0127756 -0.075004
Spot 1 -0.0123284 -0.0127727 -0.075004
Spot 2 -0.012644 -0.0127756 -0.075004
Spot 1 -0.0123283 -0.0127727 -0.075004
Spot 2 -0.0126441 -0.0127756 -0.075004
Spot 1 -0.0123283 -0.0127727 -0.075004
Spot 2 -0.0126441 -0.0127756 -0.075004
Spot 1 -0.0123285 -0.0127726 -0.075004
Spot 2 -0.012644 -0.0127755 -0.075004
Spot 1 -0.0123284 -0.0127726 -0.075004
Spot 2 -0.0126441 -0.0127756 -0.075004
20MABNDA000272_PR038
Spot 1 -0.0128703 0.0127252 -0.074179
Spot 2 -0.0126279 0.0127268 -0.074179
Spot 1 -0.0128704 0.0127253 -0.074179
Spot 2 -0.0126278 0.0127268 -0.074179
Spot 1 -0.0128704 0.0127252 -0.074179
Spot 2 -0.0126278 0.0127268 -0.074179
Spot 1 -0.0128703 0.0127252 -0.074179
Spot 2 -0.0126279 0.0127269 -0.074179
Spot 1 -0.0128703 0.0127253 -0.074179
Spot 2 -0.0126279 0.012727 -0.074179
Spot 1 -0.0128703 0.0127253 -0.074179
Spot 2 -0.0126277 0.0127269 -0.074179
Spot 1 -0.0128705 0.0127252 -0.074179
Spot 2 -0.0126278 0.0127269 -0.074179
Spot 1 -0.0128704 0.0127254 -0.074179
Spot 2 -0.012628 0.0127269 -0.074179
20MABNDA000003_PR039
Spot 1 -0.012915 0.0129268 -0.073734
Spot 2 -0.0126015 0.0129243 -0.073734
Spot 1 -0.012915 0.0129267 -0.073734
Spot 2 -0.0126015 0.0129243 -0.073734
Spot 1 -0.012915 0.0129269 -0.073734
Spot 2 -0.0126015 0.0129244 -0.073734
Spot 1 -0.012915 0.0129268 -0.073734
Spot 2 -0.0126016 0.0129242 -0.073734
Spot 1 -0.0129151 0.0129267 -0.073734
Spot 2 -0.0126015 0.0129243 -0.073734
Spot 1 -0.012915 0.0129268 -0.073734
Spot 2 -0.0126015 0.0129243 -0.073734
Spot 1 -0.0129149 0.0129268 -0.073734
Spot 2 -0.0126014 0.0129243 -0.073734
Spot 1 -0.012915 0.0129268 -0.073734
Spot 2 -0.0126015 0.0129243 -0.073734


*****************************************************************coordonnees du prisme dans le repere MOUNT********************************************************************************** 
20MABNDB000135_PR027
-0.0201783 -0.0220003 2.74936
-0.0201831 -0.0220035 2.74936
-0.0201841 -0.0220094 2.74936
-0.020183 -0.0220046 2.74936
-0.0201855 -0.0220066 2.74936
-0.0201832 -0.0220074 2.74936
-0.0201821 -0.0220072 2.74936
-0.0201764 -0.022006 2.74936
-0.0201839 -0.0220121 2.74936
20MABNDB000126_PR028
-0.0177004 -0.0217831 2.14694
-0.0177003 -0.0217815 2.14694
-0.0177013 -0.0217814 2.14694
-0.0177001 -0.0217825 2.14694
-0.0177 -0.0217831 2.14694
-0.0176997 -0.0217825 2.14694
-0.0176994 -0.0217852 2.14694
-0.0177 -0.0217831 2.14694
20MABNDA000272_PR038
-0.00952438 0.0267221 2.74962
-0.00952329 0.0267217 2.74962
-0.00952383 0.0267225 2.74962
-0.00952329 0.0267206 2.74962
-0.00952421 0.0267181 2.74962
-0.00952842 0.0267192 2.74962
-0.00952237 0.0267217 2.74962
-0.00952127 0.0267171 2.74962
20MABNDA000003_PR039
-0.0111568 0.0183893 2.1491
-0.0111556 0.0183896 2.1491
-0.0111552 0.0183863 2.1491
-0.0111552 0.0183904 2.1491
-0.0111547 0.01839 2.1491
-0.0111562 0.0183894 2.1491
-0.0111572 0.0183881 2.1491
-0.0111563 0.0183888 2.1491


*****************************************************************coordonnees du prisme dans le repere ATLAS********************************************************************************** 
20MABNDB000135_PR027 0
2.60132 -4.19783 -3.81197
2.60132 -4.19783 -3.81197
2.60132 -4.19783 -3.81196
2.60132 -4.19783 -3.81196
2.60131 -4.19783 -3.81196
2.60132 -4.19783 -3.81196
2.60132 -4.19783 -3.81196
2.60132 -4.19783 -3.81196
2.60132 -4.19783 -3.81196
20MABNDB000126_PR028 0
2.60821 -4.19695 -5.91044
2.60821 -4.19695 -5.91044
2.60821 -4.19695 -5.91044
2.60821 -4.19695 -5.91044
2.60821 -4.19695 -5.91044
2.60821 -4.19695 -5.91044
2.60821 -4.19695 -5.91043
2.60821 -4.19695 -5.91044
20MABNDA000272_PR038 0
-2.61501 -4.19702 -3.81176
-2.61501 -4.19702 -3.81176
-2.61501 -4.19702 -3.81176
-2.61501 -4.19702 -3.81176
-2.61501 -4.19702 -3.81177
-2.615 -4.19702 -3.81177
-2.61501 -4.19702 -3.81176
-2.61501 -4.19702 -3.81177
20MABNDA000003_PR039 0
-2.61057 -4.19693 -5.91438
-2.61057 -4.19693 -5.91438
-2.61057 -4.19693 -5.91438
-2.61057 -4.19693 -5.91438
-2.61057 -4.19693 -5.91438
-2.61057 -4.19693 -5.91438
-2.61057 -4.19693 -5.91438
-2.61057 -4.19693 -5.91438


*****************************************************************Rapport********************************************************************************** 
CAM-EBC-US-IP_EBC-US-IP 2014.08.15.09.05.11 2.60132 -4.19783 -3.81196 2.7571e-06 0 3.21076e-06 0 VRAI 
CAM-EBC-US-HO_EBC-US-HO 2014.08.15.09.05.11 2.60821 -4.19695 -5.91044 5.3892e-07 0 1.06457e-06 0 VRAI 
CAM-EBC-USA-IP_EBC-USA-IP 2014.08.15.09.05.11 -2.61501 -4.19702 -3.81176 1.96039e-06 0 1.87352e-06 0 VRAI 
CAM-EBC-USA-HO_EBC-USA-HO 2014.08.15.09.05.11 -2.61057 -4.19693 -5.91438 8.57562e-07 0 1.26159e-06 0 VRAI 
