********** Fichier qui contient une sauvegarde des coordonnees images + coordonnees images transformees dans le repere BCAM (MOUNT) + coordonnees des prismes dans le repere MOUNT********** 
********************************************************************** Unite en metres (m)************************************************************************************************** 

*******************************************************************coordonnees images dans le repere CCD *********************************************************************************** 
20MABNDA000196_PR006
Spot 1   0.00197676   0.00118507
Spot 2   0.00160589   0.00118026
Spot 1   0.00197681   0.00118507
Spot 2   0.00160589   0.00117998
Spot 1   0.00197687   0.00118514
Spot 2   0.00160592   0.00118020
Spot 1   0.00197687   0.00118511
Spot 2   0.00160600   0.00118013
Spot 1   0.00197661   0.00118515
Spot 2   0.00160580   0.00118021
Spot 1   0.00197671   0.00118515
Spot 2   0.00160579   0.00118049
Spot 1   0.00197672   0.00118522
Spot 2   0.00160574   0.00118026
Spot 1   0.00197672   0.00118515
Spot 2   0.00160565   0.00118014
Spot 1   0.00197658   0.00118534
Spot 2   0.00160578   0.00118035
Spot 1   0.00197675   0.00118533
Spot 2   0.00160583   0.00118032
20MABNDA000324_PR007
Spot 1   0.00195635   0.00097028
Spot 2   0.00174879   0.00097566
Spot 1   0.00195643   0.00097029
Spot 2   0.00174901   0.00097549
Spot 1   0.00195653   0.00097012
Spot 2   0.00174879   0.00097544
Spot 1   0.00195654   0.00097020
Spot 2   0.00174888   0.00097527
Spot 1   0.00195635   0.00097007
Spot 2   0.00174876   0.00097548
Spot 1   0.00195647   0.00097011
Spot 2   0.00174892   0.00097526
Spot 1   0.00195630   0.00097014
Spot 2   0.00174902   0.00097538
Spot 1   0.00195652   0.00097007
Spot 2   0.00174893   0.00097547
Spot 1   0.00195657   0.00097000
Spot 2   0.00174920   0.00097548
Spot 1   0.00195652   0.00097011
Spot 2   0.00174865   0.00097531
20MABNDB000001_PR017
Spot 1   0.00188366   0.00107135
Spot 2   0.00225374   0.00108091
Spot 1   0.00188360   0.00107137
Spot 2   0.00225389   0.00108086
Spot 1   0.00188346   0.00107138
Spot 2   0.00225345   0.00108070
Spot 1   0.00188353   0.00107144
Spot 2   0.00225357   0.00108082
Spot 1   0.00188358   0.00107139
Spot 2   0.00225359   0.00108078
Spot 1   0.00188357   0.00107140
Spot 2   0.00225356   0.00108077
Spot 1   0.00188354   0.00107146
Spot 2   0.00225365   0.00108089
Spot 1   0.00188353   0.00107136
Spot 2   0.00225371   0.00108093
Spot 1   0.00188374   0.00107150
Spot 2   0.00225360   0.00108101
20MABNDB000260_PR019
Spot 1   0.00192569   0.00116311
Spot 2   0.00212931   0.00116098
Spot 1   0.00192576   0.00116303
Spot 2   0.00212914   0.00116096
Spot 1   0.00192566   0.00116302
Spot 2   0.00212894   0.00116106
Spot 1   0.00192577   0.00116301
Spot 2   0.00212922   0.00116098
Spot 1   0.00192579   0.00116297
Spot 2   0.00212920   0.00116070
Spot 1   0.00192590   0.00116296
Spot 2   0.00212920   0.00116110
Spot 1   0.00192566   0.00116289
Spot 2   0.00212949   0.00116092
Spot 1   0.00192548   0.00116285
Spot 2   0.00212927   0.00116092
Spot 1   0.00192576   0.00116306
Spot 2   0.00212910   0.00116100


****************************************************************coordonnees images transformees dans le repere MOUNT************************************************************************* 
20MABNDA000196_PR006
Spot 1  -0.01293733   0.01279307  -0.07967100
Spot 2  -0.01256642   0.01279312  -0.07967100
Spot 1  -0.01293738   0.01279307  -0.07967100
Spot 2  -0.01256642   0.01279339  -0.07967100
Spot 1  -0.01293744   0.01279300  -0.07967100
Spot 2  -0.01256645   0.01279318  -0.07967100
Spot 1  -0.01293744   0.01279303  -0.07967100
Spot 2  -0.01256653   0.01279325  -0.07967100
Spot 1  -0.01293718   0.01279299  -0.07967100
Spot 2  -0.01256633   0.01279316  -0.07967100
Spot 1  -0.01293728   0.01279299  -0.07967100
Spot 2  -0.01256633   0.01279288  -0.07967100
Spot 1  -0.01293729   0.01279292  -0.07967100
Spot 2  -0.01256627   0.01279311  -0.07967100
Spot 1  -0.01293729   0.01279299  -0.07967100
Spot 2  -0.01256618   0.01279323  -0.07967100
Spot 1  -0.01293715   0.01279280  -0.07967100
Spot 2  -0.01256632   0.01279302  -0.07967100
Spot 1  -0.01293732   0.01279281  -0.07967100
Spot 2  -0.01256637   0.01279305  -0.07967100
20MABNDA000324_PR007
Spot 1  -0.01256395   0.01305122  -0.07446800
Spot 2  -0.01235635   0.01304746  -0.07446800
Spot 1  -0.01256403   0.01305121  -0.07446800
Spot 2  -0.01235658   0.01304763  -0.07446800
Spot 1  -0.01256413   0.01305138  -0.07446800
Spot 2  -0.01235636   0.01304768  -0.07446800
Spot 1  -0.01256414   0.01305130  -0.07446800
Spot 2  -0.01235645   0.01304785  -0.07446800
Spot 1  -0.01256395   0.01305143  -0.07446800
Spot 2  -0.01235633   0.01304764  -0.07446800
Spot 1  -0.01256407   0.01305139  -0.07446800
Spot 2  -0.01235649   0.01304786  -0.07446800
Spot 1  -0.01256390   0.01305136  -0.07446800
Spot 2  -0.01235659   0.01304774  -0.07446800
Spot 1  -0.01256412   0.01305143  -0.07446800
Spot 2  -0.01235650   0.01304765  -0.07446800
Spot 1  -0.01256417   0.01305150  -0.07446800
Spot 2  -0.01235677   0.01304764  -0.07446800
Spot 1  -0.01256412   0.01305139  -0.07446800
Spot 2  -0.01235622   0.01304781  -0.07446800
20MABNDB000001_PR017
Spot 1  -0.01229800  -0.01291817  -0.07418400
Spot 2  -0.01192784  -0.01291253  -0.07418400
Spot 1  -0.01229806  -0.01291815  -0.07418400
Spot 2  -0.01192769  -0.01291258  -0.07418400
Spot 1  -0.01229820  -0.01291814  -0.07418400
Spot 2  -0.01192814  -0.01291274  -0.07418400
Spot 1  -0.01229813  -0.01291808  -0.07418400
Spot 2  -0.01192802  -0.01291262  -0.07418400
Spot 1  -0.01229808  -0.01291813  -0.07418400
Spot 2  -0.01192799  -0.01291266  -0.07418400
Spot 1  -0.01229809  -0.01291812  -0.07418400
Spot 2  -0.01192803  -0.01291267  -0.07418400
Spot 1  -0.01229812  -0.01291806  -0.07418400
Spot 2  -0.01192793  -0.01291255  -0.07418400
Spot 1  -0.01229813  -0.01291816  -0.07418400
Spot 2  -0.01192787  -0.01291251  -0.07418400
Spot 1  -0.01229792  -0.01291803  -0.07418400
Spot 2  -0.01192798  -0.01291243  -0.07418400
20MABNDB000260_PR019
Spot 1  -0.01239869  -0.01273930  -0.07492700
Spot 2  -0.01219507  -0.01273725  -0.07492700
Spot 1  -0.01239862  -0.01273938  -0.07492700
Spot 2  -0.01219524  -0.01273728  -0.07492700
Spot 1  -0.01239872  -0.01273939  -0.07492700
Spot 2  -0.01219544  -0.01273718  -0.07492700
Spot 1  -0.01239861  -0.01273940  -0.07492700
Spot 2  -0.01219516  -0.01273725  -0.07492700
Spot 1  -0.01239858  -0.01273943  -0.07492700
Spot 2  -0.01219517  -0.01273753  -0.07492700
Spot 1  -0.01239847  -0.01273944  -0.07492700
Spot 2  -0.01219518  -0.01273713  -0.07492700
Spot 1  -0.01239871  -0.01273952  -0.07492700
Spot 2  -0.01219489  -0.01273731  -0.07492700
Spot 1  -0.01239889  -0.01273956  -0.07492700
Spot 2  -0.01219511  -0.01273731  -0.07492700
Spot 1  -0.01239862  -0.01273935  -0.07492700
Spot 2  -0.01219528  -0.01273724  -0.07492700


*****************************************************************coordonnees du prisme dans le repere MOUNT********************************************************************************** 
20MABNDA000196_PR006
 -0.01053073   0.01986662   1.64205348
 -0.01053022   0.01986357   1.64205360
 -0.01052920   0.01986671   1.64205348
 -0.01052833   0.01986561   1.64205348
 -0.01053335   0.01986698   1.64205348
 -0.01053232   0.01987004   1.64205348
 -0.01053279   0.01986828   1.64205348
 -0.01053379   0.01986623   1.64205348
 -0.01053385   0.01987059   1.64205348
 -0.01053145   0.01987014   1.64205348
20MABNDA000324_PR007
 -0.02488522   0.01832924   2.95552540
 -0.02487928   0.01832616   2.95552540
 -0.02488161   0.01832180   2.95552540
 -0.02487963   0.01832004   2.95552540
 -0.02488575   0.01832158   2.95552540
 -0.02488020   0.01831808   2.95552540
 -0.02488161   0.01832103   2.95552540
 -0.02487904   0.01832142   2.95552540
 -0.02487274   0.01832030   2.95552540
 -0.02488454   0.01831902   2.95552540
20MABNDB000001_PR017
 -0.02423264  -0.01667181   1.64038694
 -0.02423363  -0.01667147   1.64038694
 -0.02422727  -0.01666989   1.64038706
 -0.02422937  -0.01667185   1.64038706
 -0.02423013  -0.01667085   1.64038706
 -0.02422968  -0.01667085   1.64038706
 -0.02423037  -0.01667281   1.64038706
 -0.02423090  -0.01667215   1.64038706
 -0.02423202  -0.01667454   1.64038694
20MABNDB000260_PR019
 -0.02476518  -0.02494334   2.95635748
 -0.02476326  -0.02494132   2.95635748
 -0.02475732  -0.02494299   2.95635748
 -0.02476504  -0.02494136   2.95635748
 -0.02476517  -0.02493507   2.95635748
 -0.02476718  -0.02494277   2.95635748
 -0.02476826  -0.02493788   2.95635748
 -0.02476040  -0.02493694   2.95635748
 -0.02476243  -0.02494270   2.95635748


*****************************************************************coordonnees du prisme dans le repere ATLAS********************************************************************************** 
20MABNDA000196_PR006 0.00000000
  2.58498979  -4.19496059   6.55781937
  2.58498931  -4.19496059   6.55781603
  2.58498836  -4.19496059   6.55781937
  2.58498740  -4.19496059   6.55781841
  2.58499241  -4.19496059   6.55781984
  2.58499146  -4.19496059   6.55782270
  2.58499193  -4.19496059   6.55782080
  2.58499289  -4.19496059   6.55781889
  2.58499289  -4.19496059   6.55782318
  2.58499050  -4.19496059   6.55782270
20MABNDA000324_PR007 0.00000000
  2.59443140  -4.13992548   6.95758343
  2.59443736  -4.13992548   6.95758677
  2.59443498  -4.13992548   6.95759106
  2.59443688  -4.13992548   6.95759296
  2.59443092  -4.13992548   6.95759153
  2.59443641  -4.13992548   6.95759487
  2.59443498  -4.13992548   6.95759201
  2.59443760  -4.13992548   6.95759153
  2.59444380  -4.13992548   6.95759249
  2.59443212  -4.13992548   6.95759392
20MABNDB000001_PR017 0.00000000
 -2.59794211  -4.19498396   6.55199337
 -2.59794307  -4.19498396   6.55199289
 -2.59793663  -4.19498396   6.55199146
 -2.59793878  -4.19498396   6.55199337
 -2.59793949  -4.19498396   6.55199242
 -2.59793925  -4.19498396   6.55199242
 -2.59793973  -4.19498396   6.55199432
 -2.59794044  -4.19498396   6.55199337
 -2.59794140  -4.19498396   6.55199623
20MABNDB000260_PR019 0.00000000
 -2.60399437  -4.13988733   6.95570230
 -2.60399652  -4.13988733   6.95570421
 -2.60400224  -4.13988733   6.95570278
 -2.60399461  -4.13988733   6.95570421
 -2.60399461  -4.13988733   6.95571041
 -2.60399246  -4.13988733   6.95570278
 -2.60399151  -4.13988733   6.95570755
 -2.60399938  -4.13988733   6.95570850
 -2.60399723  -4.13988733   6.95570278


*****************************************************************Rapport********************************************************************************** 
CAM-JDA-US-IP_JDA-US-IP     2014.09.05.11.45.05   2.58499069  -4.19496059   6.55782013   0.00000184   0.00000000   0.00000213 0.00000000 VRAI 
CAM-JDA-US-HO_JDA-US-HO     2014.09.05.11.45.05   2.59443564  -4.13992548   6.95759106   0.00000359   0.00000000   0.00000326 0.00000000 VRAI 
CAM-JDA-USA-IP_JDA-USA-IP   2014.09.05.11.45.05  -2.59794010  -4.19498396   6.55199332   0.00000182   0.00000000   0.00000128 0.00000000 VRAI 
CAM-JDA-USA-HO_JDA-USA-HO   2014.09.05.11.45.05  -2.60399588  -4.13988733   6.95570506   0.00000318   0.00000000   0.00000281 0.00000000 VRAI 
