********** Fichier qui contient une sauvegarde des coordonnees images + coordonnees images transformees dans le repere BCAM (MOUNT) + coordonnees des prismes dans le repere MOUNT********** 
********************************************************************** Unite en metres (m)************************************************************************************************** 

*******************************************************************coordonnees images dans le repere CCD *********************************************************************************** 
20MABNDB000135_PR027
Spot 1 0.00185486 0.00124724
Spot 2 0.00209322 0.00124925
Spot 1 0.00185486 0.00124727
Spot 2 0.0020934 0.00124932
Spot 1 0.00185496 0.00124738
Spot 2 0.00209332 0.0012493
Spot 1 0.00185478 0.0012473
Spot 2 0.00209326 0.00124923
Spot 1 0.00185482 0.00124727
Spot 2 0.00209333 0.00124931
Spot 1 0.00185496 0.00124739
Spot 2 0.0020933 0.00124934
Spot 1 0.00185482 0.00124741
Spot 2 0.0020931 0.00124943
Spot 1 0.00185504 0.00124752
Spot 2 0.0020933 0.00124939
Spot 1 0.00185493 0.00124741
Spot 2 0.00209335 0.00124929
20MABNDB000126_PR028
Spot 1 0.00184829 0.00140794
Spot 2 0.0015326 0.00140669
Spot 1 0.00184831 0.00140787
Spot 2 0.00153259 0.0014067
Spot 1 0.00184831 0.00140785
Spot 2 0.00153272 0.00140649
Spot 1 0.00184829 0.001408
Spot 2 0.00153259 0.00140665
Spot 1 0.00184834 0.00140787
Spot 2 0.00153254 0.00140655
Spot 1 0.00184832 0.00140789
Spot 2 0.00153256 0.00140661
Spot 1 0.00184828 0.00140789
Spot 2 0.00153264 0.00140662
Spot 1 0.00184833 0.00140794
Spot 2 0.00153255 0.00140666
20MABNDA000272_PR038
Spot 1 0.0020336 0.00138653
Spot 2 0.0017911 0.00138451
Spot 1 0.00203359 0.00138654
Spot 2 0.0017912 0.00138451
Spot 1 0.00203357 0.0013865
Spot 2 0.00179115 0.00138461
Spot 1 0.00203366 0.00138673
Spot 2 0.00179105 0.00138461
Spot 1 0.00203365 0.00138658
Spot 2 0.00179112 0.00138447
Spot 1 0.00203371 0.00138665
Spot 2 0.00179121 0.00138451
Spot 1 0.00203367 0.00138649
Spot 2 0.00179108 0.00138447
Spot 1 0.00203353 0.00138656
Spot 2 0.00179114 0.0013846
20MABNDA000003_PR039
Spot 1 0.00211584 0.00112533
Spot 2 0.00180224 0.00112696
Spot 1 0.0021159 0.00112539
Spot 2 0.00180226 0.00112716
Spot 1 0.00211587 0.00112533
Spot 2 0.00180219 0.00112698
Spot 1 0.0021158 0.00112533
Spot 2 0.00180214 0.00112701
Spot 1 0.00211583 0.0011253
Spot 2 0.00180223 0.00112707
Spot 1 0.00211586 0.00112533
Spot 2 0.0018022 0.00112703
Spot 1 0.0021159 0.00112535
Spot 2 0.00180228 0.001127
Spot 1 0.00211589 0.00112533
Spot 2 0.00180228 0.00112702


****************************************************************coordonnees images transformees dans le repere MOUNT************************************************************************* 
20MABNDB000135_PR027
Spot 1 -0.0125461 -0.0128654 -0.074647
Spot 2 -0.0123078 -0.012866 -0.074647
Spot 1 -0.0125461 -0.0128654 -0.074647
Spot 2 -0.0123076 -0.012866 -0.074647
Spot 1 -0.012546 -0.0128653 -0.074647
Spot 2 -0.0123077 -0.012866 -0.074647
Spot 1 -0.0125462 -0.0128653 -0.074647
Spot 2 -0.0123077 -0.0128661 -0.074647
Spot 1 -0.0125462 -0.0128654 -0.074647
Spot 2 -0.0123076 -0.012866 -0.074647
Spot 1 -0.012546 -0.0128652 -0.074647
Spot 2 -0.0123077 -0.012866 -0.074647
Spot 1 -0.0125462 -0.0128652 -0.074647
Spot 2 -0.0123079 -0.0128659 -0.074647
Spot 1 -0.0125459 -0.0128651 -0.074647
Spot 2 -0.0123077 -0.0128659 -0.074647
Spot 1 -0.012546 -0.0128652 -0.074647
Spot 2 -0.0123076 -0.012866 -0.074647
20MABNDB000126_PR028
Spot 1 -0.012328 -0.0127731 -0.075004
Spot 2 -0.0126437 -0.0127761 -0.075004
Spot 1 -0.012328 -0.0127732 -0.075004
Spot 2 -0.0126437 -0.0127761 -0.075004
Spot 1 -0.012328 -0.0127732 -0.075004
Spot 2 -0.0126436 -0.0127763 -0.075004
Spot 1 -0.012328 -0.0127731 -0.075004
Spot 2 -0.0126437 -0.0127761 -0.075004
Spot 1 -0.012328 -0.0127732 -0.075004
Spot 2 -0.0126438 -0.0127762 -0.075004
Spot 1 -0.012328 -0.0127732 -0.075004
Spot 2 -0.0126438 -0.0127762 -0.075004
Spot 1 -0.012328 -0.0127732 -0.075004
Spot 2 -0.0126437 -0.0127761 -0.075004
Spot 1 -0.012328 -0.0127731 -0.075004
Spot 2 -0.0126438 -0.0127761 -0.075004
20MABNDA000272_PR038
Spot 1 -0.01287 0.0127251 -0.074179
Spot 2 -0.0126275 0.0127267 -0.074179
Spot 1 -0.01287 0.0127251 -0.074179
Spot 2 -0.0126276 0.0127267 -0.074179
Spot 1 -0.01287 0.0127252 -0.074179
Spot 2 -0.0126276 0.0127266 -0.074179
Spot 1 -0.0128701 0.0127249 -0.074179
Spot 2 -0.0126275 0.0127266 -0.074179
Spot 1 -0.0128701 0.0127251 -0.074179
Spot 2 -0.0126275 0.0127268 -0.074179
Spot 1 -0.0128701 0.012725 -0.074179
Spot 2 -0.0126276 0.0127267 -0.074179
Spot 1 -0.0128701 0.0127252 -0.074179
Spot 2 -0.0126275 0.0127268 -0.074179
Spot 1 -0.01287 0.0127251 -0.074179
Spot 2 -0.0126276 0.0127266 -0.074179
20MABNDA000003_PR039
Spot 1 -0.0129149 0.0129272 -0.073734
Spot 2 -0.0126013 0.0129248 -0.073734
Spot 1 -0.012915 0.0129272 -0.073734
Spot 2 -0.0126013 0.0129246 -0.073734
Spot 1 -0.0129149 0.0129272 -0.073734
Spot 2 -0.0126012 0.0129248 -0.073734
Spot 1 -0.0129149 0.0129272 -0.073734
Spot 2 -0.0126012 0.0129247 -0.073734
Spot 1 -0.0129149 0.0129273 -0.073734
Spot 2 -0.0126013 0.0129247 -0.073734
Spot 1 -0.0129149 0.0129272 -0.073734
Spot 2 -0.0126013 0.0129247 -0.073734
Spot 1 -0.012915 0.0129272 -0.073734
Spot 2 -0.0126013 0.0129248 -0.073734
Spot 1 -0.0129149 0.0129272 -0.073734
Spot 2 -0.0126013 0.0129247 -0.073734


*****************************************************************coordonnees du prisme dans le repere MOUNT********************************************************************************** 
20MABNDB000135_PR027
-0.0201831 -0.0220142 2.74936
-0.0201864 -0.022016 2.74936
-0.0201867 -0.0220176 2.74936
-0.0201823 -0.0220149 2.74936
-0.0201844 -0.0220158 2.74936
-0.0201864 -0.0220185 2.74936
-0.0201802 -0.0220206 2.74936
-0.0201879 -0.0220218 2.74936
-0.0201868 -0.022018 2.74936
20MABNDB000126_PR028
-0.0177103 -0.0217696 2.14694
-0.0177105 -0.0217687 2.14694
-0.0177123 -0.0217655 2.14694
-0.0177102 -0.0217699 2.14694
-0.0177102 -0.0217666 2.14694
-0.0177102 -0.0217677 2.14694
-0.0177108 -0.0217679 2.14694
-0.0177102 -0.0217692 2.14694
20MABNDA000272_PR038
-0.00953648 0.0267258 2.74962
-0.00953482 0.026726 2.74962
-0.0095361 0.0267271 2.74962
-0.00953627 0.0267313 2.74962
-0.00953518 0.026726 2.74962
-0.00953245 0.026728 2.74962
-0.00953556 0.0267243 2.74962
-0.00953703 0.026728 2.74962
20MABNDA000003_PR039
-0.0111599 0.0183756 2.1491
-0.0111588 0.0183793 2.1491
-0.0111602 0.0183758 2.1491
-0.0111619 0.0183763 2.1491
-0.0111602 0.0183767 2.1491
-0.0111602 0.0183765 2.1491
-0.0111585 0.0183764 2.1491
-0.0111586 0.0183764 2.1491


*****************************************************************coordonnees du prisme dans le repere ATLAS********************************************************************************** 
20MABNDB000135_PR027
2.60132 -4.19783 -3.81196
2.60131 -4.19783 -3.81195
2.60131 -4.19783 -3.81195
2.60132 -4.19783 -3.81195
2.60132 -4.19783 -3.81195
2.60131 -4.19783 -3.81195
2.60132 -4.19783 -3.81195
2.60131 -4.19783 -3.81195
2.60131 -4.19783 -3.81195
20MABNDB000126_PR028
2.6082 -4.19695 -5.91045
2.6082 -4.19695 -5.91045
2.6082 -4.19695 -5.91045
2.6082 -4.19695 -5.91045
2.6082 -4.19695 -5.91045
2.6082 -4.19695 -5.91045
2.6082 -4.19695 -5.91045
2.6082 -4.19695 -5.91045
20MABNDA000272_PR038
-2.61499 -4.19702 -3.81176
-2.615 -4.19702 -3.81176
-2.61499 -4.19702 -3.81176
-2.61499 -4.19702 -3.81175
-2.615 -4.19702 -3.81176
-2.615 -4.19702 -3.81176
-2.615 -4.19702 -3.81176
-2.61499 -4.19702 -3.81176
20MABNDA000003_PR039
-2.61056 -4.19693 -5.91439
-2.61056 -4.19693 -5.91439
-2.61056 -4.19693 -5.91439
-2.61056 -4.19693 -5.91439
-2.61056 -4.19693 -5.91439
-2.61056 -4.19693 -5.91439
-2.61057 -4.19693 -5.91439
-2.61056 -4.19693 -5.91439


*****************************************************************Rapport********************************************************************************** 
CAM-EBC-US-IP_EBC-US-IP 2014.08.13.15.11.10 2.60132 -4.19783 -3.81195 2.39241e-06 0 2.41693e-06 VRAI 
CAM-EBC-US-HO_EBC-US-HO 2014.08.13.15.11.10 2.6082 -4.19695 -5.91045 6.95104e-07 0 1.4685e-06 VRAI 
CAM-EBC-USA-IP_EBC-USA-IP 2014.08.13.15.11.10 -2.615 -4.19702 -3.81176 1.32176e-06 0 1.94767e-06 VRAI 
CAM-EBC-USA-HO_EBC-USA-HO 2014.08.13.15.11.10 -2.61056 -4.19693 -5.91439 1.09257e-06 0 1.12935e-06 VRAI 
