********** Fichier qui contient une sauvegarde des coordonnees images + coordonnees images transformees dans le repere BCAM (MOUNT) + coordonnees des prismes dans le repere MOUNT********** 
********************************************************************** Unite en metres (m)************************************************************************************************** 

*******************************************************************coordonnees images dans le repere CCD *********************************************************************************** 
20MABNDB000135_PR027
Spot 1 0.002835 0.001165
Spot 2 0.003375 2.5e-05
Spot 1 0.002835 0.001165
Spot 2 0.003375 2.5e-05
Spot 1 0.002835 0.001165
Spot 2 0.003375 2.5e-05
Spot 1 0.002835 0.001165
Spot 2 0.003375 2.5e-05
Spot 1 0.002835 0.001165
Spot 2 0.003375 2.5e-05
20MABNDB000126_PR028
Spot 1 0.001615 9.5e-05
Spot 2 0.00328395 0.00033605
Spot 1 0.001615 9.5e-05
Spot 2 0.00328395 0.00033605
Spot 1 0.001615 9.5e-05
Spot 2 0.00328395 0.00033605
Spot 1 0.001615 9.5e-05
Spot 2 0.00328395 0.00033605
Spot 1 0.001615 9.5e-05
Spot 2 0.00328395 0.00033605
20MABNDA000272_PR038
Spot 1 0.000365 9.5e-05
Spot 2 0.002445 0.000265
Spot 1 0.000365 9.5e-05
Spot 2 0.002445 0.000265
Spot 1 0.000365 9.5e-05
Spot 2 0.002445 0.000265
Spot 1 0.000365 9.5e-05
Spot 2 0.002445 0.000265
Spot 1 0.000365 9.5e-05
Spot 2 0.002445 0.000265
20MABNDA000003_PR039
Spot 1 0.001035 5.5e-05
Spot 2 0.002645 5.5e-05
Spot 1 0.001035 5.5e-05
Spot 2 0.002645 5.5e-05
Spot 1 0.001035 5.5e-05
Spot 2 0.002645 5.5e-05
Spot 1 0.001035 5.5e-05
Spot 2 0.002645 5.5e-05
Spot 1 0.001035 5.5e-05
Spot 2 0.002645 5.5e-05


****************************************************************coordonnees images transformees dans le repere MOUNT************************************************************************* 
20MABNDB000135_PR027
Spot 1 -0.011567 -0.0129585 -0.074647
Spot 2 -0.0110397 -0.0141045 -0.074647
Spot 1 -0.011567 -0.0129585 -0.074647
Spot 2 -0.0110397 -0.0141045 -0.074647
Spot 1 -0.011567 -0.0129585 -0.074647
Spot 2 -0.0110397 -0.0141045 -0.074647
Spot 1 -0.011567 -0.0129585 -0.074647
Spot 2 -0.0110397 -0.0141045 -0.074647
Spot 1 -0.011567 -0.0129585 -0.074647
Spot 2 -0.0110397 -0.0141045 -0.074647
20MABNDB000126_PR028
Spot 1 -0.0125543 -0.0140873 -0.075004
Spot 2 -0.0108867 -0.0138373 -0.075004
Spot 1 -0.0125543 -0.0140873 -0.075004
Spot 2 -0.0108867 -0.0138373 -0.075004
Spot 1 -0.0125543 -0.0140873 -0.075004
Spot 2 -0.0108867 -0.0138373 -0.075004
Spot 1 -0.0125543 -0.0140873 -0.075004
Spot 2 -0.0108867 -0.0138373 -0.075004
Spot 1 -0.0125543 -0.0140873 -0.075004
Spot 2 -0.0108867 -0.0138373 -0.075004
20MABNDA000272_PR038
Spot 1 -0.0111991 0.0140137 -0.074179
Spot 2 -0.0132794 0.0138474 -0.074179
Spot 1 -0.0111991 0.0140137 -0.074179
Spot 2 -0.0132794 0.0138474 -0.074179
Spot 1 -0.0111991 0.0140137 -0.074179
Spot 2 -0.0132794 0.0138474 -0.074179
Spot 1 -0.0111991 0.0140137 -0.074179
Spot 2 -0.0132794 0.0138474 -0.074179
Spot 1 -0.0111991 0.0140137 -0.074179
Spot 2 -0.0132794 0.0138474 -0.074179
20MABNDA000003_PR039
Spot 1 -0.0118313 0.0139948 -0.073734
Spot 2 -0.0134413 0.0139989 -0.073734
Spot 1 -0.0118313 0.0139948 -0.073734
Spot 2 -0.0134413 0.0139989 -0.073734
Spot 1 -0.0118313 0.0139948 -0.073734
Spot 2 -0.0134413 0.0139989 -0.073734
Spot 1 -0.0118313 0.0139948 -0.073734
Spot 2 -0.0134413 0.0139989 -0.073734
Spot 1 -0.0118313 0.0139948 -0.073734
Spot 2 -0.0134413 0.0139989 -0.073734


*****************************************************************coordonnees du prisme dans le repere MOUNT********************************************************************************** 
20MABNDB000135_PR027
-0.0613805 0.00239963 2.74891
-0.0613805 0.00239963 2.74891
-0.0613805 0.00239963 2.74891
-0.0613805 0.00239963 2.74891
-0.0613805 0.00239963 2.74891
20MABNDB000126_PR028
-0.0395259 0.0120859 2.14665
-0.0395259 0.0120859 2.14665
-0.0395259 0.0120859 2.14665
-0.0395259 0.0120859 2.14665
-0.0395259 0.0120859 2.14665
20MABNDA000272_PR038
-0.0282059 -0.0174172 2.74945
-0.0282059 -0.0174172 2.74945
-0.0282059 -0.0174172 2.74945
-0.0282059 -0.0174172 2.74945
-0.0282059 -0.0174172 2.74945
20MABNDA000003_PR039
-0.01464 -0.0122314 2.14896
-0.01464 -0.0122314 2.14896
-0.01464 -0.0122314 2.14896
-0.01464 -0.0122314 2.14896
-0.01464 -0.0122314 2.14896


*****************************************************************coordonnees du prisme dans le repere ATLAS********************************************************************************** 
20MABNDB000135_PR027 0.003
2.55998 -4.19452 -3.83613
2.55998 -4.19452 -3.83613
2.55998 -4.19452 -3.83613
2.55998 -4.19452 -3.83613
2.55998 -4.19452 -3.83613
20MABNDB000126_PR028 0.003
2.58637 -4.19438 -5.94429
2.58637 -4.19438 -5.94429
2.58637 -4.19438 -5.94429
2.58637 -4.19438 -5.94429
2.58637 -4.19438 -5.94429
20MABNDA000272_PR038 0.003
-2.59633 -4.19419 -3.85591
-2.59633 -4.19419 -3.85591
-2.59633 -4.19419 -3.85591
-2.59633 -4.19419 -3.85591
-2.59633 -4.19419 -3.85591
20MABNDA000003_PR039 0.003
-2.60708 -4.19421 -5.945
-2.60708 -4.19421 -5.945
-2.60708 -4.19421 -5.945
-2.60708 -4.19421 -5.945
-2.60708 -4.19421 -5.945


*****************************************************************Rapport********************************************************************************** 
CAM-EBC-US-IP_EBC-US-IP 2014.08.18.13.44.56 2.55998 -4.19452 -3.83613 0 0 0 0.003 VRAI 
CAM-EBC-US-HO_EBC-US-HO 2014.08.18.13.44.56 2.58637 -4.19438 -5.94429 0 0 0 0.003 VRAI 
CAM-EBC-USA-IP_EBC-USA-IP 2014.08.18.13.44.56 -2.59633 -4.19419 -3.85591 0 0 0 0.003 VRAI 
CAM-EBC-USA-HO_EBC-USA-HO 2014.08.18.13.44.56 -2.60708 -4.19421 -5.945 0 0 0 0.003 VRAI 
