********** Fichier qui contient une sauvegarde des coordonnees images + coordonnees images transformees dans le repere BCAM (MOUNT) + coordonnees des prismes dans le repere MOUNT********** 
********************************************************************** Unite en metres (m)************************************************************************************************** 

*******************************************************************coordonnees images dans le repere CCD *********************************************************************************** 
20MABNDA000196_PR006
Spot 1   0.00197690   0.00118507
Spot 2   0.00160566   0.00118024
Spot 1   0.00197672   0.00118493
Spot 2   0.00160574   0.00118009
Spot 1   0.00197672   0.00118519
Spot 2   0.00160584   0.00118019
Spot 1   0.00197663   0.00118489
Spot 2   0.00160566   0.00118016
Spot 1   0.00197676   0.00118507
Spot 2   0.00160561   0.00118011
Spot 1   0.00197679   0.00118522
Spot 2   0.00160574   0.00118035
Spot 1   0.00197671   0.00118522
Spot 2   0.00160579   0.00118028
Spot 1   0.00197657   0.00118515
Spot 2   0.00160571   0.00118014
Spot 1   0.00197696   0.00118511
Spot 2   0.00160575   0.00118011
Spot 1   0.00197675   0.00118545
Spot 2   0.00160570   0.00118035
20MABNDA000324_PR007
Spot 1   0.00195642   0.00097000
Spot 2   0.00174888   0.00097489
Spot 1   0.00195628   0.00096989
Spot 2   0.00174867   0.00097511
Spot 1   0.00195634   0.00096991
Spot 2   0.00174891   0.00097505
Spot 1   0.00195649   0.00096993
Spot 2   0.00174866   0.00097505
Spot 1   0.00195647   0.00096986
Spot 2   0.00174886   0.00097516
Spot 1   0.00195645   0.00096988
Spot 2   0.00174884   0.00097516
Spot 1   0.00195647   0.00096995
Spot 2   0.00174911   0.00097495
Spot 1   0.00195657   0.00097004
Spot 2   0.00174889   0.00097511
Spot 1   0.00195649   0.00096998
Spot 2   0.00174895   0.00097489
Spot 1   0.00195654   0.00096991
Spot 2   0.00174872   0.00097511
20MABNDB000001_PR017
Spot 1   0.00188355   0.00107144
Spot 2   0.00225381   0.00108108
Spot 1   0.00188366   0.00107151
Spot 2   0.00225358   0.00108100
Spot 1   0.00188361   0.00107155
Spot 2   0.00225376   0.00108103
Spot 1   0.00188366   0.00107147
Spot 2   0.00225371   0.00108077
Spot 1   0.00188359   0.00107158
Spot 2   0.00225377   0.00108115
Spot 1   0.00188384   0.00107156
Spot 2   0.00225388   0.00108080
Spot 1   0.00188353   0.00107152
Spot 2   0.00225354   0.00108104
Spot 1   0.00188357   0.00107144
Spot 2   0.00225376   0.00108108
Spot 1   0.00188356   0.00107147
Spot 2   0.00225382   0.00108100
Spot 1   0.00188357   0.00107151
Spot 2   0.00225382   0.00108074
20MABNDB000260_PR019
Spot 1   0.00192565   0.00116275
Spot 2   0.00212895   0.00116068
Spot 1   0.00192584   0.00116304
Spot 2   0.00212904   0.00116096
Spot 1   0.00192570   0.00116286
Spot 2   0.00212918   0.00116092
Spot 1   0.00192580   0.00116292
Spot 2   0.00212908   0.00116082
Spot 1   0.00192566   0.00116270
Spot 2   0.00212914   0.00116096
Spot 1   0.00192553   0.00116302
Spot 2   0.00212907   0.00116093
Spot 1   0.00192583   0.00116292
Spot 2   0.00212912   0.00116088
Spot 1   0.00192570   0.00116286
Spot 2   0.00212914   0.00116096
Spot 1   0.00192559   0.00116301
Spot 2   0.00212918   0.00116092
Spot 1   0.00192587   0.00116287
Spot 2   0.00212914   0.00116076


****************************************************************coordonnees images transformees dans le repere MOUNT************************************************************************* 
20MABNDA000196_PR006
Spot 1  -0.01293747   0.01279308  -0.07967100
Spot 2  -0.01256619   0.01279313  -0.07967100
Spot 1  -0.01293728   0.01279321  -0.07967100
Spot 2  -0.01256627   0.01279328  -0.07967100
Spot 1  -0.01293729   0.01279295  -0.07967100
Spot 2  -0.01256637   0.01279318  -0.07967100
Spot 1  -0.01293719   0.01279325  -0.07967100
Spot 2  -0.01256619   0.01279321  -0.07967100
Spot 1  -0.01293733   0.01279307  -0.07967100
Spot 2  -0.01256614   0.01279326  -0.07967100
Spot 1  -0.01293736   0.01279292  -0.07967100
Spot 2  -0.01256628   0.01279302  -0.07967100
Spot 1  -0.01293728   0.01279292  -0.07967100
Spot 2  -0.01256633   0.01279309  -0.07967100
Spot 1  -0.01293714   0.01279299  -0.07967100
Spot 2  -0.01256624   0.01279323  -0.07967100
Spot 1  -0.01293753   0.01279304  -0.07967100
Spot 2  -0.01256628   0.01279326  -0.07967100
Spot 1  -0.01293732   0.01279269  -0.07967100
Spot 2  -0.01256624   0.01279302  -0.07967100
20MABNDA000324_PR007
Spot 1  -0.01256402   0.01305150  -0.07446800
Spot 2  -0.01235645   0.01304823  -0.07446800
Spot 1  -0.01256388   0.01305161  -0.07446800
Spot 2  -0.01235624   0.01304801  -0.07446800
Spot 1  -0.01256394   0.01305159  -0.07446800
Spot 2  -0.01235648   0.01304807  -0.07446800
Spot 1  -0.01256409   0.01305157  -0.07446800
Spot 2  -0.01235623   0.01304807  -0.07446800
Spot 1  -0.01256407   0.01305164  -0.07446800
Spot 2  -0.01235643   0.01304796  -0.07446800
Spot 1  -0.01256405   0.01305162  -0.07446800
Spot 2  -0.01235641   0.01304796  -0.07446800
Spot 1  -0.01256407   0.01305155  -0.07446800
Spot 2  -0.01235668   0.01304817  -0.07446800
Spot 1  -0.01256417   0.01305146  -0.07446800
Spot 2  -0.01235646   0.01304801  -0.07446800
Spot 1  -0.01256409   0.01305152  -0.07446800
Spot 2  -0.01235652   0.01304823  -0.07446800
Spot 1  -0.01256414   0.01305159  -0.07446800
Spot 2  -0.01235629   0.01304801  -0.07446800
20MABNDB000001_PR017
Spot 1  -0.01229811  -0.01291808  -0.07418400
Spot 2  -0.01192777  -0.01291236  -0.07418400
Spot 1  -0.01229800  -0.01291801  -0.07418400
Spot 2  -0.01192800  -0.01291244  -0.07418400
Spot 1  -0.01229805  -0.01291797  -0.07418400
Spot 2  -0.01192782  -0.01291241  -0.07418400
Spot 1  -0.01229800  -0.01291805  -0.07418400
Spot 2  -0.01192788  -0.01291267  -0.07418400
Spot 1  -0.01229807  -0.01291794  -0.07418400
Spot 2  -0.01192781  -0.01291229  -0.07418400
Spot 1  -0.01229782  -0.01291797  -0.07418400
Spot 2  -0.01192771  -0.01291264  -0.07418400
Spot 1  -0.01229813  -0.01291800  -0.07418400
Spot 2  -0.01192804  -0.01291240  -0.07418400
Spot 1  -0.01229809  -0.01291808  -0.07418400
Spot 2  -0.01192782  -0.01291236  -0.07418400
Spot 1  -0.01229810  -0.01291805  -0.07418400
Spot 2  -0.01192776  -0.01291244  -0.07418400
Spot 1  -0.01229809  -0.01291801  -0.07418400
Spot 2  -0.01192777  -0.01291270  -0.07418400
20MABNDB000260_PR019
Spot 1  -0.01239872  -0.01273966  -0.07492700
Spot 2  -0.01219542  -0.01273756  -0.07492700
Spot 1  -0.01239854  -0.01273936  -0.07492700
Spot 2  -0.01219534  -0.01273728  -0.07492700
Spot 1  -0.01239867  -0.01273955  -0.07492700
Spot 2  -0.01219520  -0.01273731  -0.07492700
Spot 1  -0.01239857  -0.01273949  -0.07492700
Spot 2  -0.01219529  -0.01273742  -0.07492700
Spot 1  -0.01239871  -0.01273971  -0.07492700
Spot 2  -0.01219524  -0.01273728  -0.07492700
Spot 1  -0.01239885  -0.01273939  -0.07492700
Spot 2  -0.01219531  -0.01273731  -0.07492700
Spot 1  -0.01239854  -0.01273948  -0.07492700
Spot 2  -0.01219525  -0.01273736  -0.07492700
Spot 1  -0.01239867  -0.01273955  -0.07492700
Spot 2  -0.01219524  -0.01273728  -0.07492700
Spot 1  -0.01239879  -0.01273940  -0.07492700
Spot 2  -0.01219520  -0.01273731  -0.07492700
Spot 1  -0.01239850  -0.01273953  -0.07492700
Spot 2  -0.01219523  -0.01273748  -0.07492700


*****************************************************************coordonnees du prisme dans le repere MOUNT********************************************************************************** 
20MABNDA000196_PR006
 -0.01053171   0.01986641   1.64205348
 -0.01053285   0.01986327   1.64205360
 -0.01053170   0.01986719   1.64205348
 -0.01053470   0.01986362   1.64205360
 -0.01053381   0.01986502   1.64205360
 -0.01053200   0.01986926   1.64205348
 -0.01053234   0.01986850   1.64205348
 -0.01053478   0.01986624   1.64205348
 -0.01053008   0.01986542   1.64205348
 -0.01053285   0.01987180   1.64205348
20MABNDA000324_PR007
 -0.02488190   0.01830861   2.95552540
 -0.02488881   0.01831073   2.95552540
 -0.02488289   0.01830998   2.95552540
 -0.02488485   0.01831036   2.95552540
 -0.02488132   0.01831119   2.95552540
 -0.02488212   0.01831158   2.95552540
 -0.02487639   0.01830886   2.95552540
 -0.02487879   0.01831377   2.95552540
 -0.02487915   0.01830826   2.95552540
 -0.02488271   0.01831117   2.95552540
20MABNDB000001_PR017
 -0.02423224  -0.01667466   1.64038694
 -0.02423093  -0.01667457   1.64038706
 -0.02423236  -0.01667531   1.64038694
 -0.02423232  -0.01667159   1.64038694
 -0.02423227  -0.01667696   1.64038694
 -0.02423616  -0.01667286   1.64038694
 -0.02422908  -0.01667512   1.64038706
 -0.02423191  -0.01667466   1.64038694
 -0.02423245  -0.01667411   1.64038694
 -0.02423253  -0.01667170   1.64038694
20MABNDB000260_PR019
 -0.02475757  -0.02493017   2.95635748
 -0.02476287  -0.02494151   2.95635748
 -0.02476295  -0.02493720   2.95635748
 -0.02476296  -0.02493639   2.95635748
 -0.02476142  -0.02493479   2.95635748
 -0.02475737  -0.02494043   2.95635748
 -0.02476434  -0.02493760   2.95635748
 -0.02476214  -0.02493797   2.95635748
 -0.02476073  -0.02494010   2.95635748
 -0.02476559  -0.02493428   2.95635748


*****************************************************************coordonnees du prisme dans le repere ATLAS********************************************************************************** 
20MABNDA000196_PR006 0.00000000
  2.58499074  -4.19496059   6.55781889
  2.58499193  -4.19496059   6.55781603
  2.58499074  -4.19496059   6.55781984
  2.58499384  -4.19496059   6.55781603
  2.58499289  -4.19496059   6.55781746
  2.58499098  -4.19496059   6.55782175
  2.58499146  -4.19496059   6.55782127
  2.58499384  -4.19496059   6.55781889
  2.58498907  -4.19496059   6.55781794
  2.58499193  -4.19496059   6.55782461
20MABNDA000324_PR007 0.00000000
  2.59443474  -4.13992548   6.95760441
  2.59442782  -4.13992548   6.95760202
  2.59443378  -4.13992548   6.95760298
  2.59443164  -4.13992548   6.95760250
  2.59443521  -4.13992548   6.95760155
  2.59443450  -4.13992548   6.95760155
  2.59444022  -4.13992548   6.95760393
  2.59443784  -4.13992548   6.95759916
  2.59443736  -4.13992548   6.95760441
  2.59443378  -4.13992548   6.95760155
20MABNDB000001_PR017 0.00000000
 -2.59794164  -4.19498396   6.55199623
 -2.59794044  -4.19498348   6.55199623
 -2.59794188  -4.19498396   6.55199671
 -2.59794188  -4.19498396   6.55199289
 -2.59794164  -4.19498396   6.55199862
 -2.59794569  -4.19498396   6.55199432
 -2.59793854  -4.19498348   6.55199671
 -2.59794140  -4.19498396   6.55199623
 -2.59794188  -4.19498396   6.55199575
 -2.59794211  -4.19498396   6.55199337
20MABNDB000260_PR019 0.00000000
 -2.60400200  -4.13988733   6.95571566
 -2.60399675  -4.13988733   6.95570421
 -2.60399675  -4.13988733   6.95570850
 -2.60399675  -4.13988733   6.95570898
 -2.60399818  -4.13988733   6.95571089
 -2.60400224  -4.13988733   6.95570517
 -2.60399532  -4.13988733   6.95570803
 -2.60399747  -4.13988733   6.95570755
 -2.60399890  -4.13988733   6.95570564
 -2.60399413  -4.13988733   6.95571136


*****************************************************************Rapport********************************************************************************** 
CAM-JDA-US-IP_JDA-US-IP     2014.09.05.11.13.47   2.58499174  -4.19496059   6.55781927   0.00000141   0.00000000   0.00000256 0.00000000 VRAI 
CAM-JDA-US-HO_JDA-US-HO     2014.09.05.11.13.47   2.59443469  -4.13992548   6.95760241   0.00000326   0.00000000   0.00000153 0.00000000 VRAI 
CAM-JDA-USA-IP_JDA-USA-IP   2014.09.05.11.13.47  -2.59794171  -4.19498386   6.55199571   0.00000167   0.00000019   0.00000163 0.00000000 VRAI 
CAM-JDA-USA-HO_JDA-USA-HO   2014.09.05.11.13.47  -2.60399785  -4.13988733   6.95570860   0.00000248   0.00000000   0.00000323 0.00000000 VRAI 
