********** Fichier qui contient une sauvegarde des coordonnees images + coordonnees images transformees dans le repere BCAM (MOUNT) + coordonnees des prismes dans le repere MOUNT********** 
********************************************************************** Unite en metres (m)************************************************************************************************** 

*******************************************************************coordonnees images dans le repere CCD *********************************************************************************** 
20MABNDB000135_PR027
Spot 1   0.00187544   0.00069690
Spot 2   0.00209407   0.00069944
Spot 1   0.00187532   0.00069681
Spot 2   0.00209415   0.00069931
Spot 1   0.00187540   0.00069672
Spot 2   0.00209388   0.00069942
Spot 1   0.00187525   0.00069661
Spot 2   0.00209392   0.00069936
Spot 1   0.00187529   0.00069679
Spot 2   0.00209383   0.00069931
Spot 1   0.00187522   0.00069684
Spot 2   0.00209378   0.00069955
Spot 1   0.00187529   0.00069705
Spot 2   0.00209384   0.00069956
20MABNDB000126_PR028
Spot 1   0.00198845   0.00170101
Spot 2   0.00170608   0.00170028
Spot 1   0.00198847   0.00170100
Spot 2   0.00170602   0.00170021
Spot 1   0.00198849   0.00170095
Spot 2   0.00170606   0.00170012
Spot 1   0.00198851   0.00170090
Spot 2   0.00170611   0.00170018
Spot 1   0.00198860   0.00170090
Spot 2   0.00170627   0.00170013
Spot 1   0.00198875   0.00170102
Spot 2   0.00170627   0.00170030
20MABNDA000272_PR038
Spot 1   0.00189150   0.00089618
Spot 2   0.00166585   0.00089551
Spot 1   0.00189123   0.00089649
Spot 2   0.00166572   0.00089563
Spot 1   0.00189111   0.00089680
Spot 2   0.00166568   0.00089597
Spot 1   0.00189105   0.00089727
Spot 2   0.00166571   0.00089625
Spot 1   0.00189123   0.00089723
Spot 2   0.00166567   0.00089672
Spot 1   0.00189107   0.00089771
Spot 2   0.00166555   0.00089717
20MABNDA000003_PR039
Spot 1   0.00232393   0.00182558
Spot 2   0.00204621   0.00182606
Spot 1   0.00232402   0.00182581
Spot 2   0.00204636   0.00182636
Spot 1   0.00232402   0.00182626
Spot 2   0.00204623   0.00182664
Spot 1   0.00232394   0.00182655
Spot 2   0.00204635   0.00182706
Spot 1   0.00232418   0.00182692
Spot 2   0.00204650   0.00182729
Spot 1   0.00232411   0.00182738
Spot 2   0.00204635   0.00182770


****************************************************************coordonnees images transformees dans le repere MOUNT************************************************************************* 
20MABNDB000135_PR027
Spot 1  -0.01253167  -0.01341593  -0.07464699
Spot 2  -0.01231303  -0.01341583  -0.07464699
Spot 1  -0.01253179  -0.01341602  -0.07464699
Spot 2  -0.01231295  -0.01341596  -0.07464699
Spot 1  -0.01253171  -0.01341611  -0.07464699
Spot 2  -0.01231322  -0.01341585  -0.07464699
Spot 1  -0.01253186  -0.01341622  -0.07464699
Spot 2  -0.01231318  -0.01341591  -0.07464699
Spot 1  -0.01253182  -0.01341604  -0.07464699
Spot 2  -0.01231327  -0.01341596  -0.07464699
Spot 1  -0.01253189  -0.01341599  -0.07464699
Spot 2  -0.01231331  -0.01341571  -0.07464699
Spot 1  -0.01253182  -0.01341578  -0.07464699
Spot 2  -0.01231325  -0.01341571  -0.07464699
20MABNDB000126_PR028
Spot 1  -0.01218945  -0.01247932  -0.07500400
Spot 2  -0.01247181  -0.01248156  -0.07500400
Spot 1  -0.01218942  -0.01247933  -0.07500400
Spot 2  -0.01247187  -0.01248163  -0.07500400
Spot 1  -0.01218940  -0.01247938  -0.07500400
Spot 2  -0.01247183  -0.01248172  -0.07500400
Spot 1  -0.01218938  -0.01247943  -0.07500400
Spot 2  -0.01247178  -0.01248166  -0.07500400
Spot 1  -0.01218929  -0.01247943  -0.07500400
Spot 2  -0.01247162  -0.01248171  -0.07500400
Spot 1  -0.01218914  -0.01247931  -0.07500400
Spot 2  -0.01247162  -0.01248154  -0.07500400
20MABNDA000272_PR038
Spot 1  -0.01272705   0.01321523  -0.07417900
Spot 2  -0.01250140   0.01321550  -0.07417900
Spot 1  -0.01272679   0.01321492  -0.07417900
Spot 2  -0.01250127   0.01321538  -0.07417900
Spot 1  -0.01272667   0.01321461  -0.07417900
Spot 2  -0.01250124   0.01321504  -0.07417900
Spot 1  -0.01272661   0.01321414  -0.07417900
Spot 2  -0.01250126   0.01321476  -0.07417900
Spot 1  -0.01272679   0.01321418  -0.07417900
Spot 2  -0.01250123   0.01321429  -0.07417900
Spot 1  -0.01272663   0.01321370  -0.07417900
Spot 2  -0.01250111   0.01321384  -0.07417900
20MABNDA000003_PR039
Spot 1  -0.01312476   0.01222751  -0.07373400
Spot 2  -0.01284704   0.01222632  -0.07373400
Spot 1  -0.01312485   0.01222728  -0.07373400
Spot 2  -0.01284719   0.01222602  -0.07373400
Spot 1  -0.01312485   0.01222683  -0.07373400
Spot 2  -0.01284706   0.01222574  -0.07373400
Spot 1  -0.01312477   0.01222654  -0.07373400
Spot 2  -0.01284718   0.01222532  -0.07373400
Spot 1  -0.01312501   0.01222617  -0.07373400
Spot 2  -0.01284733   0.01222509  -0.07373400
Spot 1  -0.01312494   0.01222571  -0.07373400
Spot 2  -0.01284718   0.01222468  -0.07373400


*****************************************************************coordonnees du prisme dans le repere MOUNT********************************************************************************** 
20MABNDB000135_PR027
 -0.02035131  -0.00183860   2.74935174
 -0.02035052  -0.00183459   2.74935174
 -0.02034706  -0.00183500   2.74935174
 -0.02034501  -0.00183189   2.74935174
 -0.02034412  -0.00183430   2.74935174
 -0.02034197  -0.00183964   2.74935174
 -0.02034441  -0.00184364   2.74935174
20MABNDB000126_PR028
 -0.02213586  -0.03015492   2.14687610
 -0.02213529  -0.03015376   2.14687610
 -0.02213616  -0.03015178   2.14687610
 -0.02213716  -0.03015192   2.14687610
 -0.02214071  -0.03015124   2.14687610
 -0.02214284  -0.03015538   2.14687610
20MABNDA000272_PR038
 -0.01446694   0.00878964   2.74965549
 -0.01447425   0.00879752   2.74965549
 -0.01447716   0.00880943   2.74965572
 -0.01447769   0.00882319   2.74965572
 -0.01447512   0.00883104   2.74965572
 -0.01448022   0.00884810   2.74965572
20MABNDA000003_PR039
 -0.00464895   0.03835659   2.14894700
 -0.00464550   0.03836416   2.14894676
 -0.00464734   0.03837459   2.14894676
 -0.00464674   0.03838473   2.14894652
 -0.00464114   0.03839329   2.14894652
 -0.00464425   0.03840574   2.14894629


*****************************************************************coordonnees du prisme dans le repere ATLAS********************************************************************************** 
20MABNDB000135_PR027 0.00300000
  2.60103464  -4.19477034  -3.83212948
  2.60103536  -4.19477034  -3.83213329
  2.60103893  -4.19477034  -3.83213305
  2.60104108  -4.19477034  -3.83213615
  2.60104179  -4.19477034  -3.83213377
  2.60104394  -4.19477034  -3.83212829
  2.60104156  -4.19477034  -3.83212447
20MABNDB000126_PR028 0.00300000
  2.60377669  -4.19397783  -5.90206146
  2.60377717  -4.19397783  -5.90206242
  2.60377645  -4.19397783  -5.90206480
  2.60377550  -4.19397783  -5.90206432
  2.60377192  -4.19397783  -5.90206528
  2.60376978  -4.19397783  -5.90206099
20MABNDA000272_PR038 0.00300000
 -2.61006689  -4.19398594  -3.82969618
 -2.61005950  -4.19398594  -3.82968831
 -2.61005664  -4.19398594  -3.82967639
 -2.61005616  -4.19398594  -3.82966256
 -2.61005878  -4.19398594  -3.82965493
 -2.61005354  -4.19398594  -3.82963777
20MABNDA000003_PR039 0.00300000
 -2.61707664  -4.19400167  -5.89440918
 -2.61708021  -4.19400215  -5.89440155
 -2.61707830  -4.19400215  -5.89439106
 -2.61707878  -4.19400215  -5.89438105
 -2.61708450  -4.19400215  -5.89437246
 -2.61708140  -4.19400215  -5.89436007


*****************************************************************Rapport********************************************************************************** 
CAM-EBC-US-IP_EBC-US-IP     2014.08.28.17.16.19   2.60103961  -4.19477034  -3.83213122   0.00000322   0.00000000   0.00000370 0.00300000 VRAI 
CAM-EBC-US-HO_EBC-US-HO     2014.08.28.17.16.19   2.60377459  -4.19397783  -5.90206321   0.00000276   0.00000000   0.00000167 0.00300000 VRAI 
CAM-EBC-USA-IP_EBC-USA-IP   2014.08.28.17.16.19  -2.61005859  -4.19398594  -3.82966936   0.00000418   0.00000000   0.00001992 0.00300000 VRAI 
CAM-EBC-USA-HO_EBC-USA-HO   2014.08.28.17.16.19  -2.61707997  -4.19400207  -5.89438589   0.00000252   0.00000018   0.00001676 0.00300000 VRAI 
