********** Fichier qui contient une sauvegarde des coordonnees images + coordonnees images transformees dans le repere BCAM (MOUNT) + coordonnees des prismes dans le repere MOUNT********** 
********************************************************************** Unite en metres (m)************************************************************************************************** 

*******************************************************************coordonnees images dans le repere CCD *********************************************************************************** 
20MABNDB000212_PR029
Spot 1     0.00223332     0.00072619
Spot 2     0.00186607     0.00072568
Spot 1     0.00223335     0.00072620
Spot 2     0.00186639     0.00072599
Spot 1     0.00223340     0.00072619
Spot 2     0.00186607     0.00072578
Spot 1     0.00223340     0.00072614
Spot 2     0.00186619     0.00072589
Spot 1     0.00223329     0.00072638
Spot 2     0.00186639     0.00072599
Spot 1     0.00223339     0.00072616
Spot 2     0.00186615     0.00072587
Spot 1     0.00223322     0.00072615
Spot 2     0.00186627     0.00072598
Spot 1     0.00223331     0.00072627
Spot 2     0.00186650     0.00072600
Spot 1     0.00223330     0.00072633
Spot 2     0.00186650     0.00072600
20MABNDB000128_PR030
Spot 1     0.00190467     0.00200667
Spot 2     0.00210881     0.00200161
Spot 1     0.00190467     0.00200667
Spot 2     0.00210909     0.00200176
Spot 1     0.00190474     0.00200667
Spot 2     0.00210880     0.00200161
Spot 1     0.00190474     0.00200672
Spot 2     0.00210896     0.00200162
Spot 1     0.00190461     0.00200677
Spot 2     0.00210883     0.00200187
Spot 1     0.00190466     0.00200672
Spot 2     0.00210888     0.00200176
Spot 1     0.00190460     0.00200668
Spot 2     0.00210902     0.00200161
Spot 1     0.00190463     0.00200671
Spot 2     0.00210902     0.00200165
20MABNDA000444_PR040
Spot 1     0.00075154     0.00038508
Spot 2     0.00111810     0.00038074
Spot 1     0.00075132     0.00038492
Spot 2     0.00111820     0.00038078
Spot 1     0.00075135     0.00038492
Spot 2     0.00111823     0.00038077
Spot 1     0.00075131     0.00038500
Spot 2     0.00111815     0.00038067
Spot 1     0.00075161     0.00038494
Spot 2     0.00111867     0.00038067
Spot 1     0.00075140     0.00038500
Spot 2     0.00111820     0.00038084
Spot 1     0.00075141     0.00038496
Spot 2     0.00111818     0.00038066
Spot 1     0.00075157     0.00038496
Spot 2     0.00111798     0.00038042
20MABNDA000053_PR041
Spot 1     0.00165765     0.00198782
Spot 2     0.00145377     0.00198417
Spot 1     0.00165775     0.00198784
Spot 2     0.00145368     0.00198416
Spot 1     0.00165779     0.00198783
Spot 2     0.00145385     0.00198431
Spot 1     0.00165770     0.00198780
Spot 2     0.00145383     0.00198425
Spot 1     0.00165790     0.00198799
Spot 2     0.00145379     0.00198435
Spot 1     0.00165794     0.00198778
Spot 2     0.00145377     0.00198429
Spot 1     0.00165802     0.00198777
Spot 2     0.00145393     0.00198432
Spot 1     0.00165770     0.00198786
Spot 2     0.00145375     0.00198427


****************************************************************coordonnees images transformees dans le repere MOUNT************************************************************************* 
20MABNDB000212_PR029
Spot 1    -0.01185426    -0.01325508    -0.07390500
Spot 2    -0.01222149    -0.01325167    -0.07390500
Spot 1    -0.01185423    -0.01325507    -0.07390500
Spot 2    -0.01222117    -0.01325136    -0.07390500
Spot 1    -0.01185418    -0.01325508    -0.07390500
Spot 2    -0.01222149    -0.01325157    -0.07390500
Spot 1    -0.01185418    -0.01325513    -0.07390500
Spot 2    -0.01222137    -0.01325146    -0.07390500
Spot 1    -0.01185428    -0.01325489    -0.07390500
Spot 2    -0.01222117    -0.01325136    -0.07390500
Spot 1    -0.01185419    -0.01325511    -0.07390500
Spot 2    -0.01222141    -0.01325148    -0.07390500
Spot 1    -0.01185436    -0.01325512    -0.07390500
Spot 2    -0.01222129    -0.01325137    -0.07390500
Spot 1    -0.01185426    -0.01325500    -0.07390500
Spot 2    -0.01222106    -0.01325135    -0.07390500
Spot 1    -0.01185427    -0.01325494    -0.07390500
Spot 2    -0.01222106    -0.01325135    -0.07390500
20MABNDB000128_PR030
Spot 1    -0.01245047    -0.01221063    -0.07353400
Spot 2    -0.01224632    -0.01221498    -0.07353400
Spot 1    -0.01245047    -0.01221063    -0.07353400
Spot 2    -0.01224604    -0.01221483    -0.07353400
Spot 1    -0.01245040    -0.01221063    -0.07353400
Spot 2    -0.01224632    -0.01221498    -0.07353400
Spot 1    -0.01245040    -0.01221058    -0.07353400
Spot 2    -0.01224617    -0.01221497    -0.07353400
Spot 1    -0.01245053    -0.01221053    -0.07353400
Spot 2    -0.01224630    -0.01221472    -0.07353400
Spot 1    -0.01245048    -0.01221058    -0.07353400
Spot 2    -0.01224625    -0.01221483    -0.07353400
Spot 1    -0.01245054    -0.01221062    -0.07353400
Spot 2    -0.01224610    -0.01221498    -0.07353400
Spot 1    -0.01245051    -0.01221059    -0.07353400
Spot 2    -0.01224610    -0.01221494    -0.07353400
20MABNDA000444_PR040
Spot 1    -0.01169097     0.01364466    -0.07412000
Spot 2    -0.01205756     0.01364434    -0.07412000
Spot 1    -0.01169075     0.01364482    -0.07412000
Spot 2    -0.01205766     0.01364430    -0.07412000
Spot 1    -0.01169078     0.01364482    -0.07412000
Spot 2    -0.01205769     0.01364431    -0.07412000
Spot 1    -0.01169074     0.01364474    -0.07412000
Spot 2    -0.01205761     0.01364441    -0.07412000
Spot 1    -0.01169104     0.01364480    -0.07412000
Spot 2    -0.01205813     0.01364441    -0.07412000
Spot 1    -0.01169083     0.01364474    -0.07412000
Spot 2    -0.01205766     0.01364424    -0.07412000
Spot 1    -0.01169084     0.01364478    -0.07412000
Spot 2    -0.01205764     0.01364442    -0.07412000
Spot 1    -0.01169100     0.01364478    -0.07412000
Spot 2    -0.01205744     0.01364467    -0.07412000
20MABNDA000053_PR041
Spot 1    -0.01241426     0.01212273    -0.07430100
Spot 2    -0.01221034     0.01212240    -0.07430100
Spot 1    -0.01241436     0.01212271    -0.07430100
Spot 2    -0.01221025     0.01212241    -0.07430100
Spot 1    -0.01241440     0.01212272    -0.07430100
Spot 2    -0.01221043     0.01212226    -0.07430100
Spot 1    -0.01241431     0.01212275    -0.07430100
Spot 2    -0.01221041     0.01212232    -0.07430100
Spot 1    -0.01241451     0.01212257    -0.07430100
Spot 2    -0.01221037     0.01212222    -0.07430100
Spot 1    -0.01241455     0.01212278    -0.07430100
Spot 2    -0.01221035     0.01212228    -0.07430100
Spot 1    -0.01241463     0.01212279    -0.07430100
Spot 2    -0.01221051     0.01212225    -0.07430100
Spot 1    -0.01241431     0.01212269    -0.07430100
Spot 2    -0.01221033     0.01212230    -0.07430100


*****************************************************************coordonnees du prisme dans le repere MOUNT********************************************************************************** 
20MABNDB000212_PR029
   -0.02532618    -0.00901285     1.64223981
   -0.02533006    -0.00901631     1.64223981
   -0.02532707    -0.00901393     1.64223981
   -0.02532839    -0.00901457     1.64223981
   -0.02532942    -0.00901829     1.64223981
   -0.02532785    -0.00901458     1.64223981
   -0.02532731    -0.00901568     1.64223981
   -0.02533083    -0.00901718     1.64223981
   -0.02533073    -0.00901783     1.64223981
20MABNDB000128_PR030
   -0.01944438    -0.04702695     2.95496035
   -0.01944987    -0.04702992     2.95496035
   -0.01944557    -0.04702695     2.95496035
   -0.01944870    -0.04702814     2.95496035
   -0.01944357    -0.04703402     2.95496035
   -0.01944555    -0.04703087     2.95496035
   -0.01944714    -0.04702713     2.95496035
   -0.01944773    -0.04702852     2.95496035
20MABNDA000444_PR040
   -0.03011488     0.00157324     1.64491463
   -0.03011617     0.00157192     1.64491463
   -0.03011552     0.00157180     1.64491463
   -0.03011683     0.00157158     1.64491463
   -0.03010784     0.00157103     1.64491463
   -0.03011532     0.00157346     1.64491463
   -0.03011540     0.00157105     1.64491463
   -0.03011580     0.00156841     1.64491463
20MABNDA000053_PR041
   -0.02638485     0.05093354     2.95450687
   -0.02638465     0.05093374     2.95450687
   -0.02638050     0.05093642     2.95450687
   -0.02638268     0.05093470     2.95450687
   -0.02637942     0.05094031     2.95450687
   -0.02637915     0.05093501     2.95450687
   -0.02637441     0.05093532     2.95450687
   -0.02638423     0.05093629     2.95450687


*****************************************************************coordonnees du prisme dans le repere ATLAS********************************************************************************** 
20MABNDB000212_PR029 0.00000000
    2.59900236    -4.19500875    -6.54800177
    2.59900618    -4.19500875    -6.54800510
    2.59900308    -4.19500875    -6.54800272
    2.59900451    -4.19500875    -6.54800367
    2.59900546    -4.19500875    -6.54800749
    2.59900403    -4.19500875    -6.54800367
    2.59900331    -4.19500875    -6.54800463
    2.59900689    -4.19500875    -6.54800606
    2.59900689    -4.19500875    -6.54800701
20MABNDB000128_PR030 0.00000000
    2.60941768    -4.14002943    -6.93110132
    2.60941219    -4.14002943    -6.93109846
    2.60941648    -4.14002943    -6.93110132
    2.60941315    -4.14002943    -6.93110037
    2.60941839    -4.14002943    -6.93109465
    2.60941648    -4.14002943    -6.93109751
    2.60941482    -4.14002943    -6.93110132
    2.60941434    -4.14002943    -6.93109989
20MABNDA000444_PR040 0.00000000
   -2.60528779    -4.19509506    -6.54075384
   -2.60528922    -4.19509506    -6.54075241
   -2.60528851    -4.19509506    -6.54075241
   -2.60528994    -4.19509506    -6.54075241
   -2.60528088    -4.19509506    -6.54075193
   -2.60528827    -4.19509506    -6.54075432
   -2.60528851    -4.19509506    -6.54075193
   -2.60528874    -4.19509506    -6.54074907
20MABNDA000053_PR041 0.00000000
   -2.59416366    -4.14012432    -6.92698097
   -2.59416389    -4.14012432    -6.92698050
   -2.59416819    -4.14012432    -6.92697811
   -2.59416604    -4.14012432    -6.92697954
   -2.59416914    -4.14012384    -6.92697382
   -2.59416938    -4.14012432    -6.92697954
   -2.59417415    -4.14012432    -6.92697906
   -2.59416437    -4.14012432    -6.92697811


*****************************************************************Rapport********************************************************************************** 
CAM-JDC-US-IP_JDC-US-IP        2014.11.21.10.47.02     2.59900475    -4.19500875    -6.54800468     0.00000159     0.00000000     0.00000182 0.00000000 VRAI 
CAM-JDC-US-HO_JDC-US-HO        2014.11.21.10.47.02     2.60941544    -4.14002943    -6.93109936     0.00000204     0.00000000     0.00000222 0.00000000 VRAI 
CAM-JDC-USA-IP_JDC-USA-IP      2014.11.21.10.47.02    -2.60528773    -4.19509506    -6.54075229     0.00000266     0.00000000     0.00000146 0.00000000 VRAI 
CAM-JDC-USA-HO_JDC-USA-HO      2014.11.21.10.47.02    -2.59416735    -4.14012426    -6.92697871     0.00000336     0.00000016     0.00000208 0.00000000 VRAI 
