********** Fichier qui contient une sauvegarde des coordonnees images + coordonnees images transformees dans le repere BCAM (MOUNT) + coordonnees des prismes dans le repere MOUNT********** 
********************************************************************** Unite en metres (m)************************************************************************************************** 

*******************************************************************coordonnees images dans le repere CCD *********************************************************************************** 
20MABNDM000168_PR025
Spot 1 0.00284176 0.00136771
Spot 2 0.00266777 0.00137112
Spot 1 0.00284176 0.00136758
Spot 2 0.00266763 0.00137105
Spot 1 0.00284173 0.00136769
Spot 2 0.00266759 0.0013711
Spot 1 0.00284184 0.00136765
Spot 2 0.00266768 0.00137106
Spot 1 0.00284185 0.00136776
Spot 2 0.00266767 0.00137112
20MABNDM000168_PR026
Spot 1 0.00217906 0.0012175
Spot 2 0.002265 0.001225
Spot 1 0.00217855 0.00121887
Spot 2 -1e-06 -1e-06
Spot 1 0.00217887 0.00121823
Spot 2 0.002265 0.001215
Spot 1 0.00217845 0.00121845
Spot 2 -1e-06 -1e-06
Spot 1 0.002179 0.00121833
Spot 2 -1e-06 -1e-06
20MABNDM000168_PR001
Spot 1 0.001335 5.5e-05
Spot 2 0.002245 0.000245
Spot 1 0.000545 8.5e-05
Spot 2 0.002775 8.5e-05
Spot 1 0.000445 0.000145
Spot 2 0.00091167 0.00016833
Spot 1 0.001815 2.5e-05
Spot 2 0.00281 3e-05
Spot 1 0.001655 3.833e-05
Spot 2 0.002865 0.00018167
20MABNDM000168_20MABNDL000077
Spot 1 0.00158126 0.00141647
Spot 2 0.00138083 0.00109907
Spot 1 0.0015817 0.00141702
Spot 2 0.00142135 0.00087751
Spot 1 0.00158142 0.00141669
Spot 2 0.00138088 0.00109889
Spot 1 0.00158146 0.00141675
Spot 2 0.00138085 0.00109901
20MABNDL000196_PR036
Spot 1 0.0008489 0.00179248
Spot 2 0.00139996 0.00166237
Spot 1 0.00084888 0.00179219
Spot 2 0.00139992 0.00166086
Spot 1 0.00084895 0.00179283
Spot 2 0.00139994 0.00166144
Spot 1 0.00084896 0.00179281
Spot 2 0.00139999 0.00166217
20MABNDL000196_PR037
Spot 1 0.00161466 0.00079876
Spot 2 0.00213691 0.00103287
Spot 1 0.00161455 0.00079995
Spot 2 0.00213672 0.00103318
Spot 1 0.00161467 0.00079911
Spot 2 0.00213717 0.00103247
Spot 1 0.0016145 0.00079908
Spot 2 0.00213733 0.00103314
20MABNDL000196_PR012
Spot 1 0.002605 0.000235
Spot 2 0.00311 9e-05
Spot 1 0.0004475 0.0002225
Spot 2 0.002125 5.5e-05
Spot 1 0.002635 0.000225
Spot 2 0.001735 0.000235
Spot 1 0.002847 0.000135
Spot 2 0.001605 6.833e-05
20MABNDL000196_20MABNDM000020
Spot 1 0.00183327 0.00130021
Spot 2 0.00225855 0.00067956
Spot 1 0.00183332 0.00130035
Spot 2 0.00225847 0.00067951
Spot 1 0.00183318 0.00130019
Spot 2 0.00225839 0.0006795
Spot 1 0.00183321 0.00130006
Spot 2 0.00225838 0.00067942


****************************************************************coordonnees images transformees dans le repere MOUNT************************************************************************* 
20MABNDM000168_PR025
Spot 1 -0.0115608 -0.0356977 -0.005329
Spot 2 -0.0117348 -0.0357019 -0.005329
Spot 1 -0.0115608 -0.0356976 -0.005329
Spot 2 -0.011735 -0.0357018 -0.005329
Spot 1 -0.0115609 -0.0356977 -0.005329
Spot 2 -0.011735 -0.0357019 -0.005329
Spot 1 -0.0115608 -0.0356977 -0.005329
Spot 2 -0.0117349 -0.0357018 -0.005329
Spot 1 -0.0115608 -0.0356978 -0.005329
Spot 2 -0.0117349 -0.0357019 -0.005329
20MABNDM000168_PR026
Spot 1 -0.0122242 -0.0355504 -0.005329
Spot 2 -0.0121382 -0.0355575 -0.005329
Spot 1 -0.0122247 -0.0355518 -0.005329
Spot 2 -0.0144095 -0.0343413 -0.005329
Spot 1 -0.0122244 -0.0355511 -0.005329
Spot 2 -0.0121383 -0.0355475 -0.005329
Spot 1 -0.0122248 -0.0355513 -0.005329
Spot 2 -0.0144095 -0.0343413 -0.005329
Spot 1 -0.0122242 -0.0355512 -0.005329
Spot 2 -0.0144095 -0.0343413 -0.005329
20MABNDM000168_PR001
Spot 1 0.0131087 -0.0340588 -0.074451
Spot 2 0.012196 -0.0342355 -0.074451
Spot 1 0.0138981 -0.0341003 -0.074451
Spot 2 0.0116684 -0.0340677 -0.074451
Spot 1 0.0139972 -0.0341618 -0.074451
Spot 2 0.0135303 -0.0341783 -0.074451
Spot 1 0.0126291 -0.0340218 -0.074451
Spot 2 0.0116342 -0.0340122 -0.074451
Spot 1 0.0127889 -0.0340374 -0.074451
Spot 2 0.011577 -0.0341631 -0.074451
20MABNDM000168_20MABNDL000077
Spot 1 0.0128425 -0.0354165 -0.074451
Spot 2 0.0130476 -0.0351021 -0.074451
Spot 1 0.0128421 -0.0354171 -0.074451
Spot 2 0.0130103 -0.0348799 -0.074451
Spot 1 0.0128423 -0.0354167 -0.074451
Spot 2 0.0130475 -0.0351019 -0.074451
Spot 1 0.0128423 -0.0354168 -0.074451
Spot 2 0.0130475 -0.035102 -0.074451
20MABNDL000196_PR036
Spot 1 0.0118285 0.035981 -0.074836
Spot 2 0.0123798 0.035852 -0.074836
Spot 1 0.0118285 0.0359807 -0.074836
Spot 2 0.0123798 0.0358505 -0.074836
Spot 1 0.0118286 0.0359813 -0.074836
Spot 2 0.0123798 0.0358511 -0.074836
Spot 1 0.0118286 0.0359813 -0.074836
Spot 2 0.0123799 0.0358518 -0.074836
20MABNDL000196_PR037
Spot 1 0.0125963 0.0349889 -0.074836
Spot 2 0.0131181 0.0352241 -0.074836
Spot 1 0.0125962 0.03499 -0.074836
Spot 2 0.0131179 0.0352244 -0.074836
Spot 1 0.0125963 0.0349892 -0.074836
Spot 2 0.0131184 0.0352237 -0.074836
Spot 1 0.0125962 0.0349892 -0.074836
Spot 2 0.0131185 0.0352243 -0.074836
20MABNDL000196_PR012
Spot 1 -0.0134127 0.0344927 -0.00611
Spot 2 -0.0139147 0.0343376 -0.00611
Spot 1 -0.0112554 0.0345236 -0.00611
Spot 2 -0.0129292 0.0343224 -0.00611
Spot 1 -0.0134425 0.0344821 -0.00611
Spot 2 -0.0125429 0.0345102 -0.00611
Spot 1 -0.0136526 0.0343879 -0.00611
Spot 2 -0.0124095 0.0343462 -0.00611
20MABNDL000196_20MABNDM000020
Spot 1 -0.0126625 0.0355732 -0.00611
Spot 2 -0.0130753 0.0349441 -0.00611
Spot 1 -0.0126626 0.0355734 -0.00611
Spot 2 -0.0130752 0.0349441 -0.00611
Spot 1 -0.0126625 0.0355732 -0.00611
Spot 2 -0.0130751 0.0349441 -0.00611
Spot 1 -0.0126625 0.0355731 -0.00611
Spot 2 -0.0130751 0.034944 -0.00611


*****************************************************************coordonnees du prisme dans le repere MOUNT********************************************************************************** 
20MABNDM000168_PR025
-0.0638804 -0.0179582 -3.7884
-0.0638769 -0.017963 -3.7884
-0.0638752 -0.0179592 -3.7884
-0.0638801 -0.0179612 -3.7884
-0.0638802 -0.0179569 -3.7884
20MABNDM000168_PR026
-0.0388194 -0.0245961 -3.98451
0.0203164 -0.0562205 -3.98442
-0.0388134 -0.0248374 -3.98451
0.020319 -0.0562315 -3.98442
0.0203047 -0.0562347 -3.98442
20MABNDM000168_PR001
0.0210307 -0.128463 5.81443
0.0108805 -0.133353 5.81436
-0.0651256 -0.126678 5.81394
0.0613901 -0.138545 5.81407
0.0574155 -0.132093 5.81421
20MABNDM000168_20MABNDL000077
-0.000606002 -0.0417918 5.38883
0.000749153 -0.049752 5.38882
-0.000598442 -0.0417906 5.38883
-0.000598007 -0.0417842 5.38883
20MABNDL000196_PR036
0.0466557 0.00160621 3.68778
0.046657 0.00165038 3.68778
0.0466549 0.00162039 3.68778
0.0466535 0.00160292 3.68778
20MABNDL000196_PR037
0.00951592 0.0416675 3.884
0.00952377 0.0416288 3.884
0.00950893 0.0416688 3.884
0.00950925 0.0416523 3.884
20MABNDL000196_PR012
0.0636672 0.108177 -5.91483
-0.0584645 0.107569 -5.91516
0.0115185 0.101886 -5.91535
0.0145033 0.111921 -5.91522
20MABNDL000196_20MABNDM000020
0.000795385 0.0421222 -5.47472
0.000794381 0.0421189 -5.47472
0.00078635 0.042125 -5.47472
0.000786919 0.0421325 -5.47472


*****************************************************************coordonnees du prisme dans le repere ATLAS********************************************************************************** 
20MABNDM000168_PR025 0
2.8353 -3.68145 -6.47905
2.8353 -3.68145 -6.47905
2.8353 -3.68146 -6.47905
2.8353 -3.68145 -6.47905
2.8353 -3.68145 -6.47905
20MABNDM000168_PR026 0
2.82865 -3.70658 -6.67515
2.79701 -3.76571 -6.67504
2.82841 -3.70659 -6.67515
2.797 -3.76571 -6.67504
2.79699 -3.7657 -6.67504
20MABNDM000168_PR001 0
2.72535 -3.76276 3.12382
2.72047 -3.75261 3.12374
2.72716 -3.6766 3.1233
2.71526 -3.80312 3.12347
2.72171 -3.79914 3.12361
20MABNDM000168_20MABNDL000077 0
2.812 -3.7413 2.6982
2.80404 -3.74266 2.69819
2.812 -3.74131 2.6982
2.81201 -3.74131 2.6982
20MABNDL000196_PR036 0
-2.852 -3.69762 -6.4791
-2.85196 -3.69762 -6.4791
-2.85199 -3.69762 -6.4791
-2.852 -3.69762 -6.4791
20MABNDL000196_PR037 0
-2.81193 -3.73492 -6.67529
-2.81197 -3.73492 -6.67529
-2.81193 -3.73493 -6.67529
-2.81194 -3.73493 -6.67529
20MABNDL000196_PR012 0
-2.74523 -3.67163 3.12349
-2.74578 -3.79376 3.12393
-2.75149 -3.72378 3.12406
-2.74146 -3.72079 3.12392
20MABNDL000196_20MABNDM000020 0
-2.81126 -3.73494 2.68344
-2.81126 -3.73494 2.68344
-2.81126 -3.73495 2.68344
-2.81125 -3.73495 2.68344


*****************************************************************Rapport********************************************************************************** 
CAM-LBC-US_EBC-US-HO-H 2014.08.19.00.21.22 2.8353 -3.68145 -6.47905 2.18722e-06 2.15053e-06 0 0 VRAI 
CAM-LBC-US_JDC-US-H 2014.08.19.00.21.22 2.80961 -3.74206 -6.67508 0.0154456 0.0289634 5.47798e-05 0 VRAI 
CAM-LBC-US_EBA-US-IP-H 2014.08.19.00.21.22 2.72199 -3.75885 3.12359 0.0041408 0.0456108 0.000187156 0 VRAI 
CAM-LBC-US_CAM-LBA-US 2014.08.19.00.21.22 2.81002 -3.74165 2.6982 0.0034484 0.000583718 4.42201e-06 0 VRAI 
CAM-LBC-USA_EBC-USA-HO-H 2014.08.19.00.21.22 -2.85199 -3.69762 -6.4791 1.87279e-05 1.29494e-06 2.06477e-07 0 VRAI 
CAM-LBC-USA_JDC-USA-H 2014.08.19.00.21.22 -2.81194 -3.73492 -6.67529 1.61567e-05 6.04333e-06 0 0 VRAI 
CAM-LBC-USA_EBA-USA-IP-H 2014.08.19.00.21.22 -2.74599 -3.72749 3.12385 0.00358616 0.0435054 0.000216258 0 VRAI 
CAM-LBC-USA_CAM-LBA-USA 2014.08.19.00.21.22 -2.81126 -3.73495 2.68344 5.00963e-06 4.13426e-06 0 0 VRAI 
