********** Fichier qui contient une sauvegarde des coordonnees images + coordonnees images transformees dans le repere BCAM (MOUNT) + coordonnees des prismes dans le repere MOUNT********** 
********************************************************************** Unite en metres (m)************************************************************************************************** 

*******************************************************************coordonnees images dans le repere CCD *********************************************************************************** 
20MABNDB000135_PR027
Spot 1 0.002835 0.001165
Spot 2 0.003375 2.5e-05
Spot 1 0.002835 0.001165
Spot 2 0.003375 2.5e-05
Spot 1 0.002835 0.001165
Spot 2 0.003375 2.5e-05
Spot 1 0.002835 0.001165
Spot 2 0.003375 2.5e-05
Spot 1 0.002835 0.001165
Spot 2 0.003375 2.5e-05
20MABNDB000126_PR028
Spot 1 0.000375 0.001175
Spot 2 0.002665 0.002195
Spot 1 0.000375 0.001175
Spot 2 0.002665 0.002195
Spot 1 0.000375 0.001175
Spot 2 0.002665 0.002195
Spot 1 0.000375 0.001175
Spot 2 0.002665 0.002195
20MABNDA000272_PR038
Spot 1 0.000705 0.000125
Spot 2 0.000365 9.5e-05
Spot 1 0.000705 0.000125
Spot 2 0.002495 0.000155
Spot 1 0.000705 0.000125
Spot 2 0.003265 5.5e-05
Spot 1 0.000705 0.000125
Spot 2 0.002495 0.000155
20MABNDA000003_PR039
Spot 1 0.002745 0.000865
Spot 2 0.001035 5.5e-05
Spot 1 0.002825 0.002395
Spot 2 0.002745 0.000865
Spot 1 0.002745 0.000865
Spot 2 0.001015 0.001735
Spot 1 0.002825 0.002395
Spot 2 0.002745 0.000865


****************************************************************coordonnees images transformees dans le repere MOUNT************************************************************************* 
20MABNDB000135_PR027
Spot 1 -0.011567 -0.0129585 -0.074647
Spot 2 -0.0110397 -0.0141045 -0.074647
Spot 1 -0.011567 -0.0129585 -0.074647
Spot 2 -0.0110397 -0.0141045 -0.074647
Spot 1 -0.011567 -0.0129585 -0.074647
Spot 2 -0.0110397 -0.0141045 -0.074647
Spot 1 -0.011567 -0.0129585 -0.074647
Spot 2 -0.0110397 -0.0141045 -0.074647
Spot 1 -0.011567 -0.0129585 -0.074647
Spot 2 -0.0110397 -0.0141045 -0.074647
20MABNDB000126_PR028
Spot 1 -0.0138001 -0.0130139 -0.075004
Spot 2 -0.0115155 -0.0119817 -0.075004
Spot 1 -0.0138001 -0.0130139 -0.075004
Spot 2 -0.0115155 -0.0119817 -0.075004
Spot 1 -0.0138001 -0.0130139 -0.075004
Spot 2 -0.0115155 -0.0119817 -0.075004
Spot 1 -0.0138001 -0.0130139 -0.075004
Spot 2 -0.0115155 -0.0119817 -0.075004
20MABNDA000272_PR038
Spot 1 -0.0115392 0.0139843 -0.074179
Spot 2 -0.0111991 0.0140137 -0.074179
Spot 1 -0.0115392 0.0139843 -0.074179
Spot 2 -0.0133292 0.0139575 -0.074179
Spot 1 -0.0115392 0.0139843 -0.074179
Spot 2 -0.0140991 0.0140588 -0.074179
Spot 1 -0.0115392 0.0139843 -0.074179
Spot 2 -0.0133292 0.0139575 -0.074179
20MABNDA000003_PR039
Spot 1 -0.0135434 0.0131892 -0.073734
Spot 2 -0.0118313 0.0139948 -0.073734
Spot 1 -0.0136273 0.0116594 -0.073734
Spot 2 -0.0135434 0.0131892 -0.073734
Spot 1 -0.0135434 0.0131892 -0.073734
Spot 2 -0.0118156 0.0123148 -0.073734
Spot 1 -0.0136273 0.0116594 -0.073734
Spot 2 -0.0135434 0.0131892 -0.073734


*****************************************************************coordonnees du prisme dans le repere MOUNT********************************************************************************** 
20MABNDB000135_PR027
-0.0613805 0.00239963 2.74891
-0.0613805 0.00239963 2.74891
-0.0613805 0.00239963 2.74891
-0.0613805 0.00239963 2.74891
-0.0613805 0.00239963 2.74891
20MABNDB000126_PR028
-0.0128093 -0.0296594 2.1469
-0.0128093 -0.0296594 2.1469
-0.0128093 -0.0296594 2.1469
-0.0128093 -0.0296594 2.1469
20MABNDA000272_PR038
-0.0600841 -0.0199211 2.74905
-0.021063 -0.0188958 2.74946
-0.00695824 -0.0207527 2.74945
-0.021063 -0.0188958 2.74946
20MABNDA000003_PR039
-0.0131818 -0.000660142 2.14907
0.0124829 0.0327154 2.14887
-0.0134067 0.0233507 2.14909
0.0124829 0.0327154 2.14887


*****************************************************************coordonnees du prisme dans le repere ATLAS********************************************************************************** 
20MABNDB000135_PR027 0.003
2.55998 -4.19452 -3.83613
2.55998 -4.19452 -3.83613
2.55998 -4.19452 -3.83613
2.55998 -4.19452 -3.83613
2.55998 -4.19452 -3.83613
20MABNDB000126_PR028 0.003
2.6131 -4.19396 -5.90256
2.6131 -4.19396 -5.90256
2.6131 -4.19396 -5.90256
2.6131 -4.19396 -5.90256
20MABNDA000272_PR038 0.003
-2.56445 -4.19457 -3.85842
-2.60348 -4.19418 -3.85738
-2.61758 -4.1942 -3.85924
-2.60348 -4.19418 -3.85738
20MABNDA000003_PR039 0.003
-2.60854 -4.19405 -5.93343
-2.63421 -4.19409 -5.90005
-2.60832 -4.19393 -5.90941
-2.63421 -4.19409 -5.90005


*****************************************************************Rapport********************************************************************************** 
CAM-EBC-US-IP_EBC-US-IP 2014.08.18.10.50.56 2.55998 -4.19452 -3.83613 0 0 0 0.003 VRAI 
CAM-EBC-US-HO_EBC-US-HO 2014.08.18.10.50.56 2.6131 -4.19396 -5.90256 0 0 0 0.003 VRAI 
CAM-EBC-USA-IP_EBC-USA-IP 2014.08.18.10.50.56 -2.59725 -4.19428 -3.8581 0.0197888 0.000167328 0.00077802 0.003 VRAI 
CAM-EBC-USA-HO_EBC-USA-HO 2014.08.18.10.50.56 -2.62132 -4.19404 -5.91074 0.0128899 6.53201e-05 0.0136461 0.003 VRAI 
