********** Fichier qui contient une sauvegarde des coordonnees images + coordonnees images transformees dans le repere BCAM (MOUNT) + coordonnees des prismes dans le repere MOUNT********** 
********************************************************************** Unite en metres (m)************************************************************************************************** 

*******************************************************************coordonnees images dans le repere CCD *********************************************************************************** 
20MABNDB000135_PR027
Spot 1 0.002835 0.001165
Spot 2 0.003375 2.5e-05
Spot 1 0.002835 0.001165
Spot 2 0.003375 2.5e-05
Spot 1 0.002835 0.001165
Spot 2 0.003375 2.5e-05
Spot 1 0.002835 0.001165
Spot 2 0.001215 0.002185
Spot 1 0.003375 2.5e-05
Spot 2 0.002995 0.000685
Spot 1 0.003375 2.5e-05
Spot 2 0.001735 0.000155
20MABNDB000126_PR028
Spot 1 0.001615 9.5e-05
Spot 2 0.00328357 0.00033643
Spot 1 0.001615 9.5e-05
Spot 2 0.00328375 0.00033625
Spot 1 0.001615 9.5e-05
Spot 2 0.00328357 0.00033643
Spot 1 0.001615 9.5e-05
Spot 2 0.00328382 0.00033618
Spot 1 0.001615 9.5e-05
Spot 2 0.00328395 0.00033605
20MABNDA000272_PR038
Spot 1 0.002495 0.000155
Spot 2 0.000705 0.000125
Spot 1 0.002495 0.000155
Spot 2 0.000705 0.000125
Spot 1 0.002495 0.000155
Spot 2 0.000705 0.000125
Spot 1 0.000705 0.000125
Spot 2 0.002495 0.000155
Spot 1 0.000705 0.000125
Spot 2 0.002495 0.000155
20MABNDA000003_PR039
Spot 1 0.001035 5.5e-05
Spot 2 0.000385 0.000285
Spot 1 0.001035 5.5e-05
Spot 2 0.000385 0.000285
Spot 1 0.001035 5.5e-05
Spot 2 0.000385 0.000285
Spot 1 0.001035 5.5e-05
Spot 2 0.001635 0.000185
Spot 1 0.001035 5.5e-05
Spot 2 0.002045 1.5e-05


****************************************************************coordonnees images transformees dans le repere MOUNT************************************************************************* 
20MABNDB000135_PR027
Spot 1 -0.011567 -0.0129585 -0.074647
Spot 2 -0.0110397 -0.0141045 -0.074647
Spot 1 -0.011567 -0.0129585 -0.074647
Spot 2 -0.0110397 -0.0141045 -0.074647
Spot 1 -0.011567 -0.0129585 -0.074647
Spot 2 -0.0110397 -0.0141045 -0.074647
Spot 1 -0.011567 -0.0129585 -0.074647
Spot 2 -0.0131755 -0.0119206 -0.074647
Spot 1 -0.0110397 -0.0141045 -0.074647
Spot 2 -0.0114123 -0.0134403 -0.074647
Spot 1 -0.0110397 -0.0141045 -0.074647
Spot 2 -0.0126781 -0.0139562 -0.074647
20MABNDB000126_PR028
Spot 1 -0.0125543 -0.0140873 -0.075004
Spot 2 -0.0108871 -0.013837 -0.075004
Spot 1 -0.0125543 -0.0140873 -0.075004
Spot 2 -0.0108869 -0.0138371 -0.075004
Spot 1 -0.0125543 -0.0140873 -0.075004
Spot 2 -0.0108871 -0.013837 -0.075004
Spot 1 -0.0125543 -0.0140873 -0.075004
Spot 2 -0.0108868 -0.0138372 -0.075004
Spot 1 -0.0125543 -0.0140873 -0.075004
Spot 2 -0.0108867 -0.0138373 -0.075004
20MABNDA000272_PR038
Spot 1 -0.0133292 0.0139575 -0.074179
Spot 2 -0.0115392 0.0139843 -0.074179
Spot 1 -0.0133292 0.0139575 -0.074179
Spot 2 -0.0115392 0.0139843 -0.074179
Spot 1 -0.0133292 0.0139575 -0.074179
Spot 2 -0.0115392 0.0139843 -0.074179
Spot 1 -0.0115392 0.0139843 -0.074179
Spot 2 -0.0133292 0.0139575 -0.074179
Spot 1 -0.0115392 0.0139843 -0.074179
Spot 2 -0.0133292 0.0139575 -0.074179
20MABNDA000003_PR039
Spot 1 -0.0118313 0.0139948 -0.073734
Spot 2 -0.0111819 0.0137632 -0.073734
Spot 1 -0.0118313 0.0139948 -0.073734
Spot 2 -0.0111819 0.0137632 -0.073734
Spot 1 -0.0118313 0.0139948 -0.073734
Spot 2 -0.0111819 0.0137632 -0.073734
Spot 1 -0.0118313 0.0139948 -0.073734
Spot 2 -0.0124317 0.0138663 -0.073734
Spot 1 -0.0118313 0.0139948 -0.073734
Spot 2 -0.0128412 0.0140374 -0.073734


*****************************************************************coordonnees du prisme dans le repere MOUNT********************************************************************************** 
20MABNDB000135_PR027
-0.0613805 0.00239963 2.74891
-0.0613805 0.00239963 2.74891
-0.0613805 0.00239963 2.74891
-0.0222256 -0.0376416 2.74926
-0.0642135 0.0112306 2.74879
-0.0410104 0.0206918 2.74903
20MABNDB000126_PR028
-0.0395204 0.0120805 2.14665
-0.039523 0.0120831 2.14665
-0.0395204 0.0120805 2.14665
-0.039524 0.012084 2.14665
-0.0395259 0.0120859 2.14665
20MABNDA000272_PR038
-0.0210633 -0.0188958 2.74946
-0.0210633 -0.0188958 2.74946
-0.0210633 -0.0188958 2.74946
-0.021063 -0.0188958 2.74946
-0.021063 -0.0188958 2.74946
20MABNDA000003_PR039
-0.0469255 -0.00886002 2.14872
-0.0469255 -0.00886002 2.14872
-0.0469255 -0.00886002 2.14872
-0.0290688 -0.0103365 2.14892
-0.0232159 -0.0127809 2.14893


*****************************************************************coordonnees du prisme dans le repere ATLAS********************************************************************************** 
20MABNDB000135_PR027 0
2.55998 -4.19752 -3.83613
2.55998 -4.19752 -3.83613
2.55998 -4.19752 -3.83613
2.59936 -4.19794 -3.79632
2.5571 -4.19756 -3.84495
2.58025 -4.19768 -3.85454
20MABNDB000126_PR028 0
2.58637 -4.19738 -5.94429
2.58637 -4.19738 -5.94429
2.58637 -4.19738 -5.94429
2.58637 -4.19738 -5.94429
2.58637 -4.19738 -5.94429
20MABNDA000272_PR038 0
-2.60348 -4.19718 -3.85738
-2.60348 -4.19718 -3.85738
-2.60348 -4.19718 -3.85738
-2.60348 -4.19718 -3.85738
-2.60348 -4.19718 -3.85738
20MABNDA000003_PR039 0
-2.5748 -4.19744 -5.94162
-2.5748 -4.19744 -5.94162
-2.5748 -4.19744 -5.94162
-2.59265 -4.19725 -5.9431
-2.5985 -4.19725 -5.94554


*****************************************************************Rapport********************************************************************************** 
CAM-EBC-US-IP_EBC-US-IP 2014.08.15.10.46.08 2.56944 -4.19762 -3.83404 0.0154537 0.000153264 0.0181457 0 VRAI 
CAM-EBC-US-HO_EBC-US-HO 2014.08.15.10.46.08 2.58637 -4.19738 -5.94429 2.11857e-06 0 2.01404e-06 0 VRAI 
CAM-EBC-USA-IP_EBC-USA-IP 2014.08.15.10.46.08 -2.60348 -4.19718 -3.85738 1.16801e-07 0 0 0 VRAI 
CAM-EBC-USA-HO_EBC-USA-HO 2014.08.15.10.46.08 -2.58311 -4.19737 -5.9427 0.0103483 9.75297e-05 0.00153273 0 VRAI 
