********** Fichier qui contient une sauvegarde des coordonnees images + coordonnees images transformees dans le repere BCAM (MOUNT) + coordonnees des prismes dans le repere MOUNT********** 
********************************************************************** Unite en metres (m)************************************************************************************************** 

*******************************************************************coordonnees images dans le repere CCD *********************************************************************************** 
20MABNDB000135_PR027
Spot 1   0.00187794   0.00081742
Spot 2   0.00209677   0.00082066
Spot 1   0.00187794   0.00081732
Spot 2   0.00209689   0.00082089
Spot 1   0.00187781   0.00081753
Spot 2   0.00209677   0.00082077
Spot 1   0.00187786   0.00081738
Spot 2   0.00209674   0.00082081
Spot 1   0.00187786   0.00081738
Spot 2   0.00209669   0.00082079
Spot 1   0.00187787   0.00081742
Spot 2   0.00209683   0.00082084
Spot 1   0.00187765   0.00081741
Spot 2   0.00209684   0.00082086
Spot 1   0.00187794   0.00081727
Spot 2   0.00209680   0.00082082
Spot 1   0.00187774   0.00081750
Spot 2   0.00209686   0.00082068
Spot 1   0.00187792   0.00081740
Spot 2   0.00209683   0.00082076
Spot 1   0.00187788   0.00081750
Spot 2   0.00209677   0.00082077
Spot 1   0.00187793   0.00081745
Spot 2   0.00209677   0.00082085
Spot 1   0.00187793   0.00081741
Spot 2   0.00209682   0.00082085
Spot 1   0.00187789   0.00081741
Spot 2   0.00209685   0.00082102
Spot 1   0.00187789   0.00081748
Spot 2   0.00209692   0.00082098
Spot 1   0.00187789   0.00081737
Spot 2   0.00209687   0.00082092
Spot 1   0.00187802   0.00081741
Spot 2   0.00209683   0.00082074
Spot 1   0.00187796   0.00081747
Spot 2   0.00209675   0.00082084
Spot 1   0.00187794   0.00081746
Spot 2   0.00209684   0.00082082
Spot 1   0.00187792   0.00081758
Spot 2   0.00209681   0.00082096
Spot 1   0.00187793   0.00081747
Spot 2   0.00209676   0.00082082
Spot 1   0.00187803   0.00081745
Spot 2   0.00209685   0.00082083
Spot 1   0.00187795   0.00081742
Spot 2   0.00209667   0.00082088
Spot 1   0.00187790   0.00081746
Spot 2   0.00209674   0.00082081
Spot 1   0.00187792   0.00081725
Spot 2   0.00209676   0.00082088
20MABNDB000126_PR028
Spot 1   0.00197011   0.00187769
Spot 2   0.00168702   0.00187662
Spot 1   0.00197012   0.00187768
Spot 2   0.00168718   0.00187662
Spot 1   0.00197003   0.00187772
Spot 2   0.00168723   0.00187655
Spot 1   0.00197011   0.00187768
Spot 2   0.00168725   0.00187665
Spot 1   0.00197004   0.00187767
Spot 2   0.00168710   0.00187680
Spot 1   0.00197016   0.00187767
Spot 2   0.00168712   0.00187671
Spot 1   0.00197009   0.00187770
Spot 2   0.00168723   0.00187663
Spot 1   0.00197007   0.00187774
Spot 2   0.00168719   0.00187658
Spot 1   0.00197012   0.00187778
Spot 2   0.00168711   0.00187665
Spot 1   0.00197004   0.00187773
Spot 2   0.00168708   0.00187658
Spot 1   0.00196999   0.00187770
Spot 2   0.00168711   0.00187669
Spot 1   0.00197002   0.00187782
Spot 2   0.00168701   0.00187686
Spot 1   0.00197004   0.00187777
Spot 2   0.00168726   0.00187672
Spot 1   0.00197004   0.00187772
Spot 2   0.00168726   0.00187674
Spot 1   0.00197010   0.00187771
Spot 2   0.00168709   0.00187675
Spot 1   0.00197009   0.00187774
Spot 2   0.00168720   0.00187670
Spot 1   0.00197008   0.00187778
Spot 2   0.00168718   0.00187680
Spot 1   0.00197002   0.00187782
Spot 2   0.00168718   0.00187669
Spot 1   0.00197009   0.00187774
Spot 2   0.00168715   0.00187665
Spot 1   0.00197005   0.00187774
Spot 2   0.00168698   0.00187676
Spot 1   0.00197005   0.00187780
Spot 2   0.00168709   0.00187675
Spot 1   0.00197017   0.00187769
Spot 2   0.00168700   0.00187677
Spot 1   0.00197001   0.00187769
Spot 2   0.00168711   0.00187685
Spot 1   0.00197003   0.00187778
Spot 2   0.00168707   0.00187676
20MABNDA000272_PR038
Spot 1   0.00190890   0.00097382
Spot 2   0.00168333   0.00097217
Spot 1   0.00190894   0.00097392
Spot 2   0.00168319   0.00097225
Spot 1   0.00190907   0.00097383
Spot 2   0.00168319   0.00097232
Spot 1   0.00190881   0.00097409
Spot 2   0.00168335   0.00097227
Spot 1   0.00190896   0.00097378
Spot 2   0.00168327   0.00097234
Spot 1   0.00190881   0.00097383
Spot 2   0.00168339   0.00097208
Spot 1   0.00190903   0.00097384
Spot 2   0.00168348   0.00097232
Spot 1   0.00190890   0.00097379
Spot 2   0.00168337   0.00097241
Spot 1   0.00190881   0.00097396
Spot 2   0.00168331   0.00097243
Spot 1   0.00190886   0.00097399
Spot 2   0.00168353   0.00097228
Spot 1   0.00190888   0.00097394
Spot 2   0.00168325   0.00097237
Spot 1   0.00190882   0.00097393
Spot 2   0.00168313   0.00097234
Spot 1   0.00190892   0.00097377
Spot 2   0.00168350   0.00097244
Spot 1   0.00190894   0.00097400
Spot 2   0.00168330   0.00097233
Spot 1   0.00190904   0.00097383
Spot 2   0.00168309   0.00097250
Spot 1   0.00190876   0.00097369
Spot 2   0.00168313   0.00097239
Spot 1   0.00190888   0.00097397
Spot 2   0.00168335   0.00097241
Spot 1   0.00190878   0.00097400
Spot 2   0.00168331   0.00097235
Spot 1   0.00190887   0.00097404
Spot 2   0.00168337   0.00097241
Spot 1   0.00190919   0.00097368
Spot 2   0.00168327   0.00097241
Spot 1   0.00190898   0.00097381
Spot 2   0.00168338   0.00097228
Spot 1   0.00190896   0.00097385
Spot 2   0.00168326   0.00097232
Spot 1   0.00190882   0.00097399
Spot 2   0.00168322   0.00097233
Spot 1   0.00190888   0.00097385
Spot 2   0.00168339   0.00097245
20MABNDA000003_PR039
Spot 1   0.00231940   0.00194806
Spot 2   0.00204194   0.00194835
Spot 1   0.00231940   0.00194790
Spot 2   0.00204201   0.00194832
Spot 1   0.00231950   0.00194767
Spot 2   0.00204197   0.00194835
Spot 1   0.00231936   0.00194781
Spot 2   0.00204192   0.00194831
Spot 1   0.00231930   0.00194795
Spot 2   0.00204198   0.00194833
Spot 1   0.00231943   0.00194795
Spot 2   0.00204202   0.00194833
Spot 1   0.00231938   0.00194790
Spot 2   0.00204202   0.00194833
Spot 1   0.00231944   0.00194799
Spot 2   0.00204198   0.00194835
Spot 1   0.00231933   0.00194798
Spot 2   0.00204191   0.00194838
Spot 1   0.00231947   0.00194772
Spot 2   0.00204189   0.00194837
Spot 1   0.00231939   0.00194802
Spot 2   0.00204204   0.00194837
Spot 1   0.00231940   0.00194799
Spot 2   0.00204196   0.00194835
Spot 1   0.00231938   0.00194790
Spot 2   0.00204202   0.00194831
Spot 1   0.00231938   0.00194809
Spot 2   0.00204193   0.00194837
Spot 1   0.00231934   0.00194793
Spot 2   0.00204203   0.00194834
Spot 1   0.00231939   0.00194810
Spot 2   0.00204194   0.00194845
Spot 1   0.00231933   0.00194801
Spot 2   0.00204204   0.00194837
Spot 1   0.00231943   0.00194791
Spot 2   0.00204194   0.00194833
Spot 1   0.00231941   0.00194801
Spot 2   0.00204203   0.00194843
Spot 1   0.00231953   0.00194764
Spot 2   0.00204206   0.00194840
Spot 1   0.00231933   0.00194815
Spot 2   0.00204207   0.00194845
Spot 1   0.00231945   0.00194791
Spot 2   0.00204199   0.00194846
Spot 1   0.00231938   0.00194790
Spot 2   0.00204201   0.00194832
Spot 1   0.00231939   0.00194795
Spot 2   0.00204199   0.00194839


****************************************************************coordonnees images transformees dans le repere MOUNT************************************************************************* 
20MABNDB000135_PR027
Spot 1  -0.01252783  -0.01329545  -0.07464699
Spot 2  -0.01230898  -0.01329465  -0.07464699
Spot 1  -0.01252783  -0.01329555  -0.07464699
Spot 2  -0.01230885  -0.01329442  -0.07464699
Spot 1  -0.01252796  -0.01329534  -0.07464699
Spot 2  -0.01230897  -0.01329454  -0.07464699
Spot 1  -0.01252791  -0.01329549  -0.07464699
Spot 2  -0.01230900  -0.01329450  -0.07464699
Spot 1  -0.01252791  -0.01329549  -0.07464699
Spot 2  -0.01230905  -0.01329451  -0.07464699
Spot 1  -0.01252790  -0.01329545  -0.07464699
Spot 2  -0.01230891  -0.01329447  -0.07464699
Spot 1  -0.01252812  -0.01329545  -0.07464699
Spot 2  -0.01230890  -0.01329445  -0.07464699
Spot 1  -0.01252783  -0.01329560  -0.07464699
Spot 2  -0.01230894  -0.01329449  -0.07464699
Spot 1  -0.01252803  -0.01329537  -0.07464699
Spot 2  -0.01230889  -0.01329463  -0.07464699
Spot 1  -0.01252785  -0.01329547  -0.07464699
Spot 2  -0.01230892  -0.01329455  -0.07464699
Spot 1  -0.01252789  -0.01329537  -0.07464699
Spot 2  -0.01230897  -0.01329454  -0.07464699
Spot 1  -0.01252784  -0.01329542  -0.07464699
Spot 2  -0.01230897  -0.01329446  -0.07464699
Spot 1  -0.01252784  -0.01329546  -0.07464699
Spot 2  -0.01230892  -0.01329446  -0.07464699
Spot 1  -0.01252788  -0.01329546  -0.07464699
Spot 2  -0.01230889  -0.01329429  -0.07464699
Spot 1  -0.01252788  -0.01329539  -0.07464699
Spot 2  -0.01230882  -0.01329433  -0.07464699
Spot 1  -0.01252788  -0.01329550  -0.07464699
Spot 2  -0.01230887  -0.01329439  -0.07464699
Spot 1  -0.01252775  -0.01329546  -0.07464699
Spot 2  -0.01230892  -0.01329457  -0.07464699
Spot 1  -0.01252781  -0.01329540  -0.07464699
Spot 2  -0.01230899  -0.01329447  -0.07464699
Spot 1  -0.01252783  -0.01329541  -0.07464699
Spot 2  -0.01230890  -0.01329449  -0.07464699
Spot 1  -0.01252785  -0.01329529  -0.07464699
Spot 2  -0.01230893  -0.01329435  -0.07464699
Spot 1  -0.01252784  -0.01329540  -0.07464699
Spot 2  -0.01230898  -0.01329449  -0.07464699
Spot 1  -0.01252774  -0.01329542  -0.07464699
Spot 2  -0.01230889  -0.01329448  -0.07464699
Spot 1  -0.01252782  -0.01329545  -0.07464699
Spot 2  -0.01230907  -0.01329442  -0.07464699
Spot 1  -0.01252787  -0.01329541  -0.07464699
Spot 2  -0.01230900  -0.01329450  -0.07464699
Spot 1  -0.01252785  -0.01329562  -0.07464699
Spot 2  -0.01230898  -0.01329443  -0.07464699
20MABNDB000126_PR028
Spot 1  -0.01220873  -0.01230274  -0.07500400
Spot 2  -0.01249181  -0.01230532  -0.07500400
Spot 1  -0.01220872  -0.01230275  -0.07500400
Spot 2  -0.01249165  -0.01230532  -0.07500400
Spot 1  -0.01220881  -0.01230271  -0.07500400
Spot 2  -0.01249160  -0.01230539  -0.07500400
Spot 1  -0.01220873  -0.01230275  -0.07500400
Spot 2  -0.01249158  -0.01230529  -0.07500400
Spot 1  -0.01220880  -0.01230276  -0.07500400
Spot 2  -0.01249173  -0.01230514  -0.07500400
Spot 1  -0.01220868  -0.01230276  -0.07500400
Spot 2  -0.01249171  -0.01230523  -0.07500400
Spot 1  -0.01220875  -0.01230273  -0.07500400
Spot 2  -0.01249160  -0.01230531  -0.07500400
Spot 1  -0.01220877  -0.01230269  -0.07500400
Spot 2  -0.01249164  -0.01230536  -0.07500400
Spot 1  -0.01220872  -0.01230265  -0.07500400
Spot 2  -0.01249172  -0.01230529  -0.07500400
Spot 1  -0.01220880  -0.01230270  -0.07500400
Spot 2  -0.01249175  -0.01230536  -0.07500400
Spot 1  -0.01220885  -0.01230273  -0.07500400
Spot 2  -0.01249172  -0.01230525  -0.07500400
Spot 1  -0.01220882  -0.01230261  -0.07500400
Spot 2  -0.01249182  -0.01230508  -0.07500400
Spot 1  -0.01220880  -0.01230266  -0.07500400
Spot 2  -0.01249157  -0.01230522  -0.07500400
Spot 1  -0.01220880  -0.01230271  -0.07500400
Spot 2  -0.01249157  -0.01230520  -0.07500400
Spot 1  -0.01220874  -0.01230272  -0.07500400
Spot 2  -0.01249174  -0.01230519  -0.07500400
Spot 1  -0.01220875  -0.01230269  -0.07500400
Spot 2  -0.01249163  -0.01230524  -0.07500400
Spot 1  -0.01220876  -0.01230265  -0.07500400
Spot 2  -0.01249165  -0.01230514  -0.07500400
Spot 1  -0.01220882  -0.01230261  -0.07500400
Spot 2  -0.01249165  -0.01230525  -0.07500400
Spot 1  -0.01220875  -0.01230269  -0.07500400
Spot 2  -0.01249168  -0.01230529  -0.07500400
Spot 1  -0.01220879  -0.01230269  -0.07500400
Spot 2  -0.01249185  -0.01230518  -0.07500400
Spot 1  -0.01220879  -0.01230263  -0.07500400
Spot 2  -0.01249174  -0.01230519  -0.07500400
Spot 1  -0.01220867  -0.01230274  -0.07500400
Spot 2  -0.01249183  -0.01230517  -0.07500400
Spot 1  -0.01220883  -0.01230274  -0.07500400
Spot 2  -0.01249172  -0.01230509  -0.07500400
Spot 1  -0.01220881  -0.01230265  -0.07500400
Spot 2  -0.01249176  -0.01230518  -0.07500400
20MABNDA000272_PR038
Spot 1  -0.01274459   0.01313762  -0.07417900
Spot 2  -0.01251902   0.01313887  -0.07417900
Spot 1  -0.01274463   0.01313752  -0.07417900
Spot 2  -0.01251888   0.01313879  -0.07417900
Spot 1  -0.01274476   0.01313761  -0.07417900
Spot 2  -0.01251888   0.01313872  -0.07417900
Spot 1  -0.01274450   0.01313735  -0.07417900
Spot 2  -0.01251904   0.01313877  -0.07417900
Spot 1  -0.01274465   0.01313766  -0.07417900
Spot 2  -0.01251896   0.01313870  -0.07417900
Spot 1  -0.01274450   0.01313761  -0.07417900
Spot 2  -0.01251908   0.01313896  -0.07417900
Spot 1  -0.01274472   0.01313760  -0.07417900
Spot 2  -0.01251917   0.01313872  -0.07417900
Spot 1  -0.01274459   0.01313765  -0.07417900
Spot 2  -0.01251906   0.01313863  -0.07417900
Spot 1  -0.01274450   0.01313748  -0.07417900
Spot 2  -0.01251900   0.01313861  -0.07417900
Spot 1  -0.01274455   0.01313745  -0.07417900
Spot 2  -0.01251922   0.01313876  -0.07417900
Spot 1  -0.01274457   0.01313750  -0.07417900
Spot 2  -0.01251894   0.01313867  -0.07417900
Spot 1  -0.01274451   0.01313751  -0.07417900
Spot 2  -0.01251882   0.01313870  -0.07417900
Spot 1  -0.01274461   0.01313767  -0.07417900
Spot 2  -0.01251919   0.01313860  -0.07417900
Spot 1  -0.01274463   0.01313744  -0.07417900
Spot 2  -0.01251899   0.01313871  -0.07417900
Spot 1  -0.01274473   0.01313761  -0.07417900
Spot 2  -0.01251878   0.01313854  -0.07417900
Spot 1  -0.01274445   0.01313775  -0.07417900
Spot 2  -0.01251882   0.01313865  -0.07417900
Spot 1  -0.01274457   0.01313747  -0.07417900
Spot 2  -0.01251904   0.01313863  -0.07417900
Spot 1  -0.01274447   0.01313744  -0.07417900
Spot 2  -0.01251900   0.01313869  -0.07417900
Spot 1  -0.01274456   0.01313740  -0.07417900
Spot 2  -0.01251906   0.01313863  -0.07417900
Spot 1  -0.01274488   0.01313776  -0.07417900
Spot 2  -0.01251896   0.01313863  -0.07417900
Spot 1  -0.01274467   0.01313763  -0.07417900
Spot 2  -0.01251907   0.01313876  -0.07417900
Spot 1  -0.01274465   0.01313759  -0.07417900
Spot 2  -0.01251895   0.01313872  -0.07417900
Spot 1  -0.01274451   0.01313745  -0.07417900
Spot 2  -0.01251891   0.01313871  -0.07417900
Spot 1  -0.01274457   0.01313759  -0.07417900
Spot 2  -0.01251908   0.01313859  -0.07417900
20MABNDA000003_PR039
Spot 1  -0.01312054   0.01210502  -0.07373400
Spot 2  -0.01284308   0.01210402  -0.07373400
Spot 1  -0.01312054   0.01210518  -0.07373400
Spot 2  -0.01284315   0.01210405  -0.07373400
Spot 1  -0.01312064   0.01210541  -0.07373400
Spot 2  -0.01284311   0.01210402  -0.07373400
Spot 1  -0.01312050   0.01210526  -0.07373400
Spot 2  -0.01284306   0.01210406  -0.07373400
Spot 1  -0.01312044   0.01210513  -0.07373400
Spot 2  -0.01284312   0.01210404  -0.07373400
Spot 1  -0.01312057   0.01210513  -0.07373400
Spot 2  -0.01284316   0.01210404  -0.07373400
Spot 1  -0.01312052   0.01210518  -0.07373400
Spot 2  -0.01284316   0.01210404  -0.07373400
Spot 1  -0.01312058   0.01210508  -0.07373400
Spot 2  -0.01284312   0.01210402  -0.07373400
Spot 1  -0.01312047   0.01210510  -0.07373400
Spot 2  -0.01284305   0.01210399  -0.07373400
Spot 1  -0.01312061   0.01210536  -0.07373400
Spot 2  -0.01284303   0.01210400  -0.07373400
Spot 1  -0.01312053   0.01210506  -0.07373400
Spot 2  -0.01284318   0.01210400  -0.07373400
Spot 1  -0.01312054   0.01210508  -0.07373400
Spot 2  -0.01284310   0.01210402  -0.07373400
Spot 1  -0.01312052   0.01210518  -0.07373400
Spot 2  -0.01284316   0.01210406  -0.07373400
Spot 1  -0.01312052   0.01210499  -0.07373400
Spot 2  -0.01284307   0.01210400  -0.07373400
Spot 1  -0.01312048   0.01210514  -0.07373400
Spot 2  -0.01284317   0.01210403  -0.07373400
Spot 1  -0.01312053   0.01210498  -0.07373400
Spot 2  -0.01284308   0.01210392  -0.07373400
Spot 1  -0.01312047   0.01210506  -0.07373400
Spot 2  -0.01284318   0.01210400  -0.07373400
Spot 1  -0.01312057   0.01210517  -0.07373400
Spot 2  -0.01284308   0.01210404  -0.07373400
Spot 1  -0.01312055   0.01210507  -0.07373400
Spot 2  -0.01284317   0.01210394  -0.07373400
Spot 1  -0.01312067   0.01210544  -0.07373400
Spot 2  -0.01284320   0.01210397  -0.07373400
Spot 1  -0.01312047   0.01210492  -0.07373400
Spot 2  -0.01284321   0.01210392  -0.07373400
Spot 1  -0.01312059   0.01210517  -0.07373400
Spot 2  -0.01284313   0.01210391  -0.07373400
Spot 1  -0.01312052   0.01210518  -0.07373400
Spot 2  -0.01284315   0.01210405  -0.07373400
Spot 1  -0.01312053   0.01210513  -0.07373400
Spot 2  -0.01284313   0.01210398  -0.07373400


*****************************************************************coordonnees du prisme dans le repere MOUNT********************************************************************************** 
20MABNDB000135_PR027
 -0.02049604  -0.00626980   2.74936604
 -0.02049828  -0.00627214   2.74936604
 -0.02049372  -0.00627385   2.74936604
 -0.02049406  -0.00627183   2.74936604
 -0.02049314  -0.00627149   2.74936604
 -0.02049590  -0.00627311   2.74936604
 -0.02049206  -0.00627333   2.74936604
 -0.02049662  -0.00626997   2.74936604
 -0.02049406  -0.00627164   2.74936604
 -0.02049681  -0.00627127   2.74936604
 -0.02049500  -0.00627328   2.74936604
 -0.02049592  -0.00627383   2.74936604
 -0.02049681  -0.00627308   2.74936604
 -0.02049669  -0.00627622   2.74936604
 -0.02049795  -0.00627675   2.74936604
 -0.02049701  -0.00627364   2.74936604
 -0.02049864  -0.00627105   2.74936604
 -0.02049609  -0.00627400   2.74936604
 -0.02049737  -0.00627345   2.74936604
 -0.02049652  -0.00627824   2.74936604
 -0.02049573  -0.00627366   2.74936604
 -0.02049920  -0.00627344   2.74936604
 -0.02049445  -0.00627385   2.74936604
 -0.02049481  -0.00627328   2.74936604
 -0.02049551  -0.00627072   2.74936604
20MABNDB000126_PR028
 -0.02157573  -0.03518325   2.14683247
 -0.02157816  -0.03518311   2.14683247
 -0.02157759  -0.03518269   2.14683247
 -0.02157903  -0.03518355   2.14683247
 -0.02157587  -0.03518553   2.14683247
 -0.02157787  -0.03518425   2.14683247
 -0.02157845  -0.03518355   2.14683247
 -0.02157759  -0.03518339   2.14683247
 -0.02157717  -0.03518497   2.14683247
 -0.02157560  -0.03518324   2.14683247
 -0.02157532  -0.03518439   2.14683247
 -0.02157429  -0.03518851   2.14683247
 -0.02157816  -0.03518582   2.14683247
 -0.02157815  -0.03518540   2.14683247
 -0.02157660  -0.03518538   2.14683247
 -0.02157802  -0.03518511   2.14683247
 -0.02157758  -0.03518710   2.14683247
 -0.02157673  -0.03518610   2.14683247
 -0.02157731  -0.03518439   2.14683247
 -0.02157431  -0.03518594   2.14683247
 -0.02157587  -0.03518667   2.14683247
 -0.02157630  -0.03518538   2.14683247
 -0.02157559  -0.03518653   2.14683247
 -0.02157529  -0.03518653   2.14683247
20MABNDA000272_PR038
 -0.01382281   0.01161580   2.74965906
 -0.01382463   0.01161910   2.74965906
 -0.01382226   0.01161872   2.74965906
 -0.01382411   0.01162258   2.74965906
 -0.01382281   0.01161817   2.74965906
 -0.01382337   0.01161433   2.74965906
 -0.01381769   0.01161889   2.74965906
 -0.01382209   0.01161962   2.74965906
 -0.01382482   0.01162312   2.74965906
 -0.01381987   0.01162091   2.74965906
 -0.01382465   0.01162167   2.74965906
 -0.01382795   0.01162094   2.74965906
 -0.01381933   0.01161981   2.74965906
 -0.01382262   0.01162201   2.74965906
 -0.01382463   0.01162201   2.74965906
 -0.01382905   0.01161744   2.74965906
 -0.01382281   0.01162294   2.74965906
 -0.01382537   0.01162239   2.74965906
 -0.01382262   0.01162422   2.74965906
 -0.01381859   0.01161761   2.74965906
 -0.01382044   0.01161763   2.74965906
 -0.01382300   0.01161910   2.74965906
 -0.01382629   0.01162184   2.74965906
 -0.01382207   0.01162147   2.74965906
20MABNDA000003_PR039
 -0.00476598   0.04185428   2.14890337
 -0.00476499   0.04185157   2.14890361
 -0.00476414   0.04184871   2.14890361
 -0.00476686   0.04185015   2.14890361
 -0.00476684   0.04185244   2.14890361
 -0.00476442   0.04185242   2.14890361
 -0.00476513   0.04185170   2.14890361
 -0.00476485   0.04185329   2.14890361
 -0.00476742   0.04185357   2.14890361
 -0.00476571   0.04184972   2.14890361
 -0.00476470   0.04185399   2.14890337
 -0.00476571   0.04185329   2.14890361
 -0.00476513   0.04185142   2.14890361
 -0.00476642   0.04185500   2.14890337
 -0.00476557   0.04185229   2.14890361
 -0.00476613   0.04185628   2.14890337
 -0.00476557   0.04185386   2.14890337
 -0.00476557   0.04185186   2.14890361
 -0.00476456   0.04185471   2.14890337
 -0.00476243   0.04184899   2.14890361
 -0.00476511   0.04185700   2.14890337
 -0.00476456   0.04185371   2.14890337
 -0.00476527   0.04185157   2.14890361
 -0.00476542   0.04185329   2.14890361


*****************************************************************coordonnees du prisme dans le repere ATLAS********************************************************************************** 
20MABNDB000135_PR027 0.00000000
  2.60091519  -4.19776726  -3.82769752
  2.60091305  -4.19776678  -3.82769513
  2.60091758  -4.19776726  -3.82769346
  2.60091734  -4.19776726  -3.82769537
  2.60091829  -4.19776726  -3.82769585
  2.60091543  -4.19776726  -3.82769418
  2.60091925  -4.19776726  -3.82769394
  2.60091472  -4.19776726  -3.82769728
  2.60091734  -4.19776726  -3.82769561
  2.60091448  -4.19776726  -3.82769585
  2.60091639  -4.19776726  -3.82769394
  2.60091543  -4.19776726  -3.82769346
  2.60091448  -4.19776726  -3.82769418
  2.60091472  -4.19776726  -3.82769108
  2.60091352  -4.19776726  -3.82769036
  2.60091424  -4.19776726  -3.82769346
  2.60091281  -4.19776678  -3.82769608
  2.60091519  -4.19776726  -3.82769322
  2.60091400  -4.19776726  -3.82769370
  2.60091496  -4.19776726  -3.82768893
  2.60091567  -4.19776726  -3.82769346
  2.60091209  -4.19776678  -3.82769370
  2.60091686  -4.19776726  -3.82769346
  2.60091662  -4.19776726  -3.82769394
  2.60091591  -4.19776726  -3.82769656
20MABNDB000126_PR028 0.00000000
  2.60433936  -4.19699955  -5.89703321
  2.60433698  -4.19699955  -5.89703321
  2.60433745  -4.19699955  -5.89703369
  2.60433602  -4.19699955  -5.89703321
  2.60433912  -4.19699955  -5.89703083
  2.60433722  -4.19699955  -5.89703226
  2.60433674  -4.19699955  -5.89703321
  2.60433745  -4.19699955  -5.89703321
  2.60433793  -4.19699955  -5.89703178
  2.60433960  -4.19699955  -5.89703321
  2.60433984  -4.19699955  -5.89703226
  2.60434079  -4.19699955  -5.89702797
  2.60433698  -4.19699955  -5.89703083
  2.60433698  -4.19699955  -5.89703131
  2.60433841  -4.19699955  -5.89703131
  2.60433698  -4.19699955  -5.89703131
  2.60433745  -4.19699955  -5.89702940
  2.60433841  -4.19699955  -5.89703035
  2.60433769  -4.19699955  -5.89703226
  2.60434079  -4.19699955  -5.89703083
  2.60433912  -4.19699955  -5.89702988
  2.60433888  -4.19699955  -5.89703131
  2.60433960  -4.19699955  -5.89702988
  2.60433984  -4.19699955  -5.89702988
20MABNDA000272_PR038 0.00000000
 -2.61071038  -4.19698238  -3.82686996
 -2.61070871  -4.19698238  -3.82686663
 -2.61071110  -4.19698238  -3.82686710
 -2.61070919  -4.19698238  -3.82686329
 -2.61071038  -4.19698238  -3.82686758
 -2.61070991  -4.19698238  -3.82687140
 -2.61071563  -4.19698238  -3.82686687
 -2.61071110  -4.19698238  -3.82686615
 -2.61070848  -4.19698238  -3.82686257
 -2.61071348  -4.19698238  -3.82686496
 -2.61070871  -4.19698238  -3.82686400
 -2.61070538  -4.19698238  -3.82686472
 -2.61071396  -4.19698238  -3.82686591
 -2.61071062  -4.19698238  -3.82686377
 -2.61070871  -4.19698238  -3.82686377
 -2.61070418  -4.19698238  -3.82686830
 -2.61071038  -4.19698238  -3.82686281
 -2.61070800  -4.19698238  -3.82686329
 -2.61071062  -4.19698238  -3.82686162
 -2.61071467  -4.19698238  -3.82686806
 -2.61071277  -4.19698238  -3.82686806
 -2.61071038  -4.19698238  -3.82686663
 -2.61070704  -4.19698238  -3.82686400
 -2.61071134  -4.19698238  -3.82686424
20MABNDA000003_PR039 0.00000000
 -2.61696005  -4.19703054  -5.89091158
 -2.61696100  -4.19703054  -5.89091396
 -2.61696172  -4.19703054  -5.89091682
 -2.61695910  -4.19703054  -5.89091539
 -2.61695910  -4.19703054  -5.89091349
 -2.61696148  -4.19703054  -5.89091349
 -2.61696076  -4.19703054  -5.89091396
 -2.61696100  -4.19703054  -5.89091253
 -2.61695862  -4.19703054  -5.89091206
 -2.61696029  -4.19703054  -5.89091587
 -2.61696124  -4.19703054  -5.89091158
 -2.61696029  -4.19703054  -5.89091253
 -2.61696076  -4.19703054  -5.89091444
 -2.61695957  -4.19703054  -5.89091063
 -2.61696029  -4.19703054  -5.89091349
 -2.61695981  -4.19703054  -5.89090967
 -2.61696029  -4.19703054  -5.89091206
 -2.61696029  -4.19703054  -5.89091396
 -2.61696148  -4.19703054  -5.89091110
 -2.61696362  -4.19703054  -5.89091682
 -2.61696076  -4.19703054  -5.89090872
 -2.61696148  -4.19703054  -5.89091206
 -2.61696076  -4.19703054  -5.89091396
 -2.61696053  -4.19703054  -5.89091253


*****************************************************************Rapport********************************************************************************** 
CAM-EBC-US-IP_EBC-US-IP     2014.08.28.19.19.20   2.60091542  -4.19776720  -3.82769415   0.00000171   0.00000015   0.00000196 0.00000000 VRAI 
CAM-EBC-US-HO_EBC-US-HO     2014.08.28.19.19.20   2.60433832  -4.19699955  -5.89703153   0.00000132   0.00000000   0.00000147 0.00000000 VRAI 
CAM-EBC-USA-IP_EBC-USA-IP   2014.08.28.19.19.20  -2.61071021  -4.19698238  -3.82686565   0.00000266   0.00000000   0.00000242 0.00000000 VRAI 
CAM-EBC-USA-HO_EBC-USA-HO   2014.08.28.19.19.20  -2.61696060  -4.19703054  -5.89091303   0.00000101   0.00000000   0.00000200 0.00000000 VRAI 
