********** Fichier qui contient une sauvegarde des coordonnees images + coordonnees images transformees dans le repere BCAM (MOUNT) + coordonnees des prismes dans le repere MOUNT********** 
********************************************************************** Unite en metres (m)************************************************************************************************** 

*******************************************************************coordonnees images dans le repere CCD *********************************************************************************** 
20MABNDL000077_PR002
Spot 1 0.00108563 6.815e-05
Spot 2 0.00141097 0.00013832
Spot 1 0.00108552 6.896e-05
Spot 2 0.00141114 0.00013921
Spot 1 0.00108377 6.78e-05
Spot 2 0.00141154 0.00013549
Spot 1 0.00108497 6.779e-05
Spot 2 0.00141118 0.00013817
Spot 1 0.00108418 6.711e-05
Spot 2 0.00141147 0.00013759
20MABNDL000077_PR003
Spot 1 0.00188046 9.24e-05
Spot 2 0.00159909 5.477e-05
Spot 1 0.00186616 8.982e-05
Spot 2 0.0015979 5.454e-05
Spot 1 0.00195218 9.081e-05
Spot 2 0.0016002 5.413e-05
Spot 1 0.00188059 9.22e-05
Spot 2 0.00159796 5.421e-05
Spot 1 0.00180992 8.044e-05
Spot 2 0.00159891 5.381e-05
20MABNDL000077_PR024
Spot 1 0.00234982 0.00183459
Spot 2 0.00192889 0.00191111
Spot 1 0.00234985 0.00183401
Spot 2 0.00192853 0.00191088
Spot 1 0.00234981 0.00183372
Spot 2 0.00192813 0.00191125
Spot 1 0.00234694 0.00166825
Spot 2 -1e-06 -1e-06
20MABNDL000077_20MABNDM000168
Spot 1 0.0018685 0.00155324
Spot 2 0.00194861 0.00124015
Spot 1 0.00186841 0.00155064
Spot 2 0.00194907 0.00123969
Spot 1 0.0018684 0.00155022
Spot 2 0.00194931 0.00123986
Spot 1 0.00186873 0.00160988
Spot 2 0.00186243 0.00123971
20MABNDM000020_PR013
Spot 1 0.00237306 0.00016348
Spot 2 0.00276897 7.179e-05
Spot 1 0.00238243 0.00015957
Spot 2 0.00260153 3.216e-05
Spot 1 0.00234254 0.00016713
Spot 2 0.00213248 8.597e-05
Spot 1 0.00236615 0.0001595
Spot 2 0.00276981 7.171e-05
20MABNDM000020_PR014
Spot 1 0.00260273 3.22e-05
Spot 2 0.00269567 5.083e-05
Spot 1 0.0026868 4.758e-05
Spot 2 0.00214635 3.851e-05
Spot 1 0.00260534 3.27e-05
Spot 2 0.00269597 5.056e-05
Spot 1 0.00260416 3.353e-05
Spot 2 0.00269472 5.077e-05
20MABNDM000020_PR035
Spot 1 0.00154597 0.00111663
Spot 2 0.000945 0.001745
Spot 1 0.00154582 0.00111198
Spot 2 0.000945 0.001745
Spot 1 0.00154574 0.00110877
Spot 2 0.000945 0.001745
Spot 1 0.00154563 0.00110762
Spot 2 0.000945 0.001745
20MABNDM000020_20MABNDL000196
Spot 1 0.00200489 0.00107763
Spot 2 0.00215285 0.00054562
Spot 1 0.0020049 0.00107908
Spot 2 0.00215328 0.00054547
Spot 1 0.00200491 0.00108016
Spot 2 0.00215294 0.00054516
Spot 1 0.0020049 0.00108097
Spot 2 0.00215294 0.00054532


****************************************************************coordonnees images transformees dans le repere MOUNT************************************************************************* 
20MABNDL000077_PR002
Spot 1 0.0121422 0.0341409 -0.074632
Spot 2 0.0124682 0.0342079 -0.074632
Spot 1 0.0121421 0.0341417 -0.074632
Spot 2 0.0124683 0.0342088 -0.074632
Spot 1 0.0121403 0.0341406 -0.074632
Spot 2 0.0124687 0.0342051 -0.074632
Spot 1 0.0121415 0.0341405 -0.074632
Spot 2 0.0124684 0.0342078 -0.074632
Spot 1 0.0121407 0.0341399 -0.074632
Spot 2 0.0124687 0.0342072 -0.074632
20MABNDL000077_PR003
Spot 1 0.0129372 0.0341575 -0.074632
Spot 2 0.0126555 0.0341226 -0.074632
Spot 1 0.0129229 0.034155 -0.074632
Spot 2 0.0126543 0.0341223 -0.074632
Spot 1 0.0130089 0.0341552 -0.074632
Spot 2 0.0126566 0.0341219 -0.074632
Spot 1 0.0129373 0.0341573 -0.074632
Spot 2 0.0126543 0.034122 -0.074632
Spot 1 0.0128665 0.0341462 -0.074632
Spot 2 0.0126553 0.0341216 -0.074632
20MABNDL000077_PR024
Spot 1 -0.0131916 0.0358915 -0.006954
Spot 2 -0.0127715 0.0359723 -0.006954
Spot 1 -0.0131916 0.0358909 -0.006954
Spot 2 -0.0127711 0.0359721 -0.006954
Spot 1 -0.0131916 0.0358906 -0.006954
Spot 2 -0.0127707 0.0359724 -0.006954
Spot 1 -0.013187 0.0357252 -0.006954
Spot 2 -0.0108221 0.03408 -0.006954
20MABNDL000077_20MABNDM000168
Spot 1 -0.0127074 0.0356151 -0.006954
Spot 2 -0.0127843 0.0353012 -0.006954
Spot 1 -0.0127073 0.0356125 -0.006954
Spot 2 -0.0127848 0.0353007 -0.006954
Spot 1 -0.0127073 0.035612 -0.006954
Spot 2 -0.012785 0.0353009 -0.006954
Spot 1 -0.0127082 0.0356717 -0.006954
Spot 2 -0.0126981 0.0353016 -0.006954
20MABNDM000020_PR013
Spot 1 -0.0120162 -0.034106 -0.005235
Spot 2 -0.0116224 -0.0340056 -0.005235
Spot 1 -0.0120069 -0.0341019 -0.005235
Spot 2 -0.0117907 -0.0339697 -0.005235
Spot 1 -0.0120466 -0.0341103 -0.005235
Spot 2 -0.0122584 -0.0340338 -0.005235
Spot 1 -0.0120232 -0.0341022 -0.005235
Spot 2 -0.0116216 -0.0340055 -0.005235
20MABNDM000020_PR014
Spot 1 -0.0117895 -0.0339697 -0.005235
Spot 2 -0.0116962 -0.0339862 -0.005235
Spot 1 -0.0117051 -0.0339832 -0.005235
Spot 2 -0.0122456 -0.0339861 -0.005235
Spot 1 -0.0117869 -0.0339701 -0.005235
Spot 2 -0.0116959 -0.033986 -0.005235
Spot 1 -0.011788 -0.033971 -0.005235
Spot 2 -0.0116971 -0.0339862 -0.005235
20MABNDM000020_PR035
Spot 1 0.0131403 -0.0350851 -0.075838
Spot 2 0.0137414 -0.0357134 -0.075838
Spot 1 0.0131404 -0.0350805 -0.075838
Spot 2 0.0137414 -0.0357134 -0.075838
Spot 1 0.0131405 -0.0350773 -0.075838
Spot 2 0.0137414 -0.0357134 -0.075838
Spot 1 0.0131406 -0.0350761 -0.075838
Spot 2 0.0137414 -0.0357134 -0.075838
20MABNDM000020_20MABNDL000196
Spot 1 0.0126814 -0.0350462 -0.075838
Spot 2 0.0125333 -0.0345142 -0.075838
Spot 1 0.0126814 -0.0350476 -0.075838
Spot 2 0.0125329 -0.0345141 -0.075838
Spot 1 0.0126814 -0.0350487 -0.075838
Spot 2 0.0125333 -0.0345137 -0.075838
Spot 1 0.0126814 -0.0350495 -0.075838
Spot 2 0.0125333 -0.0345139 -0.075838


*****************************************************************coordonnees du prisme dans le repere MOUNT********************************************************************************** 
20MABNDL000077_PR002
0.0318054 0.0904502 3.70667
0.0318035 0.0904083 3.70667
0.031838 0.0905284 3.70667
0.0318167 0.0904627 3.70667
0.0318293 0.0904938 3.70667
20MABNDL000077_PR003
0.00727997 0.095009 3.8956
0.00768275 0.0950781 3.8956
0.00539012 0.095085 3.8956
0.00730613 0.0950284 3.8956
0.00911887 0.0953266 3.8956
20MABNDL000077_PR024
0.0104271 -0.0161019 -5.89644
0.0104139 -0.0160705 -5.89644
0.0103968 -0.0160737 -5.89644
-0.0657444 0.064148 -5.89641
20MABNDL000077_20MABNDM000168
-0.00829555 0.021955 -5.46874
-0.0082833 0.0220656 -5.46874
-0.00827506 0.0220748 -5.46874
-0.0113788 0.0198937 -5.46873
20MABNDM000020_PR013
-0.0527501 -0.0893196 -3.80189
-0.0488059 -0.0903133 -3.80191
-0.0362173 -0.0885137 -3.80204
-0.0525973 -0.0894171 -3.80189
20MABNDM000020_PR014
-0.0676953 -0.107738 -4.74794
-0.0532374 -0.107325 -4.74809
-0.067786 -0.107732 -4.74793
-0.0677111 -0.107699 -4.74794
20MABNDM000020_PR035
-0.0410957 -0.013098 5.80099
-0.0411014 -0.0132771 5.801
-0.0411045 -0.0134008 5.801
-0.0411087 -0.0134452 5.801
20MABNDM000020_20MABNDL000196
0.0223985 -0.0590576 5.39477
0.0224143 -0.059011 5.39477
0.0224024 -0.0589835 5.39477
0.0224021 -0.0589488 5.39477


*****************************************************************coordonnees du prisme dans le repere ATLAS********************************************************************************** 
20MABNDL000077_PR002 0
2.76658 -3.71269 6.486
2.76663 -3.71269 6.486
2.76651 -3.71265 6.486
2.76657 -3.71268 6.486
2.76654 -3.71266 6.486
20MABNDL000077_PR003 0
2.7622 -3.73744 6.6749
2.76213 -3.73704 6.6749
2.76213 -3.73933 6.6749
2.76218 -3.73742 6.6749
2.76189 -3.7356 6.6749
20MABNDL000077_PR024 0
2.86371 -3.72226 -3.11724
2.86368 -3.72227 -3.11724
2.86368 -3.72229 -3.11724
2.78344 -3.7984 -3.11722
20MABNDL000077_20MABNDM000168 0
2.82607 -3.7415 -2.68952
2.82596 -3.74148 -2.68952
2.82595 -3.74148 -2.68952
2.82813 -3.74458 -2.68952
20MABNDM000020_PR013 0
-2.76297 -3.68675 6.48575
-2.76198 -3.6907 6.48578
-2.76378 -3.70329 6.48589
-2.76287 -3.68691 6.48575
20MABNDM000020_PR014 0
-2.74436 -3.67253 7.43181
-2.74477 -3.68699 7.43195
-2.74436 -3.67244 7.43181
-2.7444 -3.67252 7.43181
20MABNDM000020_PR035 0
-2.84113 -3.69108 -3.11712
-2.84095 -3.69108 -3.11712
-2.84083 -3.69107 -3.11712
-2.84078 -3.69107 -3.11712
20MABNDM000020_20MABNDL000196 0
-2.79511 -3.7549 -2.71095
-2.79515 -3.75492 -2.71095
-2.79518 -3.7549 -2.71095
-2.79522 -3.7549 -2.71096


*****************************************************************Rapport********************************************************************************** 
CAM-LBA-US_EBA-US-HO-H 2014.08.19.14.03.26 2.76657 -3.71267 6.486 4.04733e-05 1.34053e-05 6.32596e-07 0 VRAI 
CAM-LBA-US_JDA-US-H 2014.08.19.14.03.26 2.76211 -3.73737 6.6749 0.000114099 0.00119061 2.53398e-06 0 VRAI 
CAM-LBA-US_EBC-US-IP-H 2014.08.19.14.03.26 2.84363 -3.74131 -3.11723 0.0347511 0.0329659 6.40077e-06 0 VRAI 
CAM-LBA-US_CAM-LBC-US 2014.08.19.14.03.26 2.82652 -3.74226 -2.68952 0.000926561 0.00134012 6.95104e-07 0 VRAI 
CAM-LBA-USA_EBA-USA-HO-H 2014.08.19.14.03.26 -2.7629 -3.69191 6.48579 0.000638876 0.00675485 5.81561e-05 0 VRAI 
CAM-LBA-USA_JDA-USA-H 2014.08.19.14.03.26 -2.74447 -3.67612 7.43184 0.000175014 0.00627588 6.23568e-05 0 VRAI 
CAM-LBA-USA_EBC-USA-IP-H 2014.08.19.14.03.26 -2.84092 -3.69108 -3.11712 0.000134669 4.7773e-06 6.1943e-07 0 VRAI 
CAM-LBA-USA_CAM-LBC-USA 2014.08.19.14.03.26 -2.79516 -3.75491 -2.71096 3.98348e-05 5.94226e-06 4.12953e-07 0 VRAI 
