********** Fichier qui contient une sauvegarde des coordonnees images + coordonnees images transformees dans le repere BCAM (MOUNT) + coordonnees des prismes dans le repere MOUNT********** 
********************************************************************** Unite en metres (m)************************************************************************************************** 

*******************************************************************coordonnees images dans le repere CCD *********************************************************************************** 
20MABNDB000135_PR027
Spot 1 0.003375 2.5e-05
Spot 2 0.001735 0.000155
Spot 1 0.002835 0.001165
Spot 2 0.003375 2.5e-05
Spot 1 0.002835 0.001165
Spot 2 0.003375 2.5e-05
Spot 1 0.002835 0.001165
Spot 2 0.003375 2.5e-05
Spot 1 0.002835 0.001165
Spot 2 0.003375 2.5e-05
20MABNDB000126_PR028
Spot 1 0.001615 9.5e-05
Spot 2 0.0032837 0.0003363
Spot 1 0.001615 9.5e-05
Spot 2 0.00328382 0.00033618
Spot 1 0.001615 9.5e-05
Spot 2 0.00328395 0.00033605
Spot 1 0.001615 9.5e-05
Spot 2 0.0032835 0.0003365
Spot 1 0.001615 9.5e-05
Spot 2 0.00328342 0.00033658
20MABNDA000272_PR038
Spot 1 0.003265 5.5e-05
Spot 2 0.000255 2.5e-05
Spot 1 0.000255 2.5e-05
Spot 2 0.003265 5.5e-05
Spot 1 0.000255 2.5e-05
Spot 2 0.003265 5.5e-05
Spot 1 0.003265 5.5e-05
Spot 2 0.000255 2.5e-05
Spot 1 0.000255 2.5e-05
Spot 2 0.003265 5.5e-05
20MABNDA000003_PR039
Spot 1 0.001035 5.5e-05
Spot 2 0.001635 0.000185
Spot 1 0.001035 5.5e-05
Spot 2 0.001635 0.000185
Spot 1 0.001035 5.5e-05
Spot 2 0.000385 0.000285
Spot 1 0.001035 5.5e-05
Spot 2 0.001635 0.000185
Spot 1 0.001035 5.5e-05
Spot 2 0.001635 0.000185


****************************************************************coordonnees images transformees dans le repere MOUNT************************************************************************* 
20MABNDB000135_PR027
Spot 1 -0.0110397 -0.0141045 -0.074647
Spot 2 -0.0126781 -0.0139562 -0.074647
Spot 1 -0.011567 -0.0129585 -0.074647
Spot 2 -0.0110397 -0.0141045 -0.074647
Spot 1 -0.011567 -0.0129585 -0.074647
Spot 2 -0.0110397 -0.0141045 -0.074647
Spot 1 -0.011567 -0.0129585 -0.074647
Spot 2 -0.0110397 -0.0141045 -0.074647
Spot 1 -0.011567 -0.0129585 -0.074647
Spot 2 -0.0110397 -0.0141045 -0.074647
20MABNDB000126_PR028
Spot 1 -0.0125543 -0.0140873 -0.075004
Spot 2 -0.0108869 -0.0138371 -0.075004
Spot 1 -0.0125543 -0.0140873 -0.075004
Spot 2 -0.0108868 -0.0138372 -0.075004
Spot 1 -0.0125543 -0.0140873 -0.075004
Spot 2 -0.0108867 -0.0138373 -0.075004
Spot 1 -0.0125543 -0.0140873 -0.075004
Spot 2 -0.0108871 -0.0138369 -0.075004
Spot 1 -0.0125543 -0.0140873 -0.075004
Spot 2 -0.0108872 -0.0138368 -0.075004
20MABNDA000272_PR038
Spot 1 -0.0140991 0.0140588 -0.074179
Spot 2 -0.011089 0.0140835 -0.074179
Spot 1 -0.011089 0.0140835 -0.074179
Spot 2 -0.0140991 0.0140588 -0.074179
Spot 1 -0.011089 0.0140835 -0.074179
Spot 2 -0.0140991 0.0140588 -0.074179
Spot 1 -0.0140991 0.0140588 -0.074179
Spot 2 -0.011089 0.0140835 -0.074179
Spot 1 -0.011089 0.0140835 -0.074179
Spot 2 -0.0140991 0.0140588 -0.074179
20MABNDA000003_PR039
Spot 1 -0.0118313 0.0139948 -0.073734
Spot 2 -0.0124317 0.0138663 -0.073734
Spot 1 -0.0118313 0.0139948 -0.073734
Spot 2 -0.0124317 0.0138663 -0.073734
Spot 1 -0.0118313 0.0139948 -0.073734
Spot 2 -0.0111819 0.0137632 -0.073734
Spot 1 -0.0118313 0.0139948 -0.073734
Spot 2 -0.0124317 0.0138663 -0.073734
Spot 1 -0.0118313 0.0139948 -0.073734
Spot 2 -0.0124317 0.0138663 -0.073734


*****************************************************************coordonnees du prisme dans le repere MOUNT********************************************************************************** 
20MABNDB000135_PR027
-0.0410104 0.0206918 2.74903
-0.0613805 0.00239963 2.74891
-0.0613805 0.00239963 2.74891
-0.0613805 0.00239963 2.74891
-0.0613805 0.00239963 2.74891
20MABNDB000126_PR028
-0.0395223 0.0120824 2.14665
-0.039524 0.012084 2.14665
-0.0395259 0.0120859 2.14665
-0.0395194 0.0120795 2.14665
-0.0395183 0.0120784 2.14665
20MABNDA000272_PR038
-0.0152069 -0.0225701 2.74943
-0.0152063 -0.0225701 2.74943
-0.0152063 -0.0225701 2.74943
-0.0152069 -0.0225701 2.74943
-0.0152063 -0.0225701 2.74943
20MABNDA000003_PR039
-0.0290688 -0.0103365 2.14892
-0.0290688 -0.0103365 2.14892
-0.0469255 -0.00886002 2.14872
-0.0290688 -0.0103365 2.14892
-0.0290688 -0.0103365 2.14892


*****************************************************************coordonnees du prisme dans le repere ATLAS********************************************************************************** 
20MABNDB000135_PR027 0.003
2.58025 -4.19468 -3.85454
2.55998 -4.19452 -3.83613
2.55998 -4.19452 -3.83613
2.55998 -4.19452 -3.83613
2.55998 -4.19452 -3.83613
20MABNDB000126_PR028 0.003
2.58637 -4.19438 -5.94429
2.58637 -4.19438 -5.94429
2.58637 -4.19438 -5.94429
2.58637 -4.19438 -5.94429
2.58637 -4.19438 -5.94428
20MABNDA000272_PR038 0.003
-2.60933 -4.19422 -3.86106
-2.60933 -4.19422 -3.86106
-2.60933 -4.19422 -3.86106
-2.60933 -4.19422 -3.86106
-2.60933 -4.19422 -3.86106
20MABNDA000003_PR039 0.003
-2.59265 -4.19425 -5.9431
-2.59265 -4.19425 -5.9431
-2.5748 -4.19445 -5.94162
-2.59265 -4.19425 -5.9431
-2.59265 -4.19425 -5.9431


*****************************************************************Rapport********************************************************************************** 
CAM-EBC-US-IP_EBC-US-IP 2014.08.21.16.02.44 2.56403 -4.19455 -3.83982 0.00810623 6.42776e-05 0.00736313 0.003 VRAI 
CAM-EBC-US-HO_EBC-US-HO 2014.08.21.16.02.44 2.58637 -4.19438 -5.94429 2.81536e-06 0 2.78041e-06 0.003 VRAI 
CAM-EBC-USA-IP_EBC-USA-IP 2014.08.21.16.02.44 -2.60933 -4.19422 -3.86106 2.33602e-07 0 0 0.003 VRAI 
CAM-EBC-USA-HO_EBC-USA-HO 2014.08.21.16.02.44 -2.58908 -4.19429 -5.9428 0.00714254 7.93457e-05 0.00059166 0.003 VRAI 
