********** Fichier qui contient une sauvegarde des coordonnees images + coordonnees images transformees dans le repere BCAM (MOUNT) + coordonnees des prismes dans le repere MOUNT********** 
********************************************************************** Unite en metres (m)************************************************************************************************** 

*******************************************************************coordonnees images dans le repere CCD *********************************************************************************** 
20MABNDB000135_PR027
Spot 1     0.00189105     0.00092517
Spot 2     0.00210910     0.00092778
Spot 1     0.00189101     0.00092517
Spot 2     0.00210939     0.00092783
Spot 1     0.00189099     0.00092517
Spot 2     0.00210929     0.00092797
Spot 1     0.00189099     0.00092517
Spot 2     0.00210929     0.00092783
Spot 1     0.00189089     0.00092507
Spot 2     0.00210931     0.00092773
Spot 1     0.00189095     0.00092517
Spot 2     0.00210922     0.00092761
Spot 1     0.00189096     0.00092510
Spot 2     0.00210919     0.00092790
Spot 1     0.00189097     0.00092510
Spot 2     0.00210913     0.00092786
Spot 1     0.00189099     0.00092517
Spot 2     0.00210923     0.00092808
20MABNDB000126_PR028
Spot 1     0.00165214     0.00200347
Spot 2     0.00193280     0.00200569
Spot 1     0.00165207     0.00200342
Spot 2     0.00193283     0.00200575
Spot 1     0.00165204     0.00200352
Spot 2     0.00193287     0.00200578
Spot 1     0.00165206     0.00200345
Spot 2     0.00193288     0.00200578
Spot 1     0.00165197     0.00200345
Spot 2     0.00193278     0.00200577
Spot 1     0.00165214     0.00200342
Spot 2     0.00193284     0.00200579
Spot 1     0.00165205     0.00200340
Spot 2     0.00193294     0.00200589
Spot 1     0.00165212     0.00200351
Spot 2     0.00193295     0.00200575
20MABNDA000272_PR038
Spot 1     0.00192260     0.00097380
Spot 2     0.00169993     0.00097171
Spot 1     0.00192258     0.00097387
Spot 2     0.00169983     0.00097187
Spot 1     0.00192248     0.00097396
Spot 2     0.00169966     0.00097187
Spot 1     0.00192252     0.00097376
Spot 2     0.00169973     0.00097176
Spot 1     0.00192267     0.00097376
Spot 2     0.00169983     0.00097178
Spot 1     0.00192246     0.00097379
Spot 2     0.00169983     0.00097187
Spot 1     0.00192226     0.00097361
Spot 2     0.00169973     0.00097178
Spot 1     0.00192267     0.00097371
Spot 2     0.00169990     0.00097167
20MABNDA000003_PR039
Spot 1     0.00200715     0.00193157
Spot 2     0.00228469     0.00193056
Spot 1     0.00200702     0.00193143
Spot 2     0.00228481     0.00193056
Spot 1     0.00200705     0.00193165
Spot 2     0.00228466     0.00193063
Spot 1     0.00200722     0.00193151
Spot 2     0.00228475     0.00193058
Spot 1     0.00200709     0.00193143
Spot 2     0.00228475     0.00193057
Spot 1     0.00200704     0.00193158
Spot 2     0.00228469     0.00193055
Spot 1     0.00200711     0.00193159
Spot 2     0.00228483     0.00193045
Spot 1     0.00200710     0.00193160
Spot 2     0.00228462     0.00193043


****************************************************************coordonnees images transformees dans le repere MOUNT************************************************************************* 
20MABNDB000135_PR027
Spot 1    -0.01251352    -0.01318785    -0.07464699
Spot 2    -0.01229545    -0.01318767    -0.07464699
Spot 1    -0.01251356    -0.01318785    -0.07464699
Spot 2    -0.01229516    -0.01318762    -0.07464699
Spot 1    -0.01251358    -0.01318785    -0.07464699
Spot 2    -0.01229526    -0.01318748    -0.07464699
Spot 1    -0.01251358    -0.01318785    -0.07464699
Spot 2    -0.01229526    -0.01318762    -0.07464699
Spot 1    -0.01251368    -0.01318795    -0.07464699
Spot 2    -0.01229524    -0.01318772    -0.07464699
Spot 1    -0.01251362    -0.01318785    -0.07464699
Spot 2    -0.01229534    -0.01318784    -0.07464699
Spot 1    -0.01251361    -0.01318792    -0.07464699
Spot 2    -0.01229536    -0.01318755    -0.07464699
Spot 1    -0.01251360    -0.01318792    -0.07464699
Spot 2    -0.01229542    -0.01318759    -0.07464699
Spot 1    -0.01251358    -0.01318785    -0.07464699
Spot 2    -0.01229532    -0.01318737    -0.07464699
20MABNDB000126_PR028
Spot 1    -0.01252736    -0.01217866    -0.07500400
Spot 2    -0.01224672    -0.01217494    -0.07500400
Spot 1    -0.01252743    -0.01217871    -0.07500400
Spot 2    -0.01224669    -0.01217488    -0.07500400
Spot 1    -0.01252746    -0.01217861    -0.07500400
Spot 2    -0.01224665    -0.01217485    -0.07500400
Spot 1    -0.01252744    -0.01217868    -0.07500400
Spot 2    -0.01224664    -0.01217485    -0.07500400
Spot 1    -0.01252753    -0.01217868    -0.07500400
Spot 2    -0.01224674    -0.01217486    -0.07500400
Spot 1    -0.01252736    -0.01217871    -0.07500400
Spot 2    -0.01224668    -0.01217484    -0.07500400
Spot 1    -0.01252745    -0.01217873    -0.07500400
Spot 2    -0.01224658    -0.01217474    -0.07500400
Spot 1    -0.01252738    -0.01217862    -0.07500400
Spot 2    -0.01224657    -0.01217488    -0.07500400
20MABNDA000272_PR038
Spot 1    -0.01275829     0.01313767    -0.07417900
Spot 2    -0.01253562     0.01313936    -0.07417900
Spot 1    -0.01275827     0.01313760    -0.07417900
Spot 2    -0.01253552     0.01313920    -0.07417900
Spot 1    -0.01275817     0.01313751    -0.07417900
Spot 2    -0.01253535     0.01313920    -0.07417900
Spot 1    -0.01275821     0.01313771    -0.07417900
Spot 2    -0.01253542     0.01313931    -0.07417900
Spot 1    -0.01275836     0.01313771    -0.07417900
Spot 2    -0.01253552     0.01313929    -0.07417900
Spot 1    -0.01275815     0.01313768    -0.07417900
Spot 2    -0.01253552     0.01313920    -0.07417900
Spot 1    -0.01275795     0.01313786    -0.07417900
Spot 2    -0.01253542     0.01313929    -0.07417900
Spot 1    -0.01275836     0.01313776    -0.07417900
Spot 2    -0.01253559     0.01313940    -0.07417900
20MABNDA000003_PR039
Spot 1    -0.01280825     0.01212071    -0.07373400
Spot 2    -0.01308578     0.01212243    -0.07373400
Spot 1    -0.01280812     0.01212085    -0.07373400
Spot 2    -0.01308590     0.01212243    -0.07373400
Spot 1    -0.01280815     0.01212063    -0.07373400
Spot 2    -0.01308575     0.01212236    -0.07373400
Spot 1    -0.01280832     0.01212077    -0.07373400
Spot 2    -0.01308584     0.01212241    -0.07373400
Spot 1    -0.01280819     0.01212085    -0.07373400
Spot 2    -0.01308584     0.01212242    -0.07373400
Spot 1    -0.01280814     0.01212070    -0.07373400
Spot 2    -0.01308578     0.01212244    -0.07373400
Spot 1    -0.01280821     0.01212069    -0.07373400
Spot 2    -0.01308592     0.01212254    -0.07373400
Spot 1    -0.01280820     0.01212068    -0.07373400
Spot 2    -0.01308571     0.01212256    -0.07373400


*****************************************************************coordonnees du prisme dans le repere MOUNT********************************************************************************** 
20MABNDB000135_PR027
   -0.02100640    -0.01020425     2.74937153
   -0.02101099    -0.01020511     2.74937153
   -0.02100881    -0.01020769     2.74937153
   -0.02100877    -0.01020513     2.74937153
   -0.02100729    -0.01020147     2.74937153
   -0.02100671    -0.01020113     2.74937153
   -0.02100640    -0.01020514     2.74937153
   -0.02100548    -0.01020442     2.74937153
   -0.02100773    -0.01020972     2.74937153
20MABNDB000126_PR028
   -0.02052734    -0.03880964     2.14679599
   -0.02052677    -0.03880979     2.14679599
   -0.02052690    -0.03881165     2.14679599
   -0.02052733    -0.03881064     2.14679599
   -0.02052462    -0.03881049     2.14679599
   -0.02052790    -0.03881037     2.14679599
   -0.02052803    -0.03881151     2.14679599
   -0.02052918    -0.03881107     2.14679599
20MABNDA000272_PR038
   -0.01326763     0.01160601     2.74965906
   -0.01326983     0.01161022     2.74965906
   -0.01327478     0.01161188     2.74965906
   -0.01327277     0.01160620     2.74965906
   -0.01326818     0.01160657     2.74965906
   -0.01327204     0.01160877     2.74965906
   -0.01327755     0.01160384     2.74965906
   -0.01326690     0.01160362     2.74965906
20MABNDA000003_PR039
   -0.00576035     0.04136706     2.14891338
   -0.00576049     0.04136506     2.14891338
   -0.00576220     0.04136922     2.14891338
   -0.00575848     0.04136649     2.14891338
   -0.00576035     0.04136520     2.14891338
   -0.00576192     0.04136708     2.14891338
   -0.00575892     0.04136577     2.14891338
   -0.00576206     0.04136564     2.14891338


*****************************************************************coordonnees du prisme dans le repere ATLAS********************************************************************************** 
20MABNDB000135_PR027 0.00000000
    2.60385776    -4.19700384    -3.82515359
    2.60385299    -4.19700384    -3.82515287
    2.60385513    -4.19700384    -3.82515025
    2.60385537    -4.19700384    -3.82515287
    2.60385680    -4.19700384    -3.82515645
    2.60385728    -4.19700384    -3.82515669
    2.60385776    -4.19700384    -3.82515287
    2.60385847    -4.19700384    -3.82515359
    2.60385633    -4.19700384    -3.82514811
20MABNDB000126_PR028 0.00000000
    2.60538960    -4.19702053    -5.89340734
    2.60539007    -4.19702053    -5.89340734
    2.60539007    -4.19702053    -5.89340544
    2.60538960    -4.19702053    -5.89340639
    2.60539222    -4.19702053    -5.89340639
    2.60538912    -4.19702053    -5.89340639
    2.60538888    -4.19702053    -5.89340544
    2.60538769    -4.19702053    -5.89340591
20MABNDA000272_PR038 0.00000000
   -2.61126566    -4.19698238    -3.82687974
   -2.61126351    -4.19698238    -3.82687545
   -2.61125851    -4.19698238    -3.82687378
   -2.61126041    -4.19698238    -3.82687950
   -2.61126518    -4.19698238    -3.82687902
   -2.61126137    -4.19698238    -3.82687688
   -2.61125565    -4.19698238    -3.82688189
   -2.61126637    -4.19698238    -3.82688212
20MABNDA000003_PR039 0.00000000
   -2.61596560    -4.19702339    -5.89139843
   -2.61596537    -4.19702339    -5.89140081
   -2.61596370    -4.19702339    -5.89139652
   -2.61596751    -4.19702339    -5.89139938
   -2.61596560    -4.19702339    -5.89140034
   -2.61596394    -4.19702339    -5.89139843
   -2.61596704    -4.19702339    -5.89139986
   -2.61596394    -4.19702339    -5.89139986


*****************************************************************Rapport********************************************************************************** 
CAM-EBC-US-IP_EBC-US-IP        2015.03.17.15.30.48     2.60385643    -4.19700384    -3.82515303     0.00000161     0.00000000     0.00000253 0.00000000 VRAI 
CAM-EBC-US-HO_EBC-US-HO        2015.03.17.15.30.48     2.60538965    -4.19702053    -5.89340633     0.00000121     0.00000000     0.00000069 0.00000000 VRAI 
CAM-EBC-USA-IP_EBC-USA-IP      2015.03.17.15.30.48    -2.61126208    -4.19698238    -3.82687855     0.00000354     0.00000000     0.00000278 0.00000000 VRAI 
CAM-EBC-USA-HO_EBC-USA-HO      2015.03.17.15.30.48    -2.61596534    -4.19702339    -5.89139920     0.00000134     0.00000000     0.00000128 0.00000000 VRAI 
