********** Fichier qui contient une sauvegarde des coordonnees images + coordonnees images transformees dans le repere BCAM (MOUNT) + coordonnees des prismes dans le repere MOUNT********** 
********************************************************************** Unite en metres (m)************************************************************************************************** 

*******************************************************************coordonnees images dans le repere CCD *********************************************************************************** 
20MABNDB000135_PR027
Spot 1 0.00283500 0.00116500
Spot 2 0.00337500 0.00002500
Spot 1 0.00283500 0.00116500
Spot 2 0.00337500 0.00002500
Spot 1 0.00283500 0.00116500
Spot 2 0.00337500 0.00002500
Spot 1 0.00283500 0.00116500
Spot 2 0.00337500 0.00002500
Spot 1 0.00283500 0.00116500
Spot 2 0.00337500 0.00002500
20MABNDB000126_PR028
Spot 1 0.00037500 0.00117500
Spot 2 0.00266500 0.00219500
Spot 1 0.00037500 0.00117500
Spot 2 0.00266500 0.00219500
Spot 1 0.00037500 0.00117500
Spot 2 0.00266500 0.00219500
Spot 1 0.00037500 0.00117500
Spot 2 0.00266500 0.00219500
Spot 1 0.00037500 0.00117500
Spot 2 0.00266500 0.00219500
20MABNDA000272_PR038
Spot 1 0.00326500 0.00005500
Spot 2 0.00025500 0.00002500
Spot 1 0.00025500 0.00002500
Spot 2 0.00326500 0.00005500
Spot 1 0.00326500 0.00005500
Spot 2 0.00025500 0.00002500
Spot 1 0.00326500 0.00005500
Spot 2 0.00025500 0.00002500
Spot 1 0.00326500 0.00005500
Spot 2 0.00025500 0.00002500
20MABNDA000003_PR039
Spot 1 0.00103500 0.00005500
Spot 2 0.00163500 0.00018500
Spot 1 0.00103500 0.00005500
Spot 2 0.00163500 0.00018500
Spot 1 0.00103500 0.00005500
Spot 2 0.00163500 0.00018500
Spot 1 0.00103500 0.00005500
Spot 2 0.00163500 0.00018500


****************************************************************coordonnees images transformees dans le repere MOUNT************************************************************************* 
20MABNDB000135_PR027
Spot 1 -0.01156696 -0.01295855 -0.07464699
Spot 2 -0.01103969 -0.01410449 -0.07464699
Spot 1 -0.01156696 -0.01295855 -0.07464699
Spot 2 -0.01103969 -0.01410449 -0.07464699
Spot 1 -0.01156696 -0.01295855 -0.07464699
Spot 2 -0.01103969 -0.01410449 -0.07464699
Spot 1 -0.01156696 -0.01295855 -0.07464699
Spot 2 -0.01103969 -0.01410449 -0.07464699
Spot 1 -0.01156696 -0.01295855 -0.07464699
Spot 2 -0.01103969 -0.01410449 -0.07464699
20MABNDB000126_PR028
Spot 1 -0.01380006 -0.01301394 -0.07500400
Spot 2 -0.01151554 -0.01198173 -0.07500400
Spot 1 -0.01380006 -0.01301394 -0.07500400
Spot 2 -0.01151554 -0.01198173 -0.07500400
Spot 1 -0.01380006 -0.01301394 -0.07500400
Spot 2 -0.01151554 -0.01198173 -0.07500400
Spot 1 -0.01380006 -0.01301394 -0.07500400
Spot 2 -0.01151554 -0.01198173 -0.07500400
Spot 1 -0.01380006 -0.01301394 -0.07500400
Spot 2 -0.01151554 -0.01198173 -0.07500400
20MABNDA000272_PR038
Spot 1 -0.01409906 0.01405884 -0.07417900
Spot 2 -0.01108902 0.01408351 -0.07417900
Spot 1 -0.01108902 0.01408351 -0.07417900
Spot 2 -0.01409906 0.01405884 -0.07417900
Spot 1 -0.01409906 0.01405884 -0.07417900
Spot 2 -0.01108902 0.01408351 -0.07417900
Spot 1 -0.01409906 0.01405884 -0.07417900
Spot 2 -0.01108902 0.01408351 -0.07417900
Spot 1 -0.01409906 0.01405884 -0.07417900
Spot 2 -0.01108902 0.01408351 -0.07417900
20MABNDA000003_PR039
Spot 1 -0.01183134 0.01399481 -0.07373400
Spot 2 -0.01243166 0.01386633 -0.07373400
Spot 1 -0.01183134 0.01399481 -0.07373400
Spot 2 -0.01243166 0.01386633 -0.07373400
Spot 1 -0.01183134 0.01399481 -0.07373400
Spot 2 -0.01243166 0.01386633 -0.07373400
Spot 1 -0.01183134 0.01399481 -0.07373400
Spot 2 -0.01243166 0.01386633 -0.07373400


*****************************************************************coordonnees du prisme dans le repere MOUNT********************************************************************************** 
20MABNDB000135_PR027
-0.06138055 0.00239963 2.74890947
-0.06138055 0.00239963 2.74890947
-0.06138055 0.00239963 2.74890947
-0.06138055 0.00239963 2.74890947
-0.06138055 0.00239963 2.74890947
20MABNDB000126_PR028
-0.01280928 -0.02965937 2.14690089
-0.01280928 -0.02965937 2.14690089
-0.01280928 -0.02965937 2.14690089
-0.01280928 -0.02965937 2.14690089
-0.01280928 -0.02965937 2.14690089
20MABNDA000272_PR038
-0.01520685 -0.02257011 2.74942708
-0.01520631 -0.02257010 2.74942708
-0.01520685 -0.02257011 2.74942708
-0.01520685 -0.02257011 2.74942708
-0.01520685 -0.02257011 2.74942708
20MABNDA000003_PR039
-0.02906885 -0.01033646 2.14891982
-0.02906885 -0.01033646 2.14891982
-0.02906885 -0.01033646 2.14891982
-0.02906885 -0.01033646 2.14891982


*****************************************************************coordonnees du prisme dans le repere ATLAS********************************************************************************** 
20MABNDB000135_PR027 0.00300000
2.55998039 -4.19451857 -3.83613467
2.55998039 -4.19451857 -3.83613467
2.55998039 -4.19451857 -3.83613467
2.55998039 -4.19451857 -3.83613467
2.55998039 -4.19451857 -3.83613467
20MABNDB000126_PR028 0.00300000
2.61310315 -4.19395828 -5.90256166
2.61310315 -4.19395828 -5.90256166
2.61310315 -4.19395828 -5.90256166
2.61310315 -4.19395828 -5.90256166
2.61310315 -4.19395828 -5.90256166
20MABNDA000272_PR038 0.00300000
-2.60933256 -4.19421673 -3.86105609
-2.60933304 -4.19421673 -3.86105609
-2.60933256 -4.19421673 -3.86105609
-2.60933256 -4.19421673 -3.86105609
-2.60933256 -4.19421673 -3.86105609
20MABNDA000003_PR039 0.00300000
-2.59265208 -4.19424677 -5.94309950
-2.59265208 -4.19424677 -5.94309950
-2.59265208 -4.19424677 -5.94309950
-2.59265208 -4.19424677 -5.94309950


*****************************************************************Rapport********************************************************************************** 
CAM-EBC-US-IP_EBC-US-IP 2014.08.22.10.48.05 2.55998039 -4.19451857 -3.83613467 0.00000000 0.00000000 0.00000000 0.00300000 VRAI 
CAM-EBC-US-HO_EBC-US-HO 2014.08.22.10.48.05 2.61310315 -4.19395828 -5.90256166 0.00000000 0.00000000 0.00000000 0.00300000 VRAI 
CAM-EBC-USA-IP_EBC-USA-IP 2014.08.22.10.48.05 -2.60933266 -4.19421673 -3.86105609 0.00000019 0.00000000 0.00000000 0.00300000 VRAI 
CAM-EBC-USA-HO_EBC-USA-HO 2014.08.22.10.48.05 -2.59265208 -4.19424677 -5.94309950 0.00000000 0.00000000 0.00000000 0.00300000 VRAI 
