********** Fichier qui contient une sauvegarde des coordonnees images + coordonnees images transformees dans le repere BCAM (MOUNT) + coordonnees des prismes dans le repere MOUNT********** 
********************************************************************** Unite en metres (m)************************************************************************************************** 

*******************************************************************coordonnees images dans le repere CCD *********************************************************************************** 
20MABNDM000168_PR025
Spot 1 0.00284181 0.00136755
Spot 2 0.00266772 0.00137105
Spot 1 0.0028418 0.00136757
Spot 2 0.00266768 0.00137101
Spot 1 0.00284178 0.00136775
Spot 2 0.00266744 0.00137097
Spot 1 0.00284174 0.00136775
Spot 2 0.00266743 0.00137099
Spot 1 0.00284178 0.00136767
Spot 2 0.00266766 0.00137096
20MABNDM000168_PR026
Spot 1 0.00217867 0.001218
Spot 2 -1e-06 -1e-06
Spot 1 0.002178 0.00121867
Spot 2 -1e-06 -1e-06
Spot 1 0.00217867 0.00121867
Spot 2 -1e-06 -1e-06
Spot 1 0.00217933 0.001218
Spot 2 -1e-06 -1e-06
Spot 1 0.00217855 0.00121823
Spot 2 -1e-06 -1e-06
20MABNDM000168_PR001
Spot 1 0.00313 7e-05
Spot 2 0.00162 7.5e-05
Spot 1 0.002495 0.000235
Spot 2 0.000355 2.5e-05
Spot 1 0.0026375 0.0001
Spot 2 0.000725 8e-05
Spot 1 0.00237167 0.000105
Spot 2 0.000575 0.000125
Spot 1 0.0027725 0.0001375
Spot 2 0.000925 0.00013833
20MABNDM000168_20MABNDL000077
Spot 1 0.00158129 0.0014165
Spot 2 0.00139261 0.00144026
Spot 1 0.00158145 0.00141669
Spot 2 0.00138076 0.00109988
Spot 1 0.00158146 0.00141662
Spot 2 0.00139172 0.00143521
Spot 1 0.00158149 0.00141665
Spot 2 0.00138075 0.00109945
20MABNDL000196_PR036
Spot 1 0.00084897 0.00179263
Spot 2 0.00140006 0.00166252
Spot 1 0.00084893 0.00179283
Spot 2 0.00139997 0.00166161
Spot 1 0.00084899 0.00179251
Spot 2 0.0014 0.00166146
Spot 1 0.00084897 0.00179295
Spot 2 0.00139989 0.00166113
20MABNDL000196_PR037
Spot 1 0.00161483 0.00079893
Spot 2 0.00213705 0.00103271
Spot 1 0.00161472 0.00079902
Spot 2 0.00213685 0.00103278
Spot 1 0.00161459 0.00079974
Spot 2 0.00213634 0.00103273
Spot 1 0.00161472 0.0007992
Spot 2 0.00213686 0.00103267
20MABNDL000196_PR012
Spot 1 0.000885 7.5e-05
Spot 2 0.001565 0.000325
Spot 1 0.0004475 0.0004025
Spot 2 0.00262833 5.5e-05
Spot 1 0.0029075 0.0001725
Spot 2 0.00262833 5.5e-05
Spot 1 0.002655 0.000205
Spot 2 0.002755 0.000105
20MABNDL000196_20MABNDM000020
Spot 1 0.00182691 0.00143088
Spot 2 0.00188792 0.00082
Spot 1 0.00183341 0.00129841
Spot 2 0.00225797 0.0006788
Spot 1 0.00183328 0.00129909
Spot 2 0.00225791 0.00067889
Spot 1 0.00183333 0.0012981
Spot 2 0.00225796 0.00067883


****************************************************************coordonnees images transformees dans le repere MOUNT************************************************************************* 
20MABNDM000168_PR025
Spot 1 -0.0115608 -0.0356976 -0.005329
Spot 2 -0.0117349 -0.0357018 -0.005329
Spot 1 -0.0115608 -0.0356976 -0.005329
Spot 2 -0.0117349 -0.0357018 -0.005329
Spot 1 -0.0115608 -0.0356978 -0.005329
Spot 2 -0.0117351 -0.0357018 -0.005329
Spot 1 -0.0115609 -0.0356978 -0.005329
Spot 2 -0.0117352 -0.0357018 -0.005329
Spot 1 -0.0115608 -0.0356977 -0.005329
Spot 2 -0.0117349 -0.0357017 -0.005329
20MABNDM000168_PR026
Spot 1 -0.0122246 -0.0355509 -0.005329
Spot 2 -0.0144095 -0.0343413 -0.005329
Spot 1 -0.0122252 -0.0355516 -0.005329
Spot 2 -0.0144095 -0.0343413 -0.005329
Spot 1 -0.0122246 -0.0355516 -0.005329
Spot 2 -0.0144095 -0.0343413 -0.005329
Spot 1 -0.0122239 -0.0355509 -0.005329
Spot 2 -0.0144095 -0.0343413 -0.005329
Spot 1 -0.0122247 -0.0355511 -0.005329
Spot 2 -0.0144095 -0.0343413 -0.005329
20MABNDM000168_PR001
Spot 1 -0.0112782 -0.0343988 -0.005329
Spot 2 -0.0127881 -0.0344103 -0.005329
Spot 1 -0.0119125 -0.0345665 -0.005329
Spot 2 -0.0140533 -0.0343657 -0.005329
Spot 1 -0.0117705 -0.0344309 -0.005329
Spot 2 -0.0136831 -0.0344191 -0.005329
Spot 1 -0.0120363 -0.0344371 -0.005329
Spot 2 -0.0138329 -0.0344648 -0.005329
Spot 1 -0.0116354 -0.0344678 -0.005329
Spot 2 -0.0134829 -0.0344766 -0.005329
20MABNDM000168_20MABNDL000077
Spot 1 -0.0128211 -0.0357519 -0.005329
Spot 2 -0.0130097 -0.0357765 -0.005329
Spot 1 -0.0128209 -0.0357521 -0.005329
Spot 2 -0.013023 -0.0354362 -0.005329
Spot 1 -0.0128209 -0.0357521 -0.005329
Spot 2 -0.0130106 -0.0357715 -0.005329
Spot 1 -0.0128209 -0.0357521 -0.005329
Spot 2 -0.013023 -0.0354358 -0.005329
20MABNDL000196_PR036
Spot 1 0.0118286 0.0359811 -0.074836
Spot 2 0.0123799 0.0358522 -0.074836
Spot 1 0.0118285 0.0359813 -0.074836
Spot 2 0.0123798 0.0358513 -0.074836
Spot 1 0.0118286 0.035981 -0.074836
Spot 2 0.0123799 0.0358511 -0.074836
Spot 1 0.0118286 0.0359814 -0.074836
Spot 2 0.0123798 0.0358508 -0.074836
20MABNDL000196_PR037
Spot 1 0.0125965 0.034989 -0.074836
Spot 2 0.0131182 0.0352239 -0.074836
Spot 1 0.0125964 0.0349891 -0.074836
Spot 2 0.013118 0.035224 -0.074836
Spot 1 0.0125963 0.0349898 -0.074836
Spot 2 0.0131175 0.0352239 -0.074836
Spot 1 0.0125964 0.0349893 -0.074836
Spot 2 0.013118 0.0352239 -0.074836
20MABNDL000196_PR012
Spot 1 0.0118682 0.0342636 -0.074836
Spot 2 0.0125477 0.034515 -0.074836
Spot 1 0.01143 0.0345902 -0.074836
Spot 2 0.0136116 0.0342472 -0.074836
Spot 1 0.0138905 0.0343653 -0.074836
Spot 2 0.0136116 0.0342472 -0.074836
Spot 1 0.0136379 0.0343973 -0.074836
Spot 2 0.0137381 0.0342975 -0.074836
20MABNDL000196_20MABNDM000020
Spot 1 0.0128073 0.0356214 -0.074836
Spot 2 0.0128696 0.0350107 -0.074836
Spot 1 0.012814 0.035489 -0.074836
Spot 2 0.0132399 0.0348702 -0.074836
Spot 1 0.0128139 0.0354896 -0.074836
Spot 2 0.0132398 0.0348703 -0.074836
Spot 1 0.012814 0.0354886 -0.074836
Spot 2 0.0132399 0.0348703 -0.074836


*****************************************************************coordonnees du prisme dans le repere MOUNT********************************************************************************** 
20MABNDM000168_PR025
-0.0638804 -0.0179639 3.7884
-0.0638791 -0.0179643 3.7884
-0.0638727 -0.0179608 3.7884
-0.0638715 -0.0179604 3.7884
-0.0638781 -0.017963 3.7884
20MABNDM000168_PR026
0.0203133 -0.0562432 3.98442
0.0203307 -0.0562257 3.98442
0.0203132 -0.0562258 3.98442
0.0202962 -0.0562433 3.98442
0.0203164 -0.0562372 3.98442
20MABNDM000168_PR001
-0.0630754 -0.108106 5.89435
0.0105584 -0.103335 5.89458
-0.00929573 -0.106521 5.89459
0.00681582 -0.104514 5.89458
-0.0222983 -0.102863 5.89462
20MABNDM000168_20MABNDL000077
0.00400217 -0.00513407 5.46858
0.00447481 -0.0173535 5.46863
0.0040288 -0.00531099 5.46858
0.00447377 -0.0173704 5.46863
20MABNDL000196_PR036
0.0466515 0.0015988 3.68778
0.0466547 0.00161627 3.68778
0.0466524 0.00162779 3.68778
0.0466557 0.00162505 3.68778
20MABNDL000196_PR037
0.0095079 0.0416672 3.884
0.00951592 0.0416632 3.884
0.00953251 0.0416459 3.884
0.00951568 0.0416613 3.884
20MABNDL000196_PR012
0.0583158 0.100255 5.83483
0.0340109 0.0979723 5.835
-0.0615588 0.106701 5.83446
-0.0566659 0.103508 5.83456
20MABNDL000196_20MABNDM000020
0.00959561 0.0288377 5.39432
-0.00394717 0.0386373 5.3943
-0.00394028 0.0386096 5.3943
-0.00394396 0.0386475 5.3943


*****************************************************************coordonnees du prisme dans le repere ATLAS********************************************************************************** 
20MABNDM000168_PR025 0
2.83575 -3.67863 1.09775
2.83575 -3.67863 1.09775
2.83576 -3.67864 1.09775
2.83576 -3.67864 1.09775
2.83575 -3.67863 1.09775
20MABNDM000168_PR026 0
2.79746 -3.76274 1.29381
2.79748 -3.76276 1.29381
2.79748 -3.76274 1.29381
2.79746 -3.76272 1.29381
2.79747 -3.76275 1.29381
20MABNDM000168_PR001 0
2.74574 -3.67863 3.20371
2.75049 -3.75226 3.20396
2.74731 -3.73241 3.20396
2.74931 -3.74852 3.20396
2.75097 -3.71941 3.20399
20MABNDM000168_20MABNDL000077 0
2.84866 -3.74589 2.77795
2.83645 -3.74636 2.77801
2.84849 -3.74592 2.77795
2.83643 -3.74636 2.77801
20MABNDL000196_PR036 0
-2.85201 -3.69762 -6.4791
-2.85199 -3.69762 -6.4791
-2.85198 -3.69762 -6.4791
-2.85198 -3.69762 -6.4791
20MABNDL000196_PR037 0
-2.81193 -3.73493 -6.67529
-2.81193 -3.73492 -6.67529
-2.81195 -3.73491 -6.67529
-2.81193 -3.73492 -6.67529
20MABNDL000196_PR012 0
-2.75341 -3.68791 -8.62616
-2.75568 -3.71222 -8.62631
-2.7469 -3.80778 -8.62568
-2.7501 -3.80289 -8.62578
20MABNDL000196_20MABNDM000020 0
-2.82479 -3.73625 -8.18561
-2.81498 -3.74979 -8.18558
-2.81501 -3.74978 -8.18558
-2.81497 -3.74979 -8.18558


*****************************************************************Rapport********************************************************************************** 
CAM-LBC-US_EBC-US-HO-H 2014.08.18.23.15.16 2.83575 -3.67864 1.09775 1.63103e-06 3.57023e-06 0 0 VRAI 
CAM-LBC-US_JDC-US-H 2014.08.18.23.15.16 2.79747 -3.76274 1.29381 7.91693e-06 1.09998e-05 1.90735e-07 0 VRAI 
CAM-LBC-US_EBA-US-IP-H 2014.08.18.23.15.16 2.74876 -3.72625 3.20392 0.00197104 0.0265528 0.000106188 0 VRAI 
CAM-LBC-US_CAM-LBA-US 2014.08.18.23.15.16 2.84251 -3.74613 2.77798 0.0060701 0.000228001 2.75379e-05 0 VRAI 
CAM-LBC-USA_EBC-USA-HO-H 2014.08.18.23.15.16 -2.85199 -3.69762 -6.4791 1.13448e-05 1.69742e-06 0 0 VRAI 
CAM-LBC-USA_JDC-USA-H 2014.08.18.23.15.16 -2.81193 -3.73492 -6.67529 8.13598e-06 8.97322e-06 0 0 VRAI 
CAM-LBC-USA_EBA-USA-IP-H 2014.08.18.23.15.16 -2.75152 -3.7527 -8.62598 0.00332272 0.0533612 0.000258033 0 VRAI 
CAM-LBC-USA_CAM-LBA-USA 2014.08.18.23.15.16 -2.81744 -3.7464 -8.18558 0.00424353 0.00586073 1.44534e-05 0 VRAI 
