********** Fichier qui contient une sauvegarde des coordonnees images + coordonnees images transformees dans le repere BCAM (MOUNT) + coordonnees des prismes dans le repere MOUNT********** 
********************************************************************** Unite en metres (m)************************************************************************************************** 

*******************************************************************coordonnees images dans le repere CCD *********************************************************************************** 
20MABNDB000135_PR027
Spot 1 0.00185479 0.00124733
Spot 2 0.00209335 0.00124929
Spot 1 0.00185458 0.00124726
Spot 2 0.00209329 0.00124931
Spot 1 0.00185496 0.00124736
Spot 2 0.00209342 0.00124935
Spot 1 0.00185496 0.00124745
Spot 2 0.00209324 0.00124924
Spot 1 0.001855 0.00124726
Spot 2 0.00209338 0.00124929
Spot 1 0.00185479 0.00124731
Spot 2 0.00209327 0.00124918
Spot 1 0.00185493 0.00124729
Spot 2 0.00209347 0.00124911
Spot 1 0.00185486 0.00124721
Spot 2 0.00209332 0.00124928
Spot 1 0.00185504 0.00124745
Spot 2 0.00209333 0.00124933
20MABNDB000126_PR028
Spot 1 0.00184871 0.00140783
Spot 2 0.00153307 0.00140656
Spot 1 0.00184874 0.00140782
Spot 2 0.00153303 0.00140657
Spot 1 0.00184873 0.00140788
Spot 2 0.00153302 0.00140658
Spot 1 0.00184875 0.00140789
Spot 2 0.0015331 0.00140653
Spot 1 0.00184875 0.00140786
Spot 2 0.00153303 0.00140662
Spot 1 0.00184872 0.00140785
Spot 2 0.00153307 0.0014067
Spot 1 0.00184877 0.00140785
Spot 2 0.00153306 0.00140648
Spot 1 0.00184872 0.00140784
Spot 2 0.00153299 0.0014067
20MABNDA000272_PR038
Spot 1 0.00203328 0.00138646
Spot 2 0.00179093 0.00138457
Spot 1 0.00203337 0.00138653
Spot 2 0.00179115 0.00138461
Spot 1 0.00203338 0.00138656
Spot 2 0.00179092 0.00138451
Spot 1 0.00203348 0.00138642
Spot 2 0.00179093 0.00138471
Spot 1 0.00203334 0.00138643
Spot 2 0.00179099 0.00138442
Spot 1 0.00203324 0.00138651
Spot 2 0.00179072 0.00138464
Spot 1 0.00203361 0.00138649
Spot 2 0.00179113 0.00138451
Spot 1 0.00203361 0.00138652
Spot 2 0.00179103 0.00138475
20MABNDA000003_PR039
Spot 1 0.00211583 0.00112539
Spot 2 0.00180225 0.00112703
Spot 1 0.00211585 0.00112537
Spot 2 0.00180224 0.001127
Spot 1 0.00211586 0.00112532
Spot 2 0.0018023 0.00112711
Spot 1 0.00211576 0.00112543
Spot 2 0.00180227 0.00112705
Spot 1 0.00211585 0.00112539
Spot 2 0.00180226 0.00112712
Spot 1 0.00211585 0.0011254
Spot 2 0.00180226 0.00112706
Spot 1 0.00211584 0.00112538
Spot 2 0.00180226 0.00112703
Spot 1 0.0021158 0.00112536
Spot 2 0.00180224 0.00112703


****************************************************************coordonnees images transformees dans le repere MOUNT************************************************************************* 
20MABNDB000135_PR027
Spot 1 -0.0125462 -0.0128653 -0.074647
Spot 2 -0.0123076 -0.012866 -0.074647
Spot 1 -0.0125464 -0.0128654 -0.074647
Spot 2 -0.0123077 -0.012866 -0.074647
Spot 1 -0.012546 -0.0128653 -0.074647
Spot 2 -0.0123076 -0.0128659 -0.074647
Spot 1 -0.012546 -0.0128652 -0.074647
Spot 2 -0.0123077 -0.0128661 -0.074647
Spot 1 -0.012546 -0.0128654 -0.074647
Spot 2 -0.0123076 -0.012866 -0.074647
Spot 1 -0.0125462 -0.0128653 -0.074647
Spot 2 -0.0123077 -0.0128661 -0.074647
Spot 1 -0.0125461 -0.0128653 -0.074647
Spot 2 -0.0123075 -0.0128662 -0.074647
Spot 1 -0.0125461 -0.0128654 -0.074647
Spot 2 -0.0123077 -0.012866 -0.074647
Spot 1 -0.0125459 -0.0128652 -0.074647
Spot 2 -0.0123076 -0.012866 -0.074647
20MABNDB000126_PR028
Spot 1 -0.0123276 -0.0127732 -0.075004
Spot 2 -0.0126432 -0.0127762 -0.075004
Spot 1 -0.0123276 -0.0127733 -0.075004
Spot 2 -0.0126433 -0.0127762 -0.075004
Spot 1 -0.0123276 -0.0127732 -0.075004
Spot 2 -0.0126433 -0.0127762 -0.075004
Spot 1 -0.0123276 -0.0127732 -0.075004
Spot 2 -0.0126432 -0.0127762 -0.075004
Spot 1 -0.0123276 -0.0127732 -0.075004
Spot 2 -0.0126433 -0.0127761 -0.075004
Spot 1 -0.0123276 -0.0127732 -0.075004
Spot 2 -0.0126432 -0.0127761 -0.075004
Spot 1 -0.0123276 -0.0127732 -0.075004
Spot 2 -0.0126433 -0.0127763 -0.075004
Spot 1 -0.0123276 -0.0127732 -0.075004
Spot 2 -0.0126433 -0.0127761 -0.075004
20MABNDA000272_PR038
Spot 1 -0.0128697 0.0127252 -0.074179
Spot 2 -0.0126273 0.0127267 -0.074179
Spot 1 -0.0128698 0.0127251 -0.074179
Spot 2 -0.0126276 0.0127266 -0.074179
Spot 1 -0.0128698 0.0127251 -0.074179
Spot 2 -0.0126273 0.0127267 -0.074179
Spot 1 -0.0128699 0.0127252 -0.074179
Spot 2 -0.0126273 0.0127265 -0.074179
Spot 1 -0.0128698 0.0127252 -0.074179
Spot 2 -0.0126274 0.0127268 -0.074179
Spot 1 -0.0128697 0.0127252 -0.074179
Spot 2 -0.0126271 0.0127266 -0.074179
Spot 1 -0.01287 0.0127252 -0.074179
Spot 2 -0.0126275 0.0127267 -0.074179
Spot 1 -0.01287 0.0127251 -0.074179
Spot 2 -0.0126274 0.0127265 -0.074179
20MABNDA000003_PR039
Spot 1 -0.0129149 0.0129272 -0.073734
Spot 2 -0.0126013 0.0129247 -0.073734
Spot 1 -0.0129149 0.0129272 -0.073734
Spot 2 -0.0126013 0.0129248 -0.073734
Spot 1 -0.0129149 0.0129272 -0.073734
Spot 2 -0.0126014 0.0129246 -0.073734
Spot 1 -0.0129148 0.0129271 -0.073734
Spot 2 -0.0126013 0.0129247 -0.073734
Spot 1 -0.0129149 0.0129272 -0.073734
Spot 2 -0.0126013 0.0129246 -0.073734
Spot 1 -0.0129149 0.0129272 -0.073734
Spot 2 -0.0126013 0.0129247 -0.073734
Spot 1 -0.0129149 0.0129272 -0.073734
Spot 2 -0.0126013 0.0129247 -0.073734
Spot 1 -0.0129149 0.0129272 -0.073734
Spot 2 -0.0126013 0.0129247 -0.073734


*****************************************************************coordonnees du prisme dans le repere MOUNT********************************************************************************** 
20MABNDB000135_PR027
-0.0201842 -0.0220165 2.74936
-0.0201792 -0.0220157 2.74936
-0.0201886 -0.0220182 2.74936
-0.0201853 -0.0220178 2.74936
-0.0201886 -0.0220152 2.74936
-0.0201827 -0.0220142 2.74936
-0.0201889 -0.0220125 2.74936
-0.0201849 -0.0220142 2.74936
-0.0201884 -0.0220194 2.74936
20MABNDB000126_PR028
-0.017723 -0.0217662 2.14694
-0.0177229 -0.0217662 2.14694
-0.0177226 -0.0217672 2.14694
-0.017724 -0.0217667 2.14694
-0.017723 -0.0217675 2.14694
-0.0177231 -0.0217685 2.14694
-0.0177237 -0.0217654 2.14694
-0.017722 -0.0217684 2.14694
20MABNDA000272_PR038
-0.00954545 0.0267256 2.74962
-0.00953977 0.0267276 2.74962
-0.0095438 0.0267263 2.74962
-0.00954179 0.0267274 2.74962
-0.00954325 0.0267223 2.74962
-0.00955001 0.0267278 2.74962
-0.00953573 0.0267251 2.74962
-0.00953755 0.02673 2.74962
20MABNDA000003_PR039
-0.0111599 0.0183774 2.1491
-0.0111598 0.0183767 2.1491
-0.0111588 0.0183776 2.1491
-0.0111606 0.0183783 2.1491
-0.0111595 0.0183787 2.1491
-0.0111595 0.018378 2.1491
-0.0111596 0.0183773 2.1491
-0.0111605 0.018377 2.1491


*****************************************************************coordonnees du prisme dans le repere ATLAS********************************************************************************** 
20MABNDB000135_PR027
2.60132 -4.19783 -3.81195
2.60132 -4.19783 -3.81195
2.60131 -4.19783 -3.81195
2.60132 -4.19783 -3.81195
2.60131 -4.19783 -3.81195
2.60132 -4.19783 -3.81196
2.60131 -4.19783 -3.81196
2.60132 -4.19783 -3.81196
2.60131 -4.19783 -3.81195
20MABNDB000126_PR028
2.60819 -4.19695 -5.91045
2.60819 -4.19695 -5.91045
2.60819 -4.19695 -5.91045
2.60818 -4.19695 -5.91045
2.60819 -4.19695 -5.91045
2.60819 -4.19695 -5.91045
2.60818 -4.19695 -5.91045
2.60819 -4.19695 -5.91045
20MABNDA000272_PR038
-2.61499 -4.19702 -3.81176
-2.61499 -4.19702 -3.81176
-2.61499 -4.19702 -3.81176
-2.61499 -4.19702 -3.81176
-2.61499 -4.19702 -3.81176
-2.61498 -4.19702 -3.81176
-2.61499 -4.19702 -3.81176
-2.61499 -4.19702 -3.81175
20MABNDA000003_PR039
-2.61056 -4.19693 -5.91439
-2.61056 -4.19693 -5.91439
-2.61056 -4.19693 -5.91439
-2.61056 -4.19693 -5.91439
-2.61056 -4.19693 -5.91439
-2.61056 -4.19693 -5.91439
-2.61056 -4.19693 -5.91439
-2.61056 -4.19693 -5.91439


*****************************************************************Rapport********************************************************************************** 
CAM-EBC-US-IP_EBC-US-IP 2014.08.13.14.59.23 2.60131 -4.19783 -3.81195 3.1025e-06 0 2.11762e-06 VRAI 
CAM-EBC-US-HO_EBC-US-HO 2014.08.13.14.59.23 2.60819 -4.19695 -5.91045 5.71708e-07 0 9.95594e-07 VRAI 
CAM-EBC-USA-IP_EBC-USA-IP 2014.08.13.14.59.23 -2.61499 -4.19702 -3.81176 4.24984e-06 0 2.1356e-06 VRAI 
CAM-EBC-USA-HO_EBC-USA-HO 2014.08.13.14.59.23 -2.61056 -4.19693 -5.91439 5.96046e-07 0 5.84004e-07 VRAI 
