********** Fichier qui contient une sauvegarde des coordonnees images + coordonnees images transformees dans le repere BCAM (MOUNT) + coordonnees des prismes dans le repere MOUNT********** 
********************************************************************** Unite en metres (m)************************************************************************************************** 

*******************************************************************coordonnees images dans le repere CCD *********************************************************************************** 
20MABNDB000135_PR027
Spot 1 0.00185493 0.00124723
Spot 2 0.00209312 0.00124927
Spot 1 0.00185478 0.00124713
Spot 2 0.00209318 0.00124907
Spot 1 0.00185483 0.00124734
Spot 2 0.00209308 0.00124932
Spot 1 0.00185475 0.00124733
Spot 2 0.00209324 0.00124924
Spot 1 0.00185475 0.00124727
Spot 2 0.00209323 0.00124926
Spot 1 0.00185479 0.0012474
Spot 2 0.00209312 0.00124932
Spot 1 0.00185504 0.00124725
Spot 2 0.00209327 0.00124925
Spot 1 0.00185486 0.00124727
Spot 2 0.00209329 0.00124924
Spot 1 0.00185493 0.00124722
Spot 2 0.00209315 0.00124922
20MABNDB000126_PR028
Spot 1 0.00184896 0.0014077
Spot 2 0.00153322 0.00140642
Spot 1 0.00184903 0.00140771
Spot 2 0.00153327 0.00140647
Spot 1 0.0018489 0.00140769
Spot 2 0.00153324 0.00140644
Spot 1 0.00184887 0.00140767
Spot 2 0.00153323 0.00140637
Spot 1 0.00184891 0.00140766
Spot 2 0.00153329 0.00140656
Spot 1 0.00184898 0.00140776
Spot 2 0.00153334 0.00140658
Spot 1 0.001849 0.00140774
Spot 2 0.00153328 0.00140652
Spot 1 0.0018489 0.00140767
Spot 2 0.00153328 0.00140646
20MABNDA000272_PR038
Spot 1 0.00203384 0.00138661
Spot 2 0.00179117 0.00138462
Spot 1 0.00203371 0.00138646
Spot 2 0.00179112 0.00138451
Spot 1 0.00203372 0.00138663
Spot 2 0.00179128 0.00138452
Spot 1 0.00203369 0.00138654
Spot 2 0.00179117 0.00138452
Spot 1 0.00203376 0.0013865
Spot 2 0.00179117 0.00138442
Spot 1 0.00203367 0.00138658
Spot 2 0.00179139 0.00138462
Spot 1 0.00203369 0.00138647
Spot 2 0.00179117 0.00138456
Spot 1 0.00203377 0.00138658
Spot 2 0.00179115 0.00138456
20MABNDA000003_PR039
Spot 1 0.00211587 0.0011254
Spot 2 0.00180225 0.00112704
Spot 1 0.00211592 0.00112538
Spot 2 0.00180225 0.00112698
Spot 1 0.00211595 0.00112538
Spot 2 0.00180234 0.00112706
Spot 1 0.00211588 0.00112543
Spot 2 0.00180228 0.00112703
Spot 1 0.00211592 0.00112537
Spot 2 0.00180222 0.00112709
Spot 1 0.00211591 0.00112538
Spot 2 0.00180228 0.00112708
Spot 1 0.00211596 0.00112538
Spot 2 0.00180226 0.00112703
Spot 1 0.00211586 0.00112537
Spot 2 0.00180233 0.0011271


****************************************************************coordonnees images transformees dans le repere MOUNT************************************************************************* 
20MABNDB000135_PR027
Spot 1 -0.0125461 -0.0128654 -0.074647
Spot 2 -0.0123079 -0.012866 -0.074647
Spot 1 -0.0125462 -0.0128655 -0.074647
Spot 2 -0.0123078 -0.0128662 -0.074647
Spot 1 -0.0125462 -0.0128653 -0.074647
Spot 2 -0.0123079 -0.012866 -0.074647
Spot 1 -0.0125462 -0.0128653 -0.074647
Spot 2 -0.0123077 -0.0128661 -0.074647
Spot 1 -0.0125462 -0.0128654 -0.074647
Spot 2 -0.0123077 -0.012866 -0.074647
Spot 1 -0.0125462 -0.0128652 -0.074647
Spot 2 -0.0123079 -0.012866 -0.074647
Spot 1 -0.0125459 -0.0128654 -0.074647
Spot 2 -0.0123077 -0.012866 -0.074647
Spot 1 -0.0125461 -0.0128654 -0.074647
Spot 2 -0.0123077 -0.0128661 -0.074647
Spot 1 -0.0125461 -0.0128654 -0.074647
Spot 2 -0.0123078 -0.0128661 -0.074647
20MABNDB000126_PR028
Spot 1 -0.0123274 -0.0127734 -0.075004
Spot 2 -0.0126431 -0.0127763 -0.075004
Spot 1 -0.0123273 -0.0127734 -0.075004
Spot 2 -0.012643 -0.0127763 -0.075004
Spot 1 -0.0123274 -0.0127734 -0.075004
Spot 2 -0.0126431 -0.0127763 -0.075004
Spot 1 -0.0123275 -0.0127734 -0.075004
Spot 2 -0.0126431 -0.0127764 -0.075004
Spot 1 -0.0123274 -0.0127734 -0.075004
Spot 2 -0.012643 -0.0127762 -0.075004
Spot 1 -0.0123273 -0.0127733 -0.075004
Spot 2 -0.012643 -0.0127762 -0.075004
Spot 1 -0.0123273 -0.0127733 -0.075004
Spot 2 -0.012643 -0.0127762 -0.075004
Spot 1 -0.0123274 -0.0127734 -0.075004
Spot 2 -0.012643 -0.0127763 -0.075004
20MABNDA000272_PR038
Spot 1 -0.0128703 0.0127251 -0.074179
Spot 2 -0.0126276 0.0127266 -0.074179
Spot 1 -0.0128701 0.0127252 -0.074179
Spot 2 -0.0126275 0.0127267 -0.074179
Spot 1 -0.0128701 0.012725 -0.074179
Spot 2 -0.0126277 0.0127267 -0.074179
Spot 1 -0.0128701 0.0127251 -0.074179
Spot 2 -0.0126276 0.0127267 -0.074179
Spot 1 -0.0128702 0.0127252 -0.074179
Spot 2 -0.0126276 0.0127268 -0.074179
Spot 1 -0.0128701 0.0127251 -0.074179
Spot 2 -0.0126278 0.0127266 -0.074179
Spot 1 -0.0128701 0.0127252 -0.074179
Spot 2 -0.0126276 0.0127267 -0.074179
Spot 1 -0.0128702 0.0127251 -0.074179
Spot 2 -0.0126276 0.0127267 -0.074179
20MABNDA000003_PR039
Spot 1 -0.0129149 0.0129272 -0.073734
Spot 2 -0.0126013 0.0129247 -0.073734
Spot 1 -0.012915 0.0129272 -0.073734
Spot 2 -0.0126013 0.0129248 -0.073734
Spot 1 -0.012915 0.0129272 -0.073734
Spot 2 -0.0126014 0.0129247 -0.073734
Spot 1 -0.0129149 0.0129271 -0.073734
Spot 2 -0.0126013 0.0129247 -0.073734
Spot 1 -0.012915 0.0129272 -0.073734
Spot 2 -0.0126013 0.0129247 -0.073734
Spot 1 -0.012915 0.0129272 -0.073734
Spot 2 -0.0126013 0.0129247 -0.073734
Spot 1 -0.012915 0.0129272 -0.073734
Spot 2 -0.0126013 0.0129247 -0.073734
Spot 1 -0.0129149 0.0129272 -0.073734
Spot 2 -0.0126014 0.0129247 -0.073734


*****************************************************************coordonnees du prisme dans le repere MOUNT********************************************************************************** 
20MABNDB000135_PR027
-0.0201825 -0.0220144 2.74936
-0.0201808 -0.0220089 2.74936
-0.02018 -0.0220173 2.74936
-0.0201814 -0.0220157 2.74936
-0.0201812 -0.0220149 2.74936
-0.02018 -0.0220184 2.74936
-0.0201873 -0.0220143 2.74936
-0.0201844 -0.0220145 2.74936
-0.020183 -0.0220133 2.74936
20MABNDB000126_PR028
-0.0177287 -0.0217624 2.14694
-0.0177304 -0.0217633 2.14694
-0.0177282 -0.0217626 2.14694
-0.0177276 -0.0217613 2.14694
-0.017729 -0.0217638 2.14694
-0.0177307 -0.0217656 2.14694
-0.0177302 -0.0217644 2.14694
-0.0177287 -0.0217626 2.14694
20MABNDA000272_PR038
-0.00953078 0.0267293 2.74962
-0.00953409 0.0267245 2.74962
-0.00953097 0.0267278 2.74962
-0.00953354 0.0267261 2.74962
-0.00953226 0.0267236 2.74962
-0.00952987 0.0267287 2.74962
-0.00953353 0.0267256 2.74962
-0.00953243 0.0267276 2.74962
20MABNDA000003_PR039
-0.0111594 0.0183777 2.1491
-0.0111586 0.0183765 2.1491
-0.0111569 0.0183777 2.1491
-0.0111588 0.018378 2.1491
-0.0111591 0.018378 2.1491
-0.0111584 0.018378 2.1491
-0.0111579 0.0183773 2.1491
-0.0111584 0.0183781 2.1491


*****************************************************************coordonnees du prisme dans le repere ATLAS********************************************************************************** 
20MABNDB000135_PR027
2.60132 -4.19783 -3.81195
2.60132 -4.19783 -3.81196
2.60132 -4.19783 -3.81195
2.60132 -4.19783 -3.81195
2.60132 -4.19783 -3.81195
2.60132 -4.19783 -3.81195
2.60131 -4.19783 -3.81195
2.60132 -4.19783 -3.81195
2.60132 -4.19783 -3.81196
20MABNDB000126_PR028
2.60818 -4.19695 -5.91046
2.60818 -4.19695 -5.91046
2.60818 -4.19695 -5.91046
2.60818 -4.19695 -5.91046
2.60818 -4.19695 -5.91046
2.60818 -4.19695 -5.91045
2.60818 -4.19695 -5.91045
2.60818 -4.19695 -5.91046
20MABNDA000272_PR038
-2.615 -4.19702 -3.81176
-2.615 -4.19702 -3.81176
-2.615 -4.19702 -3.81176
-2.615 -4.19702 -3.81176
-2.615 -4.19702 -3.81176
-2.615 -4.19702 -3.81176
-2.615 -4.19702 -3.81176
-2.615 -4.19702 -3.81176
20MABNDA000003_PR039
-2.61056 -4.19693 -5.91439
-2.61056 -4.19693 -5.91439
-2.61057 -4.19693 -5.91439
-2.61056 -4.19693 -5.91439
-2.61056 -4.19693 -5.91439
-2.61057 -4.19693 -5.91439
-2.61057 -4.19693 -5.91439
-2.61057 -4.19693 -5.91439


*****************************************************************Rapport********************************************************************************** 
CAM-EBC-US-IP_EBC-US-IP 2014.08.13.14.05.04 2.60132 -4.19783 -3.81195 2.25095e-06 0 2.52319e-06 VRAI 
CAM-EBC-US-HO_EBC-US-HO 2014.08.13.14.05.04 2.60818 -4.19695 -5.91046 1.06457e-06 0 1.23311e-06 VRAI 
CAM-EBC-USA-IP_EBC-USA-IP 2014.08.13.14.05.04 -2.615 -4.19702 -3.81176 1.39912e-06 0 1.89403e-06 VRAI 
CAM-EBC-USA-HO_EBC-USA-HO 2014.08.13.14.05.04 -2.61057 -4.19693 -5.91439 6.8933e-07 0 5.02238e-07 VRAI 
