********** Fichier qui contient une sauvegarde des coordonnees images + coordonnees images transformees dans le repere BCAM (MOUNT) + coordonnees des prismes dans le repere MOUNT********** 
********************************************************************** Unite en metres (m)************************************************************************************************** 

*******************************************************************coordonnees images dans le repere CCD *********************************************************************************** 
20MABNDA000318_PR004
Spot 1 0.003375 3e-05
Spot 2 0.002515 2.75e-05
Spot 1 0.0019075 3.25e-05
Spot 2 0.0033225 5e-05
Spot 1 0.001905 3e-05
Spot 2 0.0032375 5e-05
Spot 1 0.00251667 3e-05
Spot 2 0.003335 4.75e-05
Spot 1 0.0019075 3.25e-05
Spot 2 0.002135 5.5e-05
20MABNDA000334_PR005
Spot 1 0.002375 3.5e-05
Spot 2 0.003115 0.000585
Spot 1 0.002375 3.5e-05
Spot 2 0.002665 8.25e-05
Spot 1 0.002375 3.5e-05
Spot 2 0.003115 0.000585
Spot 1 0.002375 3.5e-05
Spot 2 0.002765 2.5e-05
Spot 1 0.002375 3.5e-05
Spot 2 0.003115 0.000585
20MABNDB000317_PR015
Spot 1 0.002705 0.000115
Spot 2 0.001805 0.000145
Spot 1 0.002705 0.000115
Spot 2 0.001805 0.000145
Spot 1 0.002705 0.000115
Spot 2 0.001805 0.000145
Spot 1 0.002705 0.000115
Spot 2 0.001805 0.000145
Spot 1 0.002705 0.000115
Spot 2 0.001805 0.000145
20MABNDB000146_PR016
Spot 1 0.002575 0.000115
Spot 2 0.001575 0.000235
Spot 1 0.002575 0.000115
Spot 2 0.001575 0.000235
Spot 1 0.002575 0.000115
Spot 2 0.001575 0.000235
Spot 1 0.002575 0.000115
Spot 2 0.001575 0.000235
Spot 1 0.002575 0.000115
Spot 2 0.001575 0.000235


****************************************************************coordonnees images transformees dans le repere MOUNT************************************************************************* 
20MABNDA000318_PR004
Spot 1 -0.0140995 0.0140616 -0.073106
Spot 2 -0.0132395 0.0140666 -0.073106
Spot 1 -0.012632 0.0140634 -0.073106
Spot 2 -0.0140469 0.0140418 -0.073106
Spot 1 -0.0126295 0.0140659 -0.073106
Spot 2 -0.0139619 0.014042 -0.073106
Spot 1 -0.0132412 0.0140641 -0.073106
Spot 2 -0.0140594 0.0140442 -0.073106
Spot 1 -0.012632 0.0140634 -0.073106
Spot 2 -0.0128594 0.0140403 -0.073106
20MABNDA000334_PR005
Spot 1 -0.0130166 0.0140933 -0.073241
Spot 2 -0.0137572 0.013544 -0.073241
Spot 1 -0.0130166 0.0140933 -0.073241
Spot 2 -0.0133067 0.0140461 -0.073241
Spot 1 -0.0130166 0.0140933 -0.073241
Spot 2 -0.0137572 0.013544 -0.073241
Spot 1 -0.0130166 0.0140933 -0.073241
Spot 2 -0.0134066 0.0141037 -0.073241
Spot 1 -0.0130166 0.0140933 -0.073241
Spot 2 -0.0137572 0.013544 -0.073241
20MABNDB000317_PR015
Spot 1 -0.0114321 -0.0139688 -0.073261
Spot 2 -0.0123324 -0.0139493 -0.073261
Spot 1 -0.0114321 -0.0139688 -0.073261
Spot 2 -0.0123324 -0.0139493 -0.073261
Spot 1 -0.0114321 -0.0139688 -0.073261
Spot 2 -0.0123324 -0.0139493 -0.073261
Spot 1 -0.0114321 -0.0139688 -0.073261
Spot 2 -0.0123324 -0.0139493 -0.073261
Spot 1 -0.0114321 -0.0139688 -0.073261
Spot 2 -0.0123324 -0.0139493 -0.073261
20MABNDB000146_PR016
Spot 1 -0.0116307 -0.0136761 -0.074505
Spot 2 -0.0126309 -0.0135583 -0.074505
Spot 1 -0.0116307 -0.0136761 -0.074505
Spot 2 -0.0126309 -0.0135583 -0.074505
Spot 1 -0.0116307 -0.0136761 -0.074505
Spot 2 -0.0126309 -0.0135583 -0.074505
Spot 1 -0.0116307 -0.0136761 -0.074505
Spot 2 -0.0126309 -0.0135583 -0.074505
Spot 1 -0.0116307 -0.0136761 -0.074505
Spot 2 -0.0126309 -0.0135583 -0.074505


*****************************************************************coordonnees du prisme dans le repere MOUNT********************************************************************************** 
20MABNDA000318_PR004
0.0250273 -0.0201098 2.74921
0.0129216 -0.0196885 2.74935
0.0113168 -0.0197392 2.74937
0.0243235 -0.0197452 2.74922
-0.00886118 -0.019662 2.74947
20MABNDA000334_PR005
0.00746864 -0.00479131 2.1497
0.00103189 -0.0119649 2.14968
0.00746864 -0.00479131 2.1497
0.0024598 -0.0127876 2.14966
0.00746864 -0.00479131 2.1497
20MABNDB000317_PR015
-0.0419273 0.0191273 2.75087
-0.0419273 0.0191273 2.75087
-0.0419273 0.0191273 2.75087
-0.0419273 0.0191273 2.75087
-0.0419273 0.0191273 2.75087
20MABNDB000146_PR016
-0.027676 0.0014938 2.15199
-0.027676 0.0014938 2.15199
-0.027676 0.0014938 2.15199
-0.027676 0.0014938 2.15199
-0.027676 0.0014938 2.15199


*****************************************************************coordonnees du prisme dans le repere ATLAS********************************************************************************** 
20MABNDA000318_PR004 0
2.64674 -4.1974 3.85715
2.63463 -4.19726 3.85672
2.63303 -4.19725 3.85677
2.64603 -4.19738 3.85678
2.61285 -4.19715 3.8567
20MABNDA000334_PR005 0
2.62846 -4.19709 5.93405
2.62203 -4.19712 5.94123
2.62846 -4.19709 5.93405
2.62345 -4.19714 5.94205
2.62846 -4.19709 5.93405
20MABNDB000317_PR015 0
-2.57501 -4.19658 3.86561
-2.57501 -4.19658 3.86561
-2.57501 -4.19658 3.86561
-2.57501 -4.19658 3.86561
-2.57501 -4.19658 3.86561
20MABNDB000146_PR016 0
-2.59862 -4.19703 5.93184
-2.59862 -4.19703 5.93184
-2.59862 -4.19703 5.93184
-2.59862 -4.19703 5.93184
-2.59862 -4.19703 5.93184


*****************************************************************Rapport********************************************************************************** 
CAM-EBA-US-IP_EBA-US-IP 2014.08.15.14.36.01 2.63465 -4.19729 3.85682 0.0122769 9.0977e-05 0.000163216 0 VRAI 
CAM-EBA-US-HO_EBA-US-HO 2014.08.15.14.36.01 2.62618 -4.19711 5.93709 0.00284003 1.79898e-05 0.00372454 0 VRAI 
CAM-EBA-USA-IP_EBA-USA-IP 2014.08.15.14.36.01 -2.57501 -4.19658 3.86561 0 0 0 0 VRAI 
CAM-EBA-USA-HO_EBA-USA-HO 2014.08.15.14.36.01 -2.59862 -4.19703 5.93184 0 0 0 0 VRAI 
