********** Fichier qui contient une sauvegarde des coordonnees images + coordonnees images transformees dans le repere BCAM (MOUNT) + coordonnees des prismes dans le repere MOUNT********** 
********************************************************************** Unite en metres (m)************************************************************************************************** 

*******************************************************************coordonnees images dans le repere CCD *********************************************************************************** 
20MABNDB000135_PR027
Spot 1 0.00185486 0.00124737
Spot 2 0.00209329 0.00124931
Spot 1 0.00185475 0.00124737
Spot 2 0.00209347 0.00124937
Spot 1 0.00185479 0.00124738
Spot 2 0.00209339 0.00124936
Spot 1 0.00185489 0.00124746
Spot 2 0.00209325 0.00124934
Spot 1 0.00185489 0.00124739
Spot 2 0.00209325 0.00124934
Spot 1 0.00185496 0.00124741
Spot 2 0.00209329 0.00124929
Spot 1 0.00185482 0.00124733
Spot 2 0.0020932 0.00124945
Spot 1 0.00185493 0.00124738
Spot 2 0.00209333 0.00124943
Spot 1 0.00185475 0.00124754
Spot 2 0.0020933 0.00124929
20MABNDB000126_PR028
Spot 1 0.00184804 0.00140804
Spot 2 0.00153234 0.00140687
Spot 1 0.00184805 0.00140811
Spot 2 0.00153236 0.00140683
Spot 1 0.00184804 0.00140814
Spot 2 0.00153243 0.00140684
Spot 1 0.00184808 0.0014082
Spot 2 0.00153236 0.00140683
Spot 1 0.00184807 0.00140811
Spot 2 0.00153233 0.00140694
Spot 1 0.00184803 0.00140807
Spot 2 0.0015324 0.0014068
Spot 1 0.00184811 0.00140815
Spot 2 0.00153237 0.00140693
Spot 1 0.00184815 0.00140807
Spot 2 0.00153239 0.00140687
20MABNDA000272_PR038
Spot 1 0.00203313 0.00138638
Spot 2 0.00179093 0.00138435
Spot 1 0.00203347 0.00138634
Spot 2 0.00179084 0.00138444
Spot 1 0.00203339 0.00138641
Spot 2 0.00179116 0.00138439
Spot 1 0.00203325 0.00138639
Spot 2 0.00179102 0.00138444
Spot 1 0.0020335 0.0013864
Spot 2 0.00179114 0.00138444
Spot 1 0.00203335 0.00138633
Spot 2 0.00179098 0.00138445
Spot 1 0.00203338 0.00138639
Spot 2 0.00179092 0.00138445
Spot 1 0.00203328 0.00138649
Spot 2 0.00179098 0.0013846
20MABNDA000003_PR039
Spot 1 0.00211585 0.00112528
Spot 2 0.00180215 0.00112698
Spot 1 0.00211586 0.0011254
Spot 2 0.00180216 0.00112707
Spot 1 0.0021158 0.00112527
Spot 2 0.00180215 0.00112704
Spot 1 0.00211589 0.00112527
Spot 2 0.00180221 0.00112704
Spot 1 0.00211581 0.00112533
Spot 2 0.0018022 0.00112703
Spot 1 0.00211589 0.00112531
Spot 2 0.00180218 0.00112696
Spot 1 0.00211577 0.00112531
Spot 2 0.00180213 0.00112699
Spot 1 0.00211585 0.00112534
Spot 2 0.00180213 0.00112703


****************************************************************coordonnees images transformees dans le repere MOUNT************************************************************************* 
20MABNDB000135_PR027
Spot 1 -0.0125461 -0.0128653 -0.074647
Spot 2 -0.0123077 -0.012866 -0.074647
Spot 1 -0.0125462 -0.0128653 -0.074647
Spot 2 -0.0123075 -0.0128659 -0.074647
Spot 1 -0.0125462 -0.0128653 -0.074647
Spot 2 -0.0123076 -0.0128659 -0.074647
Spot 1 -0.0125461 -0.0128652 -0.074647
Spot 2 -0.0123077 -0.012866 -0.074647
Spot 1 -0.0125461 -0.0128652 -0.074647
Spot 2 -0.0123077 -0.012866 -0.074647
Spot 1 -0.012546 -0.0128652 -0.074647
Spot 2 -0.0123077 -0.012866 -0.074647
Spot 1 -0.0125462 -0.0128653 -0.074647
Spot 2 -0.0123078 -0.0128658 -0.074647
Spot 1 -0.012546 -0.0128653 -0.074647
Spot 2 -0.0123076 -0.0128659 -0.074647
Spot 1 -0.0125462 -0.0128651 -0.074647
Spot 2 -0.0123077 -0.012866 -0.074647
20MABNDB000126_PR028
Spot 1 -0.0123283 -0.012773 -0.075004
Spot 2 -0.012644 -0.0127759 -0.075004
Spot 1 -0.0123283 -0.012773 -0.075004
Spot 2 -0.012644 -0.0127759 -0.075004
Spot 1 -0.0123283 -0.0127729 -0.075004
Spot 2 -0.0126439 -0.0127759 -0.075004
Spot 1 -0.0123282 -0.0127729 -0.075004
Spot 2 -0.012644 -0.0127759 -0.075004
Spot 1 -0.0123283 -0.012773 -0.075004
Spot 2 -0.012644 -0.0127758 -0.075004
Spot 1 -0.0123283 -0.012773 -0.075004
Spot 2 -0.0126439 -0.012776 -0.075004
Spot 1 -0.0123282 -0.0127729 -0.075004
Spot 2 -0.0126439 -0.0127758 -0.075004
Spot 1 -0.0123282 -0.012773 -0.075004
Spot 2 -0.0126439 -0.0127759 -0.075004
20MABNDA000272_PR038
Spot 1 -0.0128696 0.0127253 -0.074179
Spot 2 -0.0126273 0.0127269 -0.074179
Spot 1 -0.0128699 0.0127253 -0.074179
Spot 2 -0.0126273 0.0127268 -0.074179
Spot 1 -0.0128698 0.0127253 -0.074179
Spot 2 -0.0126276 0.0127268 -0.074179
Spot 1 -0.0128697 0.0127253 -0.074179
Spot 2 -0.0126274 0.0127268 -0.074179
Spot 1 -0.0128699 0.0127253 -0.074179
Spot 2 -0.0126276 0.0127268 -0.074179
Spot 1 -0.0128698 0.0127253 -0.074179
Spot 2 -0.0126274 0.0127268 -0.074179
Spot 1 -0.0128698 0.0127253 -0.074179
Spot 2 -0.0126273 0.0127268 -0.074179
Spot 1 -0.0128697 0.0127252 -0.074179
Spot 2 -0.0126274 0.0127266 -0.074179
20MABNDA000003_PR039
Spot 1 -0.0129149 0.0129273 -0.073734
Spot 2 -0.0126012 0.0129248 -0.073734
Spot 1 -0.0129149 0.0129272 -0.073734
Spot 2 -0.0126012 0.0129247 -0.073734
Spot 1 -0.0129149 0.0129273 -0.073734
Spot 2 -0.0126012 0.0129247 -0.073734
Spot 1 -0.0129149 0.0129273 -0.073734
Spot 2 -0.0126013 0.0129247 -0.073734
Spot 1 -0.0129149 0.0129272 -0.073734
Spot 2 -0.0126013 0.0129247 -0.073734
Spot 1 -0.0129149 0.0129272 -0.073734
Spot 2 -0.0126012 0.0129248 -0.073734
Spot 1 -0.0129148 0.0129272 -0.073734
Spot 2 -0.0126012 0.0129248 -0.073734
Spot 1 -0.0129149 0.0129272 -0.073734
Spot 2 -0.0126012 0.0129247 -0.073734


*****************************************************************coordonnees du prisme dans le repere MOUNT********************************************************************************** 
20MABNDB000135_PR027
-0.0201844 -0.0220176 2.74936
-0.0201857 -0.0220187 2.74936
-0.0201849 -0.0220187 2.74936
-0.0201842 -0.0220198 2.74936
-0.0201842 -0.0220186 2.74936
-0.0201862 -0.022018 2.74936
-0.020182 -0.0220195 2.74936
-0.0201864 -0.02202 2.74936
-0.0201826 -0.0220204 2.74936
20MABNDB000126_PR028
-0.017703 -0.0217735 2.14694
-0.0177034 -0.021774 2.14694
-0.0177043 -0.0217745 2.14694
-0.0177039 -0.0217753 2.14694
-0.0177033 -0.0217755 2.14694
-0.0177037 -0.021773 2.14694
-0.0177044 -0.021776 2.14694
-0.0177053 -0.021774 2.14694
20MABNDA000272_PR038
-0.00954822 0.0267201 2.74962
-0.00954363 0.026721 2.74962
-0.00953924 0.0267214 2.74962
-0.00954436 0.0267219 2.74962
-0.00953759 0.0267221 2.74962
-0.00954327 0.026721 2.74962
-0.0095438 0.0267221 2.74962
-0.00954453 0.0267267 2.74962
20MABNDA000003_PR039
-0.0111611 0.0183751 2.1491
-0.0111608 0.0183781 2.1491
-0.0111618 0.0183758 2.1491
-0.0111596 0.0183758 2.1491
-0.0111609 0.0183766 2.1491
-0.0111601 0.0183753 2.1491
-0.0111625 0.0183757 2.1491
-0.0111614 0.0183767 2.1491


*****************************************************************coordonnees du prisme dans le repere ATLAS********************************************************************************** 
20MABNDB000135_PR027
2.60132 -4.19783 -3.81195
2.60131 -4.19783 -3.81195
2.60132 -4.19783 -3.81195
2.60132 -4.19783 -3.81195
2.60132 -4.19783 -3.81195
2.60131 -4.19783 -3.81195
2.60132 -4.19783 -3.81195
2.60131 -4.19783 -3.81195
2.60132 -4.19783 -3.81195
20MABNDB000126_PR028
2.60821 -4.19695 -5.91045
2.6082 -4.19695 -5.91044
2.6082 -4.19695 -5.91044
2.6082 -4.19695 -5.91044
2.60821 -4.19695 -5.91044
2.6082 -4.19695 -5.91045
2.6082 -4.19695 -5.91044
2.6082 -4.19695 -5.91044
20MABNDA000272_PR038
-2.61498 -4.19702 -3.81176
-2.61499 -4.19702 -3.81176
-2.61499 -4.19702 -3.81176
-2.61499 -4.19702 -3.81176
-2.61499 -4.19702 -3.81176
-2.61499 -4.19702 -3.81176
-2.61499 -4.19702 -3.81176
-2.61499 -4.19702 -3.81176
20MABNDA000003_PR039
-2.61056 -4.19693 -5.91439
-2.61056 -4.19693 -5.91439
-2.61056 -4.19693 -5.91439
-2.61056 -4.19693 -5.91439
-2.61056 -4.19693 -5.91439
-2.61056 -4.19693 -5.91439
-2.61056 -4.19693 -5.91439
-2.61056 -4.19693 -5.91439


*****************************************************************Rapport********************************************************************************** 
CAM-EBC-US-IP_EBC-US-IP 2014.08.13.15.35.37 2.60132 -4.19783 -3.81195 1.4437e-06 0 8.92081e-07 VRAI 
CAM-EBC-US-HO_EBC-US-HO 2014.08.13.15.35.37 2.6082 -4.19695 -5.91044 6.52256e-07 2.06477e-07 9.05912e-07 VRAI 
CAM-EBC-USA-IP_EBC-USA-IP 2014.08.13.15.35.37 -2.61499 -4.19702 -3.81176 3.12214e-06 0 1.88486e-06 VRAI 
CAM-EBC-USA-HO_EBC-USA-HO 2014.08.13.15.35.37 -2.61056 -4.19693 -5.91439 8.40827e-07 0 9.05912e-07 VRAI 
