********** Fichier qui contient une sauvegarde des coordonnees images + coordonnees images transformees dans le repere BCAM (MOUNT) + coordonnees des prismes dans le repere MOUNT********** 
********************************************************************** Unite en metres (m)************************************************************************************************** 

*******************************************************************coordonnees images dans le repere CCD *********************************************************************************** 
20MABNDL000077_PR002
Spot 1 0.00233463 0.00163389
Spot 2 0.002395 0.001625
Spot 1 0.00233449 0.0016338
Spot 2 0.002395 0.001635
Spot 1 0.00233457 0.00163404
Spot 2 0.00239833 0.00163
Spot 1 0.00233485 0.00163382
Spot 2 0.002395 0.00163
Spot 1 0.0023344 0.00163375
Spot 2 0.0024 0.001635
Spot 1 0.00233485 0.00163368
Spot 2 0.002395 0.00163
Spot 1 0.00233452 0.00163378
Spot 2 0.002395 0.001635
Spot 1 0.00233464 0.001634
Spot 2 0.00239833 0.00163167
20MABNDL000077_PR003
Spot 1 -1e-06 -1e-06
Spot 2 -1e-06 -1e-06
Spot 1 -1e-06 -1e-06
Spot 2 -1e-06 -1e-06
Spot 1 -1e-06 -1e-06
Spot 2 -1e-06 -1e-06
Spot 1 -1e-06 -1e-06
Spot 2 -1e-06 -1e-06
Spot 1 -1e-06 -1e-06
Spot 2 -1e-06 -1e-06
Spot 1 -1e-06 -1e-06
Spot 2 -1e-06 -1e-06
Spot 1 -1e-06 -1e-06
Spot 2 -1e-06 -1e-06
Spot 1 -1e-06 -1e-06
Spot 2 -1e-06 -1e-06
20MABNDL000077_PR024
Spot 1 -1e-06 -1e-06
Spot 2 -1e-06 -1e-06
Spot 1 -1e-06 -1e-06
Spot 2 -1e-06 -1e-06
Spot 1 -1e-06 -1e-06
Spot 2 -1e-06 -1e-06
Spot 1 -1e-06 -1e-06
Spot 2 -1e-06 -1e-06
Spot 1 -1e-06 -1e-06
Spot 2 -1e-06 -1e-06
Spot 1 -1e-06 -1e-06
Spot 2 -1e-06 -1e-06
Spot 1 -1e-06 -1e-06
Spot 2 -1e-06 -1e-06
Spot 1 -1e-06 -1e-06
Spot 2 -1e-06 -1e-06
20MABNDL000077_20MAB
Spot 1 0.00233453 0.00163376
Spot 2 -1e-06 -1e-06
Spot 1 0.0023346 0.00163392
Spot 2 0.002395 0.001635
Spot 1 0.00233454 0.001634
Spot 2 0.0024 0.00163
Spot 1 0.00233463 0.00163368
Spot 2 0.002395 0.001625
Spot 1 0.00233458 0.00163375
Spot 2 0.002395 0.001625
Spot 1 0.00233478 0.00163384
Spot 2 0.002405 0.001625
Spot 1 0.00233463 0.00163377
Spot 2 -1e-06 -1e-06
20MABNDM000020_PR013
Spot 1 0.00154926 0.00077289
Spot 2 -1e-06 -1e-06
Spot 1 0.0015491 0.00077289
Spot 2 -1e-06 -1e-06
Spot 1 0.00154976 0.00077304
Spot 2 -1e-06 -1e-06
Spot 1 0.00154914 0.00077315
Spot 2 -1e-06 -1e-06
Spot 1 0.00154927 0.00077299
Spot 2 -1e-06 -1e-06
Spot 1 0.0015495 0.0007731
Spot 2 -1e-06 -1e-06
Spot 1 0.0015494 0.00077293
Spot 2 -1e-06 -1e-06
20MABNDM000020_PR014
Spot 1 -1e-06 -1e-06
Spot 2 -1e-06 -1e-06
Spot 1 -1e-06 -1e-06
Spot 2 -1e-06 -1e-06
Spot 1 -1e-06 -1e-06
Spot 2 -1e-06 -1e-06
Spot 1 -1e-06 -1e-06
Spot 2 -1e-06 -1e-06
Spot 1 -1e-06 -1e-06
Spot 2 -1e-06 -1e-06
Spot 1 -1e-06 -1e-06
Spot 2 -1e-06 -1e-06
Spot 1 -1e-06 -1e-06
Spot 2 -1e-06 -1e-06
20MABNDM000020_PR035
Spot 1 -1e-06 -1e-06
Spot 2 -1e-06 -1e-06
Spot 1 -1e-06 -1e-06
Spot 2 -1e-06 -1e-06
Spot 1 -1e-06 -1e-06
Spot 2 -1e-06 -1e-06
Spot 1 -1e-06 -1e-06
Spot 2 -1e-06 -1e-06
Spot 1 -1e-06 -1e-06
Spot 2 -1e-06 -1e-06
Spot 1 -1e-06 -1e-06
Spot 2 -1e-06 -1e-06
Spot 1 -1e-06 -1e-06
Spot 2 -1e-06 -1e-06
20MABNDM000020_20MAB
Spot 1 0.00154914 0.00077278
Spot 2 -1e-06 -1e-06
Spot 1 0.00154955 0.00077285
Spot 2 -1e-06 -1e-06
Spot 1 0.00154956 0.00077282
Spot 2 -1e-06 -1e-06
Spot 1 0.00154908 0.0007732
Spot 2 -1e-06 -1e-06
Spot 1 0.00154992 0.00077315
Spot 2 -1e-06 -1e-06
Spot 1 0.00154916 0.00077285
Spot 2 -1e-06 -1e-06
Spot 1 0.0015493 0.00077313
Spot 2 -1e-06 -1e-06


****************************************************************coordonnees images transformees dans le repere MOUNT************************************************************************* 
20MABNDL000077_PR002
Spot 1 0.0134062 0.0356945 -0.074632
Spot 2 0.0134665 0.0356851 -0.074632
Spot 1 -0.0131743 0.0356909 -0.006954
Spot 2 -0.0132346 0.0356814 -0.006954
Spot 1 0.013406 0.0356944 -0.074632
Spot 2 0.0134665 0.0356951 -0.074632
Spot 1 -0.0131742 0.0356909 -0.006954
Spot 2 -0.0132347 0.0356914 -0.006954
Spot 1 0.0134061 0.0356947 -0.074632
Spot 2 0.0134698 0.03569 -0.074632
Spot 1 -0.0131743 0.0356911 -0.006954
Spot 2 -0.013238 0.0356864 -0.006954
Spot 1 0.0134064 0.0356945 -0.074632
Spot 2 0.0134665 0.0356901 -0.074632
Spot 1 -0.0131746 0.0356909 -0.006954
Spot 2 -0.0132347 0.0356864 -0.006954
Spot 1 0.0134059 0.0356944 -0.074632
Spot 2 0.0134715 0.035695 -0.074632
Spot 1 -0.0131741 0.0356908 -0.006954
Spot 2 -0.0132397 0.0356914 -0.006954
Spot 1 0.0134064 0.0356943 -0.074632
Spot 2 0.0134665 0.0356901 -0.074632
Spot 1 -0.0131746 0.0356907 -0.006954
Spot 2 -0.0132347 0.0356864 -0.006954
Spot 1 0.0134061 0.0356944 -0.074632
Spot 2 0.0134665 0.0356951 -0.074632
Spot 1 -0.0131742 0.0356908 -0.006954
Spot 2 -0.0132347 0.0356914 -0.006954
Spot 1 0.0134062 0.0356946 -0.074632
Spot 2 0.0134698 0.0356917 -0.074632
Spot 1 -0.0131744 0.035691 -0.006954
Spot 2 -0.013238 0.0356881 -0.006954


*****************************************************************coordonnees du prisme dans le repere MOUNT********************************************************************************** 
20MABNDL000077_PR002
-0.0240734 0.0155914 3.70688
-0.0367732 0.0156134 3.66657
-3.58296 -0.0225157 -0.988686
-3.59566 -0.0224937 -1.029
3.57814 -0.0204413 1.01247
3.56544 -0.0204193 0.972155
0.0258224 0.0149976 -3.74718
0.0131227 0.0150196 -3.7875
-0.0240723 0.0153466 3.70688
-0.0367721 0.0153686 3.66657
-3.58295 -0.0231951 -0.988684
-3.59564 -0.0231731 -1.029
3.57813 -0.0211233 1.01247
3.56543 -0.0211013 0.972153
0.0258214 0.0147514 -3.74718
0.0131217 0.0147734 -3.7875
-0.0241554 0.015465 3.70688
-0.0368552 0.015487 3.66657
-3.58297 -0.0228631 -0.988628
-3.59567 -0.0228411 -1.02894
3.57816 -0.0207899 1.01241
3.56546 -0.0207679 0.972094
0.0259049 0.0148705 -3.74718
0.0132052 0.0148925 -3.7875
-0.0240801 0.0154697 3.70688
-0.0367798 0.0154917 3.66657
-3.58295 -0.0228533 -0.98868
-3.59565 -0.0228313 -1.02899
3.57814 -0.0207802 1.01246
3.56544 -0.0207582 0.972149
0.0258291 0.0148752 -3.74718
0.0131293 0.0148972 -3.7875
-0.0241936 0.015349 3.70688
-0.0368933 0.015371 3.66656
-3.58297 -0.0231833 -0.988601
-3.59567 -0.0231613 -1.02892
3.57816 -0.0211114 1.01238
3.56546 -0.0210894 0.972064
0.0259434 0.0147539 -3.74718
0.0132436 0.0147759 -3.7875
-0.02408 0.0154731 3.70688
-0.0367798 0.0154951 3.66657
-3.58295 -0.0228436 -0.98868
-3.59565 -0.0228216 -1.02899
3.57814 -0.0207705 1.01246
3.56544 -0.0207485 0.972149
0.0258291 0.0148787 -3.74718
0.0131293 0.0149007 -3.7875
-0.0240731 0.0153471 3.70688
-0.0367728 0.0153691 3.66657
-3.58295 -0.0231938 -0.988683
-3.59565 -0.0231718 -1.029
3.57813 -0.021122 1.01247
3.56543 -0.0211 0.972152
0.0258222 0.0147519 -3.74718
0.0131224 0.0147739 -3.7875
-0.0241575 0.0154247 3.70688
-0.0368573 0.0154467 3.66657
-3.58296 -0.0229749 -0.988626
-3.59566 -0.0229529 -1.02894
3.57815 -0.0209019 1.01241
3.56546 -0.0208799 0.972092
0.0259071 0.0148301 -3.74718
0.0132073 0.0148521 -3.7875


*****************************************************************coordonnees du prisme dans le repere ATLAS********************************************************************************** 
20MABNDL000077_PR002 0
2.84143 -3.76859 6.48607
2.84136 -3.78124 6.44573
2.8738 -7.32169 1.78608
2.87373 -7.33434 1.74575
2.87596 -0.163064 3.79606
2.8759 -0.175714 3.75573
2.83472 -3.7095 -0.967931
2.83466 -3.72215 -1.00826
2.84167 -3.76859 6.48606
2.84161 -3.78124 6.44573
2.87447 -7.32168 1.78608
2.87441 -7.33433 1.74575
2.87664 -0.163074 3.79606
2.87658 -0.175724 3.75573
2.83497 -3.7095 -0.96793
2.8349 -3.72215 -1.00826
2.84155 -3.76867 6.48606
2.84149 -3.78132 6.44573
2.87414 -7.3217 1.78614
2.87408 -7.33435 1.74581
2.87631 -0.163052 3.796
2.87624 -0.175702 3.75567
2.83485 -3.70942 -0.96793
2.83479 -3.72207 -1.00826
2.84155 -3.7686 6.48606
2.84148 -3.78125 6.44573
2.87413 -7.32169 1.78608
2.87407 -7.33434 1.74575
2.8763 -0.163068 3.79606
2.87624 -0.175718 3.75573
2.83485 -3.7095 -0.96793
2.83478 -3.72215 -1.00826
2.84167 -3.76871 6.48606
2.8416 -3.78136 6.44573
2.87446 -7.3217 1.78616
2.8744 -7.33435 1.74583
2.87663 -0.163049 3.79597
2.87657 -0.175699 3.75564
2.83497 -3.70938 -0.967929
2.8349 -3.72203 -1.00826
2.84154 -3.7686 6.48606
2.84148 -3.78125 6.44573
2.87412 -7.32169 1.78608
2.87406 -7.33434 1.74575
2.87629 -0.163067 3.79606
2.87623 -0.175717 3.75573
2.83484 -3.7095 -0.96793
2.83478 -3.72215 -1.00826
2.84167 -3.76859 6.48606
2.8416 -3.78124 6.44573
2.87447 -7.32168 1.78608
2.87441 -7.33433 1.74575
2.87664 -0.163074 3.79606
2.87658 -0.175724 3.75573
2.83497 -3.7095 -0.96793
2.8349 -3.72215 -1.00826
2.84159 -3.76867 6.48606
2.84153 -3.78132 6.44573
2.87425 -7.3217 1.78614
2.87419 -7.33435 1.74581
2.87642 -0.163053 3.796
2.87636 -0.175703 3.75567
2.83489 -3.70942 -0.967929
2.83483 -3.72207 -1.00826


*****************************************************************Rapport********************************************************************************** 
CAM-LBA-US_EBA-US-HO-H 2014.08.15.10.51.01 2.85674 -3.74704 2.7549 0.0187087 2.53105 2.72963 0 VRAI 
