********** Fichier qui contient une sauvegarde des coordonnees images + coordonnees images transformees dans le repere BCAM (MOUNT) + coordonnees des prismes dans le repere MOUNT********** 
********************************************************************** Unite en metres (m)************************************************************************************************** 

*******************************************************************coordonnees images dans le repere CCD *********************************************************************************** 
20MABNDA000188_PR008
Spot 1 0.002515 0.000405
Spot 2 0.000685 0.000595
Spot 1 0.002515 0.000405
Spot 2 0.000685 0.000595
Spot 1 0.002515 0.000405
Spot 2 0.000685 0.000595
Spot 1 0.002515 0.000405
Spot 2 0.000445 4.5e-05
20MABNDA000188_PR010
Spot 1 0.000445 4.5e-05
Spot 2 0.002455 4.5e-05
Spot 1 0.000445 4.5e-05
Spot 2 0.002455 4.5e-05
Spot 1 0.000445 4.5e-05
Spot 2 0.002455 4.5e-05
Spot 1 0.002455 4.5e-05
Spot 2 0.002325 0.000315
20MABNDA000039_PR009
Spot 1 0.000275 0.000245
Spot 2 0.000805 0.000265
Spot 1 0.000275 0.000245
Spot 2 0.000805 0.000265
Spot 1 0.000275 0.000245
Spot 2 0.000805 0.000265
Spot 1 0.000275 0.000245
Spot 2 0.000805 0.000265
20MABNDA000039_PR011
Spot 1 0.000845 0.000225
Spot 2 0.003075 4.5e-05
Spot 1 0.000845 0.000225
Spot 2 0.003075 4.5e-05
Spot 1 0.000845 0.000225
Spot 2 0.003075 4.5e-05
Spot 1 0.000845 0.000225
Spot 2 0.003165 0.000345
20MABNDB000155_PR020
Spot 1 0.001725 0.000545
Spot 2 0.000255 0.000385
Spot 1 0.001725 0.000545
Spot 2 0.000255 0.000385
Spot 1 0.001725 0.000545
Spot 2 0.000255 0.000385
Spot 1 0.001725 0.000545
Spot 2 0.000255 0.000385
20MABNDB000155_PR022
Spot 1 0.002405 0.000305
Spot 2 0.001545 0.000185
Spot 1 0.002405 0.000305
Spot 2 0.001545 0.000185
Spot 1 0.002405 0.000305
Spot 2 0.001545 0.000185
Spot 1 0.002405 0.000305
Spot 2 0.001545 0.000185
20MABNDB000010_PR021
Spot 1 0.00305575 0.00092061
Spot 2 0.00060697 0.00043598
Spot 1 0.00305731 0.0009206
Spot 2 0.00060748 0.0004364
Spot 1 0.00305655 0.00092073
Spot 2 0.00060676 0.0004358
Spot 1 0.00305346 0.00092068
Spot 2 0.00060668 0.00043524
20MABNDB000010_PR023
Spot 1 0.00247577 0.00073808
Spot 2 0.00144808 0.00088423
Spot 1 0.00144286 0.00088286
Spot 2 0.001645 0.000475
Spot 1 0.000615 5.5e-05
Spot 2 0.001645 0.000475
Spot 1 0.00208188 0.00088188
Spot 2 0.001445 0.00088269
20MABNDA000318_PR004
Spot 1 0.00321833 0.00011167
Spot 2 0.003395 0.000125
Spot 1 0.003395 0.000125
Spot 2 0.002515 2.5e-05
Spot 1 0.003395 0.000125
Spot 2 0.000785 2.5e-05
Spot 1 0.002045 0.000135
Spot 2 0.003395 0.000125
20MABNDA000334_PR005
Spot 1 0.002375 3.5e-05
Spot 2 0.001585 0.000175
Spot 1 0.002375 3.5e-05
Spot 2 0.003115 0.000585
Spot 1 0.002375 3.5e-05
Spot 2 0.003115 0.000585
Spot 1 0.002375 3.5e-05
Spot 2 0.003115 0.000585
20MABNDB000317_PR015
Spot 1 0.002705 0.000115
Spot 2 0.001805 0.000145
Spot 1 0.002705 0.000115
Spot 2 0.001805 0.000145
Spot 1 0.002705 0.000115
Spot 2 0.001805 0.000145
Spot 1 0.002705 0.000115
Spot 2 0.001805 0.000145
20MABNDB000146_PR016
Spot 1 0.002575 0.000115
Spot 2 0.000845 0.000335
Spot 1 0.002575 0.000115
Spot 2 0.000845 0.000335
Spot 1 0.002575 0.000115
Spot 2 0.000845 0.000335
Spot 1 0.002575 0.000115
Spot 2 0.001575 0.000235


****************************************************************coordonnees images transformees dans le repere MOUNT************************************************************************* 
20MABNDA000188_PR008
Spot 1 -0.0135336 0.0136557 -0.07502
Spot 2 -0.0117053 0.01345 -0.07502
Spot 1 -0.0135336 0.0136557 -0.07502
Spot 2 -0.0117053 0.01345 -0.07502
Spot 1 -0.0135336 0.0136557 -0.07502
Spot 2 -0.0117053 0.01345 -0.07502
Spot 1 -0.0135336 0.0136557 -0.07502
Spot 2 -0.0114606 0.0139979 -0.07502
20MABNDA000188_PR010
Spot 1 -0.0114606 0.0139979 -0.07502
Spot 2 -0.0134705 0.0140152 -0.07502
Spot 1 -0.0114606 0.0139979 -0.07502
Spot 2 -0.0134705 0.0140152 -0.07502
Spot 1 -0.0114606 0.0139979 -0.07502
Spot 2 -0.0134705 0.0140152 -0.07502
Spot 1 -0.0134705 0.0140152 -0.07502
Spot 2 -0.0133428 0.0137441 -0.07502
20MABNDA000039_PR009
Spot 1 -0.0112331 0.0139974 -0.074448
Spot 2 -0.0117632 0.0139797 -0.074448
Spot 1 -0.0112331 0.0139974 -0.074448
Spot 2 -0.0117632 0.0139797 -0.074448
Spot 1 -0.0112331 0.0139974 -0.074448
Spot 2 -0.0117632 0.0139797 -0.074448
Spot 1 -0.0112331 0.0139974 -0.074448
Spot 2 -0.0117632 0.0139797 -0.074448
20MABNDA000039_PR011
Spot 1 -0.011803 0.0140199 -0.074448
Spot 2 -0.0140322 0.0142096 -0.074448
Spot 1 -0.011803 0.0140199 -0.074448
Spot 2 -0.0140322 0.0142096 -0.074448
Spot 1 -0.011803 0.0140199 -0.074448
Spot 2 -0.0140322 0.0142096 -0.074448
Spot 1 -0.011803 0.0140199 -0.074448
Spot 2 -0.0141235 0.0139099 -0.074448
20MABNDB000155_PR020
Spot 1 -0.0125333 -0.0136972 -0.075017
Spot 2 -0.0140009 -0.0138773 -0.075017
Spot 1 -0.0125333 -0.0136972 -0.075017
Spot 2 -0.0140009 -0.0138773 -0.075017
Spot 1 -0.0125333 -0.0136972 -0.075017
Spot 2 -0.0140009 -0.0138773 -0.075017
Spot 1 -0.0125333 -0.0136972 -0.075017
Spot 2 -0.0140009 -0.0138773 -0.075017
20MABNDB000155_PR022
Spot 1 -0.01185 -0.0139279 -0.075017
Spot 2 -0.0127083 -0.0140596 -0.075017
Spot 1 -0.01185 -0.0139279 -0.075017
Spot 2 -0.0127083 -0.0140596 -0.075017
Spot 1 -0.01185 -0.0139279 -0.075017
Spot 2 -0.0127083 -0.0140596 -0.075017
Spot 1 -0.01185 -0.0139279 -0.075017
Spot 2 -0.0127083 -0.0140596 -0.075017
20MABNDB000010_PR021
Spot 1 -0.0113913 -0.0131547 -0.073582
Spot 2 -0.0138316 -0.0136807 -0.073582
Spot 1 -0.0113898 -0.0131547 -0.073582
Spot 2 -0.0138311 -0.0136803 -0.073582
Spot 1 -0.0113905 -0.0131546 -0.073582
Spot 2 -0.0138318 -0.0136809 -0.073582
Spot 1 -0.0113936 -0.0131547 -0.073582
Spot 2 -0.0138318 -0.0136815 -0.073582
20MABNDB000010_PR023
Spot 1 -0.0119682 -0.013347 -0.073582
Spot 2 -0.0129982 -0.0132183 -0.073582
Spot 1 -0.0130034 -0.0132198 -0.073582
Spot 2 -0.0127943 -0.0136241 -0.073582
Spot 1 -0.0138171 -0.0140615 -0.073582
Spot 2 -0.0127943 -0.0136241 -0.073582
Spot 1 -0.0123644 -0.0132099 -0.073582
Spot 2 -0.0130012 -0.0132199 -0.073582
20MABNDA000318_PR004
Spot 1 -0.0139426 0.0139804 -0.073106
Spot 2 -0.0141192 0.0139666 -0.073106
Spot 1 -0.0141192 0.0139666 -0.073106
Spot 2 -0.0132395 0.0140691 -0.073106
Spot 1 -0.0141192 0.0139666 -0.073106
Spot 2 -0.0115095 0.0140742 -0.073106
Spot 1 -0.0127692 0.0139605 -0.073106
Spot 2 -0.0141192 0.0139666 -0.073106
20MABNDA000334_PR005
Spot 1 -0.0130166 0.0140933 -0.073241
Spot 2 -0.0122268 0.0139526 -0.073241
Spot 1 -0.0130166 0.0140933 -0.073241
Spot 2 -0.0137572 0.013544 -0.073241
Spot 1 -0.0130166 0.0140933 -0.073241
Spot 2 -0.0137572 0.013544 -0.073241
Spot 1 -0.0130166 0.0140933 -0.073241
Spot 2 -0.0137572 0.013544 -0.073241
20MABNDB000317_PR015
Spot 1 -0.0114321 -0.0139688 -0.073261
Spot 2 -0.0123324 -0.0139493 -0.073261
Spot 1 -0.0114321 -0.0139688 -0.073261
Spot 2 -0.0123324 -0.0139493 -0.073261
Spot 1 -0.0114321 -0.0139688 -0.073261
Spot 2 -0.0123324 -0.0139493 -0.073261
Spot 1 -0.0114321 -0.0139688 -0.073261
Spot 2 -0.0123324 -0.0139493 -0.073261
20MABNDB000146_PR016
Spot 1 -0.0116307 -0.0136761 -0.074505
Spot 2 -0.0133612 -0.0134599 -0.074505
Spot 1 -0.0116307 -0.0136761 -0.074505
Spot 2 -0.0133612 -0.0134599 -0.074505
Spot 1 -0.0116307 -0.0136761 -0.074505
Spot 2 -0.0133612 -0.0134599 -0.074505
Spot 1 -0.0116307 -0.0136761 -0.074505
Spot 2 -0.0126309 -0.0135583 -0.074505


*****************************************************************coordonnees du prisme dans le repere MOUNT********************************************************************************** 
20MABNDA000188_PR008 0.006
-0.0222189 -0.0474218 9.21086
-0.0222189 -0.0474218 9.21086
-0.0222189 -0.0474218 9.21086
-0.0372409 -0.0810571 9.21055
20MABNDA000188_PR010 0.006
-0.0166603 -0.00312571 1.29072
-0.0166603 -0.00312571 1.29072
-0.0166603 -0.00312571 1.29072
-0.000533766 -0.000950154 1.2907
20MABNDA000039_PR009 0.006
-0.188608 -0.111497 11.1522
-0.188608 -0.111497 11.1522
-0.188608 -0.111497 11.1522
-0.188608 -0.111497 11.1522
20MABNDA000039_PR011 0.006
-0.00210871 -0.0309976 3.43965
-0.00210871 -0.0309976 3.43965
-0.00210871 -0.0309976 3.43965
-2.5918e-05 -0.0241643 3.43973
20MABNDB000155_PR020 0.006
0.0595604 0.0718711 9.20632
0.0595604 0.0718711 9.20632
0.0595604 0.0718711 9.20632
0.0595604 0.0718711 9.20632
20MABNDB000155_PR022 0.006
-0.0194802 0.00223446 1.28667
-0.0194802 0.00223446 1.28667
-0.0194802 0.00223446 1.28667
-0.0194802 0.00223446 1.28667
20MABNDB000010_PR021 0.006
-0.0209196 0.0395904 11.1542
-0.0210732 0.0395573 11.1542
-0.0209635 0.0395941 11.1542
-0.0207283 0.0396436 11.1542
20MABNDB000010_PR023 0.006
-0.0210798 -0.00305552 3.43995
-0.00201484 0.00333227 3.43992
0.0166425 0.0226323 3.43966
-0.0119228 -0.00616307 3.43997
20MABNDA000318_PR004 0.003
0.038282 -0.0167827 2.75203
0.0253894 -0.0184123 2.75222
-0.0063424 -0.0185082 2.75248
0.0167641 -0.0164212 2.75235
20MABNDA000334_PR005 0.003
-0.0143983 -0.0106293 2.15274
0.00746864 -0.0047913 2.1527
0.00746864 -0.0047913 2.1527
0.00746864 -0.0047913 2.1527
20MABNDB000317_PR015 0.003
-0.0419273 0.0191273 2.75387
-0.0419273 0.0191273 2.75387
-0.0419273 0.0191273 2.75387
-0.0419273 0.0191273 2.75387
20MABNDB000146_PR016 0.003
-0.017177 7.95916e-05 2.15505
-0.017177 7.95916e-05 2.15505
-0.017177 7.95916e-05 2.15505
-0.027676 0.0014938 2.15499


*****************************************************************coordonnees du prisme dans le repere ATLAS********************************************************************************** 
20MABNDA000188_PR008 0.006
3.44058 3.85507 7.9537
3.44058 3.85507 7.9537
3.44058 3.85507 7.9537
3.42556 3.85462 7.98733
20MABNDA000188_PR010 0.006
3.52667 -4.06461 7.91141
3.52667 -4.06461 7.91141
3.52667 -4.06461 7.91141
3.54279 -4.06447 7.90923
20MABNDA000039_PR009 0.006
3.89297 3.79269 12.7998
3.89297 3.79269 12.7998
3.89297 3.79269 12.7998
3.89297 3.79269 12.7998
20MABNDA000039_PR011 0.006
3.69714 -3.91966 12.8778
3.69714 -3.91966 12.8778
3.69714 -3.91966 12.8778
3.69506 -3.91959 12.8847
20MABNDB000155_PR020 0.006
-3.63825 3.85497 7.9788
-3.63825 3.85497 7.9788
-3.63825 3.85497 7.9788
-3.63825 3.85497 7.9788
20MABNDB000155_PR022 0.006
-3.54052 -4.06449 7.9103
-3.54052 -4.06449 7.9103
-3.54052 -4.06449 7.9103
-3.54052 -4.06449 7.9103
20MABNDB000010_PR021 0.006
-3.70763 3.79482 12.8627
-3.70778 3.79482 12.8627
-3.70767 3.79482 12.8627
-3.70744 3.79482 12.8626
20MABNDB000010_PR023 0.006
-3.71107 -3.91941 12.9085
-3.69202 -3.91945 12.9021
-3.67338 -3.91972 12.8828
-3.70191 -3.91939 12.9116
20MABNDA000318_PR004 0.003
2.65999 -4.19457 3.85382
2.6471 -4.19438 3.85545
2.61536 -4.19414 3.85554
2.63847 -4.19426 3.85346
20MABNDA000334_PR005 0.003
2.60659 -4.19407 5.93989
2.62846 -4.19409 5.93405
2.62846 -4.19409 5.93405
2.62846 -4.19409 5.93405
20MABNDB000317_PR015 0.003
-2.57506 -4.19358 3.86562
-2.57506 -4.19358 3.86562
-2.57506 -4.19358 3.86562
-2.57506 -4.19358 3.86562
20MABNDB000146_PR016 0.003
-2.60912 -4.19398 5.93043
-2.60912 -4.19398 5.93043
-2.60912 -4.19398 5.93043
-2.59862 -4.19403 5.93184


*****************************************************************Rapport********************************************************************************** 
CAM-ECTA-US-IP_ECTA-US-IP-T 2014.08.14.11.43.10 3.43683 3.85496 7.9621 0.00650153 0.000196566 0.0145653 0.006VRAI 
CAM-ECTA-US-IP_ECTA-US-IP 2014.08.14.11.43.10 3.5307 -4.06457 7.91086 0.00698262 5.96717e-05 0.000942772 0.006VRAI 
CAM-ECTA-US-HO_ECTA-US-HO-T 2014.08.14.11.43.10 3.89297 3.79269 12.7998 0 0 0 0.006VRAI 
CAM-ECTA-US-HO_ECTA-US-HO 2014.08.14.11.43.10 3.69662 -3.91964 12.8795 0.000902096 3.21071e-05 0.00295881 0.006VRAI 
CAM-ECTA-USA-IP_ECTA-USA-IP-T 2014.08.14.11.43.10 -3.63825 3.85497 7.9788 0 0 0 0.006VRAI 
CAM-ECTA-USA-IP_ECTA-USA-IP 2014.08.14.11.43.10 -3.54052 -4.06449 7.9103 0 0 0 0.006VRAI 
CAM-ECTA-USA-HO_ECTA-USA-HO-T 2014.08.14.11.43.10 -3.70763 3.79482 12.8627 0.000124551 4.57832e-07 3.09788e-05 0.006VRAI 
CAM-ECTA-USA-HO_ECTA-USA-HO 2014.08.14.11.43.10 -3.69459 -3.91949 12.9012 0.0139824 0.000133214 0.0111986 0.006VRAI 
CAM-EBA-US-IP_EBA-US-IP 2014.08.14.11.43.10 2.64023 -4.19434 3.85457 0.0162708 0.000156483 0.000938763 0.003VRAI 
CAM-EBA-US-HO_EBA-US-HO 2014.08.14.11.43.10 2.623 -4.19409 5.93551 0.00946891 9.29144e-06 0.00252707 0.003VRAI 
CAM-EBA-USA-IP_EBA-USA-IP 2014.08.14.11.43.10 -2.57506 -4.19358 3.86562 0 0 0 0.003VRAI 
CAM-EBA-USA-HO_EBA-USA-HO 2014.08.14.11.43.10 -2.60649 -4.19399 5.93078 0.0045461 2.25059e-05 0.000613029 0.003VRAI 
