********** Fichier qui contient une sauvegarde des coordonnees images + coordonnees images transformees dans le repere BCAM (MOUNT) + coordonnees des prismes dans le repere MOUNT********** 
********************************************************************** Unite en metres (m)************************************************************************************************** 

*******************************************************************coordonnees images dans le repere CCD *********************************************************************************** 
20MABNDB000135_PR027
Spot 1 0.002835 0.001165
Spot 2 0.003375 2.5e-05
Spot 1 0.002835 0.001165
Spot 2 0.003375 2.5e-05
Spot 1 0.002835 0.001165
Spot 2 0.003375 2.5e-05
Spot 1 0.002835 0.001165
Spot 2 0.003375 2.5e-05
Spot 1 0.002835 0.001165
Spot 2 0.003375 2.5e-05
20MABNDB000126_PR028
Spot 1 0.001615 9.5e-05
Spot 2 0.00328382 0.00033618
Spot 1 0.001615 9.5e-05
Spot 2 0.003284 0.000336
Spot 1 0.001615 9.5e-05
Spot 2 0.00328357 0.00033643
Spot 1 0.001615 9.5e-05
Spot 2 0.00328382 0.00033618
Spot 1 0.001615 9.5e-05
Spot 2 0.0032835 0.0003365
20MABNDA000272_PR038
Spot 1 0.000365 9.5e-05
Spot 2 0.002445 0.000265
Spot 1 0.000365 9.5e-05
Spot 2 0.002445 0.000265
Spot 1 0.000365 9.5e-05
Spot 2 0.002445 0.000265
Spot 1 0.000365 9.5e-05
Spot 2 0.002445 0.000265
Spot 1 0.000365 9.5e-05
Spot 2 0.002445 0.000265
20MABNDA000003_PR039
Spot 1 0.001635 0.000185
Spot 2 0.001035 5.5e-05
Spot 1 0.001635 0.000185
Spot 2 0.000385 0.000285
Spot 1 0.001035 5.5e-05
Spot 2 0.001635 0.000185
Spot 1 0.000385 0.000285
Spot 2 0.001035 5.5e-05


****************************************************************coordonnees images transformees dans le repere MOUNT************************************************************************* 
20MABNDB000135_PR027
Spot 1 -0.011567 -0.0129585 -0.074647
Spot 2 -0.0110397 -0.0141045 -0.074647
Spot 1 -0.011567 -0.0129585 -0.074647
Spot 2 -0.0110397 -0.0141045 -0.074647
Spot 1 -0.011567 -0.0129585 -0.074647
Spot 2 -0.0110397 -0.0141045 -0.074647
Spot 1 -0.011567 -0.0129585 -0.074647
Spot 2 -0.0110397 -0.0141045 -0.074647
Spot 1 -0.011567 -0.0129585 -0.074647
Spot 2 -0.0110397 -0.0141045 -0.074647
20MABNDB000126_PR028
Spot 1 -0.0125543 -0.0140873 -0.075004
Spot 2 -0.0108868 -0.0138372 -0.075004
Spot 1 -0.0125543 -0.0140873 -0.075004
Spot 2 -0.0108866 -0.0138374 -0.075004
Spot 1 -0.0125543 -0.0140873 -0.075004
Spot 2 -0.0108871 -0.013837 -0.075004
Spot 1 -0.0125543 -0.0140873 -0.075004
Spot 2 -0.0108868 -0.0138372 -0.075004
Spot 1 -0.0125543 -0.0140873 -0.075004
Spot 2 -0.0108871 -0.0138369 -0.075004
20MABNDA000272_PR038
Spot 1 -0.0111991 0.0140137 -0.074179
Spot 2 -0.0132794 0.0138474 -0.074179
Spot 1 -0.0111991 0.0140137 -0.074179
Spot 2 -0.0132794 0.0138474 -0.074179
Spot 1 -0.0111991 0.0140137 -0.074179
Spot 2 -0.0132794 0.0138474 -0.074179
Spot 1 -0.0111991 0.0140137 -0.074179
Spot 2 -0.0132794 0.0138474 -0.074179
Spot 1 -0.0111991 0.0140137 -0.074179
Spot 2 -0.0132794 0.0138474 -0.074179
20MABNDA000003_PR039
Spot 1 -0.0124317 0.0138663 -0.073734
Spot 2 -0.0118313 0.0139948 -0.073734
Spot 1 -0.0124317 0.0138663 -0.073734
Spot 2 -0.0111819 0.0137632 -0.073734
Spot 1 -0.0118313 0.0139948 -0.073734
Spot 2 -0.0124317 0.0138663 -0.073734
Spot 1 -0.0111819 0.0137632 -0.073734
Spot 2 -0.0118313 0.0139948 -0.073734


*****************************************************************coordonnees du prisme dans le repere MOUNT********************************************************************************** 
20MABNDB000135_PR027
-0.0613805 0.00239963 2.74891
-0.0613805 0.00239963 2.74891
-0.0613805 0.00239963 2.74891
-0.0613805 0.00239963 2.74891
-0.0613805 0.00239963 2.74891
20MABNDB000126_PR028
-0.039524 0.012084 2.14665
-0.0395266 0.0120866 2.14665
-0.0395204 0.0120805 2.14665
-0.039524 0.012084 2.14665
-0.0395194 0.0120795 2.14665
20MABNDA000272_PR038
-0.0282059 -0.0174172 2.74945
-0.0282059 -0.0174172 2.74945
-0.0282059 -0.0174172 2.74945
-0.0282059 -0.0174172 2.74945
-0.0282059 -0.0174172 2.74945
20MABNDA000003_PR039
-0.0290689 -0.0103365 2.14892
-0.0383489 -0.00702548 2.14886
-0.0290688 -0.0103365 2.14892
-0.0469254 -0.00886006 2.14872


*****************************************************************coordonnees du prisme dans le repere ATLAS********************************************************************************** 
20MABNDB000135_PR027 0.003
2.55998 -4.19452 -3.83613
2.55998 -4.19452 -3.83613
2.55998 -4.19452 -3.83613
2.55998 -4.19452 -3.83613
2.55998 -4.19452 -3.83613
20MABNDB000126_PR028 0.003
2.58637 -4.19438 -5.94429
2.58636 -4.19438 -5.94429
2.58637 -4.19438 -5.94429
2.58637 -4.19438 -5.94429
2.58637 -4.19438 -5.94429
20MABNDA000272_PR038 0.003
-2.59633 -4.19419 -3.85591
-2.59633 -4.19419 -3.85591
-2.59633 -4.19419 -3.85591
-2.59633 -4.19419 -3.85591
-2.59633 -4.19419 -3.85591
20MABNDA000003_PR039 0.003
-2.59265 -4.19425 -5.9431
-2.58337 -4.1943 -5.93979
-2.59265 -4.19425 -5.9431
-2.5748 -4.19445 -5.94162


*****************************************************************Rapport********************************************************************************** 
CAM-EBC-US-IP_EBC-US-IP 2014.08.20.15.11.45 2.55998 -4.19452 -3.83613 0 0 0 0.003 VRAI 
CAM-EBC-US-HO_EBC-US-HO 2014.08.20.15.11.45 2.58637 -4.19438 -5.94429 2.61436e-06 0 2.57669e-06 0.003 VRAI 
CAM-EBC-USA-IP_EBC-USA-IP 2014.08.20.15.11.45 -2.59633 -4.19419 -3.85591 0 0 0 0.003 VRAI 
CAM-EBC-USA-HO_EBC-USA-HO 2014.08.20.15.11.45 -2.58587 -4.19431 -5.9419 0.00743076 8.1335e-05 0.00136188 0.003 VRAI 
