********** Fichier qui contient une sauvegarde des coordonnees images + coordonnees images transformees dans le repere BCAM (MOUNT) + coordonnees des prismes dans le repere MOUNT********** 
********************************************************************** Unite en metres (m)************************************************************************************************** 

*******************************************************************coordonnees images dans le repere CCD *********************************************************************************** 
20MABNDA000318_PR004
Spot 1     0.00214933     0.00162668
Spot 2     0.00193217     0.00162819
Spot 1     0.00214933     0.00162664
Spot 2     0.00193235     0.00162811
Spot 1     0.00214920     0.00162685
Spot 2     0.00193213     0.00162762
Spot 1     0.00214920     0.00162664
Spot 2     0.00193229     0.00162811
Spot 1     0.00214939     0.00162636
Spot 2     0.00193250     0.00162804
Spot 1     0.00214926     0.00162674
Spot 2     0.00193237     0.00162785
Spot 1     0.00214923     0.00162686
Spot 2     0.00193264     0.00162810
Spot 1     0.00214932     0.00162671
Spot 2     0.00193227     0.00162799
Spot 1     0.00214925     0.00162694
Spot 2     0.00193205     0.00162816
Spot 1     0.00214926     0.00162673
Spot 2     0.00193221     0.00162789
20MABNDA000334_PR005
Spot 1     0.00247780     0.00157340
Spot 2     0.00219730     0.00157428
Spot 1     0.00247797     0.00157346
Spot 2     0.00219736     0.00157439
Spot 1     0.00247784     0.00157330
Spot 2     0.00219735     0.00157419
Spot 1     0.00247788     0.00157341
Spot 2     0.00219750     0.00157447
Spot 1     0.00247781     0.00157358
Spot 2     0.00219742     0.00157440
Spot 1     0.00247792     0.00157360
Spot 2     0.00219768     0.00157435
Spot 1     0.00247778     0.00157381
Spot 2     0.00219753     0.00157442
Spot 1     0.00247768     0.00157379
Spot 2     0.00219732     0.00157440
Spot 1     0.00247781     0.00157359
Spot 2     0.00219741     0.00157431
20MABNDB000317_PR015
Spot 1     0.00149479     0.00160875
Spot 2     0.00171447     0.00160308
Spot 1     0.00149487     0.00160867
Spot 2     0.00171453     0.00160319
Spot 1     0.00149479     0.00160885
Spot 2     0.00171462     0.00160315
Spot 1     0.00149467     0.00160867
Spot 2     0.00171429     0.00160319
Spot 1     0.00149487     0.00160879
Spot 2     0.00171453     0.00160315
Spot 1     0.00149489     0.00160877
Spot 2     0.00171444     0.00160316
Spot 1     0.00149485     0.00160874
Spot 2     0.00171456     0.00160308
Spot 1     0.00149479     0.00160881
Spot 2     0.00171453     0.00160311
20MABNDB000146_PR016
Spot 1     0.00145123     0.00133242
Spot 2     0.00172704     0.00133436
Spot 1     0.00145121     0.00133240
Spot 2     0.00172694     0.00133442
Spot 1     0.00145104     0.00133243
Spot 2     0.00172703     0.00133437
Spot 1     0.00145109     0.00133250
Spot 2     0.00172718     0.00133460
Spot 1     0.00145105     0.00133251
Spot 2     0.00172712     0.00133437
Spot 1     0.00145118     0.00133241
Spot 2     0.00172704     0.00133443
Spot 1     0.00145120     0.00133238
Spot 2     0.00172699     0.00133450
Spot 1     0.00145126     0.00133248
Spot 2     0.00172694     0.00133442


****************************************************************coordonnees images transformees dans le repere MOUNT************************************************************************* 
20MABNDA000318_PR004
Spot 1    -0.01286915     0.01246854    -0.07310601
Spot 2    -0.01265198     0.01246767    -0.07310601
Spot 1    -0.01286915     0.01246858    -0.07310601
Spot 2    -0.01265216     0.01246775    -0.07310601
Spot 1    -0.01286902     0.01246837    -0.07310601
Spot 2    -0.01265195     0.01246824    -0.07310601
Spot 1    -0.01286902     0.01246858    -0.07310601
Spot 2    -0.01265210     0.01246775    -0.07310601
Spot 1    -0.01286921     0.01246886    -0.07310601
Spot 2    -0.01265231     0.01246782    -0.07310601
Spot 1    -0.01286908     0.01246848    -0.07310601
Spot 2    -0.01265218     0.01246801    -0.07310601
Spot 1    -0.01286905     0.01246837    -0.07310601
Spot 2    -0.01265245     0.01246776    -0.07310601
Spot 1    -0.01286914     0.01246851    -0.07310601
Spot 2    -0.01265209     0.01246787    -0.07310601
Spot 1    -0.01286907     0.01246828    -0.07310601
Spot 2    -0.01265186     0.01246770    -0.07310601
Spot 1    -0.01286908     0.01246849    -0.07310601
Spot 2    -0.01265203     0.01246797    -0.07310601
20MABNDA000334_PR005
Spot 1    -0.01312090     0.01255500    -0.07324100
Spot 2    -0.01284040     0.01255385    -0.07324100
Spot 1    -0.01312107     0.01255494    -0.07324100
Spot 2    -0.01284046     0.01255374    -0.07324100
Spot 1    -0.01312094     0.01255510    -0.07324100
Spot 2    -0.01284045     0.01255394    -0.07324100
Spot 1    -0.01312098     0.01255499    -0.07324100
Spot 2    -0.01284060     0.01255366    -0.07324100
Spot 1    -0.01312091     0.01255482    -0.07324100
Spot 2    -0.01284052     0.01255373    -0.07324100
Spot 1    -0.01312102     0.01255480    -0.07324100
Spot 2    -0.01284078     0.01255378    -0.07324100
Spot 1    -0.01312088     0.01255459    -0.07324100
Spot 2    -0.01284063     0.01255371    -0.07324100
Spot 1    -0.01312078     0.01255461    -0.07324100
Spot 2    -0.01284042     0.01255373    -0.07324100
Spot 1    -0.01312091     0.01255481    -0.07324100
Spot 2    -0.01284051     0.01255382    -0.07324100
20MABNDB000317_PR015
Spot 1    -0.01265960    -0.01248921    -0.07326100
Spot 2    -0.01243987    -0.01249233    -0.07326100
Spot 1    -0.01265952    -0.01248929    -0.07326100
Spot 2    -0.01243981    -0.01249221    -0.07326100
Spot 1    -0.01265960    -0.01248911    -0.07326100
Spot 2    -0.01243972    -0.01249225    -0.07326100
Spot 1    -0.01265972    -0.01248930    -0.07326100
Spot 2    -0.01244005    -0.01249222    -0.07326100
Spot 1    -0.01265952    -0.01248917    -0.07326100
Spot 2    -0.01243981    -0.01249225    -0.07326100
Spot 1    -0.01265950    -0.01248919    -0.07326100
Spot 2    -0.01243990    -0.01249225    -0.07326100
Spot 1    -0.01265954    -0.01248922    -0.07326100
Spot 2    -0.01243978    -0.01249232    -0.07326100
Spot 1    -0.01265960    -0.01248915    -0.07326100
Spot 2    -0.01243981    -0.01249229    -0.07326100
20MABNDB000146_PR016
Spot 1    -0.01275713    -0.01246118    -0.07450499
Spot 2    -0.01248133    -0.01245863    -0.07450499
Spot 1    -0.01275715    -0.01246120    -0.07450499
Spot 2    -0.01248143    -0.01245857    -0.07450499
Spot 1    -0.01275732    -0.01246117    -0.07450499
Spot 2    -0.01248134    -0.01245862    -0.07450499
Spot 1    -0.01275727    -0.01246110    -0.07450499
Spot 2    -0.01248119    -0.01245839    -0.07450499
Spot 1    -0.01275731    -0.01246109    -0.07450499
Spot 2    -0.01248125    -0.01245862    -0.07450499
Spot 1    -0.01275718    -0.01246119    -0.07450499
Spot 2    -0.01248133    -0.01245856    -0.07450499
Spot 1    -0.01275716    -0.01246122    -0.07450499
Spot 2    -0.01248138    -0.01245849    -0.07450499
Spot 1    -0.01275710    -0.01246112    -0.07450499
Spot 2    -0.01248143    -0.01245857    -0.07450499


*****************************************************************coordonnees du prisme dans le repere MOUNT********************************************************************************** 
20MABNDA000318_PR004
   -0.00831575     0.03844414     2.74965858
   -0.00831245     0.03844195     2.74965858
   -0.00831884     0.03843681     2.74965858
   -0.00831592     0.03844195     2.74965858
   -0.00830857     0.03843554     2.74965858
   -0.00831336     0.03843903     2.74965858
   -0.00830897     0.03844582     2.74965858
   -0.00831409     0.03844105     2.74965858
   -0.00831944     0.03844836     2.74965858
   -0.00831628     0.03843956     2.74965858
20MABNDA000334_PR005
   -0.00414052     0.03133682     2.14977407
   -0.00413723     0.03133925     2.14977407
   -0.00413924     0.03133410     2.14977407
   -0.00413652     0.03133967     2.14977407
   -0.00413866     0.03134110     2.14977407
   -0.00413338     0.03134066     2.14977407
   -0.00413751     0.03134468     2.14977407
   -0.00414195     0.03134410     2.14977407
   -0.00413881     0.03133996     2.14977407
20MABNDB000317_PR015
   -0.01762618    -0.03432920     2.75128746
   -0.01762873    -0.03432979     2.75128746
   -0.01762888    -0.03433233     2.75128746
   -0.01762071    -0.03432969     2.75128746
   -0.01762871    -0.03433123     2.75128746
   -0.01762744    -0.03433105     2.75128746
   -0.01762892    -0.03432906     2.75128746
   -0.01762725    -0.03433086     2.75128746
20MABNDB000146_PR016
   -0.01363090    -0.03178577     2.15201283
   -0.01362917    -0.03178634     2.15201283
   -0.01362802    -0.03178605     2.15201283
   -0.01363089    -0.03179036     2.15201259
   -0.01362947    -0.03178720     2.15201259
   -0.01363019    -0.03178664     2.15201259
   -0.01362975    -0.03178722     2.15201259
   -0.01362988    -0.03178749     2.15201259


*****************************************************************coordonnees du prisme dans le repere ATLAS********************************************************************************** 
20MABNDA000318_PR004 0.00000000
    2.61469173    -4.19698811     3.83355165
    2.61469507    -4.19698811     3.83355379
    2.61468863    -4.19698858     3.83355904
    2.61469173    -4.19698811     3.83355379
    2.61469913    -4.19698858     3.83356023
    2.61469412    -4.19698811     3.83355665
    2.61469865    -4.19698811     3.83354998
    2.61469340    -4.19698811     3.83355474
    2.61468816    -4.19698811     3.83354735
    2.61469126    -4.19698811     3.83355618
20MABNDA000334_PR005 0.00000000
    2.61685920    -4.19702864     5.89792442
    2.61686254    -4.19702864     5.89792204
    2.61686063    -4.19702864     5.89792728
    2.61686325    -4.19702864     5.89792156
    2.61686110    -4.19702864     5.89792013
    2.61686635    -4.19702864     5.89792061
    2.61686230    -4.19702864     5.89791632
    2.61685777    -4.19702864     5.89791727
    2.61686087    -4.19702864     5.89792109
20MABNDB000317_PR015 0.00000000
   -2.61097455    -4.19700384     3.83568621
   -2.61097193    -4.19700384     3.83568549
   -2.61097169    -4.19700336     3.83568311
   -2.61098003    -4.19700384     3.83568573
   -2.61097193    -4.19700336     3.83568406
   -2.61097312    -4.19700336     3.83568430
   -2.61097169    -4.19700384     3.83568621
   -2.61097336    -4.19700384     3.83568454
20MABNDB000146_PR016 0.00000000
   -2.61265898    -4.19702482     5.89856243
   -2.61266065    -4.19702482     5.89856195
   -2.61266184    -4.19702482     5.89856195
   -2.61265898    -4.19702530     5.89855766
   -2.61266041    -4.19702530     5.89856100
   -2.61265969    -4.19702530     5.89856148
   -2.61266017    -4.19702530     5.89856100
   -2.61265993    -4.19702530     5.89856052


*****************************************************************Rapport********************************************************************************** 
CAM-EBA-US-IP_EBA-US-IP        2015.03.18.18.03.25     2.61469319    -4.19698820     3.83355434     0.00000351     0.00000019     0.00000376 0.00000000 VRAI 
CAM-EBA-US-HO_EBA-US-HO        2015.03.18.18.03.25     2.61686156    -4.19702864     5.89792119     0.00000233     0.00000000     0.00000315 0.00000000 VRAI 
CAM-EBA-USA-IP_EBA-USA-IP      2015.03.18.18.03.25    -2.61097354    -4.19700366     3.83568496     0.00000263     0.00000023     0.00000105 0.00000000 VRAI 
CAM-EBA-USA-HO_EBA-USA-HO      2015.03.18.18.03.25    -2.61266008    -4.19702512     5.89856100     0.00000088     0.00000023     0.00000139 0.00000000 VRAI 
