********** Fichier qui contient une sauvegarde des coordonnees images + coordonnees images transformees dans le repere BCAM (MOUNT) + coordonnees des prismes dans le repere MOUNT********** 
********************************************************************** Unite en metres (m)************************************************************************************************** 

*******************************************************************coordonnees images dans le repere CCD *********************************************************************************** 
20MABNDB000135_PR027
Spot 1 0.002835 0.001165
Spot 2 0.003375 2.5e-05
Spot 1 0.002835 0.001165
Spot 2 0.003375 2.5e-05
Spot 1 0.002835 0.001165
Spot 2 0.003375 2.5e-05
Spot 1 0.002835 0.001165
Spot 2 0.003375 2.5e-05
Spot 1 0.002835 0.001165
Spot 2 0.003375 2.5e-05
20MABNDB000126_PR028
Spot 1 0.000375 0.001175
Spot 2 0.002665 0.002195
Spot 1 0.000375 0.001175
Spot 2 0.002665 0.002195
Spot 1 0.000375 0.001175
Spot 2 0.002665 0.002195
Spot 1 0.000375 0.001175
Spot 2 0.002665 0.002195
Spot 1 0.000375 0.001175
Spot 2 0.002665 0.002195
20MABNDA000272_PR038
Spot 1 0.000365 9.5e-05
Spot 2 0.000705 0.000125
Spot 1 0.000365 9.5e-05
Spot 2 0.002445 0.000265
Spot 1 0.000365 9.5e-05
Spot 2 0.002445 0.000265
Spot 1 0.000365 9.5e-05
Spot 2 0.002445 0.000265
Spot 1 0.000365 9.5e-05
Spot 2 0.002445 0.000265
20MABNDA000003_PR039
Spot 1 0.001035 5.5e-05
Spot 2 0.001635 0.000185
Spot 1 0.002745 0.000865
Spot 2 0.000865 0.000695
Spot 1 0.002745 0.000865
Spot 2 0.000865 0.000695
Spot 1 0.002745 0.000865
Spot 2 0.000865 0.000695
Spot 1 0.002745 0.000865
Spot 2 0.000865 0.000695


****************************************************************coordonnees images transformees dans le repere MOUNT************************************************************************* 
20MABNDB000135_PR027
Spot 1 -0.011567 -0.0129585 -0.074647
Spot 2 -0.0110397 -0.0141045 -0.074647
Spot 1 -0.011567 -0.0129585 -0.074647
Spot 2 -0.0110397 -0.0141045 -0.074647
Spot 1 -0.011567 -0.0129585 -0.074647
Spot 2 -0.0110397 -0.0141045 -0.074647
Spot 1 -0.011567 -0.0129585 -0.074647
Spot 2 -0.0110397 -0.0141045 -0.074647
Spot 1 -0.011567 -0.0129585 -0.074647
Spot 2 -0.0110397 -0.0141045 -0.074647
20MABNDB000126_PR028
Spot 1 -0.0138001 -0.0130139 -0.075004
Spot 2 -0.0115155 -0.0119817 -0.075004
Spot 1 -0.0138001 -0.0130139 -0.075004
Spot 2 -0.0115155 -0.0119817 -0.075004
Spot 1 -0.0138001 -0.0130139 -0.075004
Spot 2 -0.0115155 -0.0119817 -0.075004
Spot 1 -0.0138001 -0.0130139 -0.075004
Spot 2 -0.0115155 -0.0119817 -0.075004
Spot 1 -0.0138001 -0.0130139 -0.075004
Spot 2 -0.0115155 -0.0119817 -0.075004
20MABNDA000272_PR038
Spot 1 -0.0111991 0.0140137 -0.074179
Spot 2 -0.0115392 0.0139843 -0.074179
Spot 1 -0.0111991 0.0140137 -0.074179
Spot 2 -0.0132794 0.0138474 -0.074179
Spot 1 -0.0111991 0.0140137 -0.074179
Spot 2 -0.0132794 0.0138474 -0.074179
Spot 1 -0.0111991 0.0140137 -0.074179
Spot 2 -0.0132794 0.0138474 -0.074179
Spot 1 -0.0111991 0.0140137 -0.074179
Spot 2 -0.0132794 0.0138474 -0.074179
20MABNDA000003_PR039
Spot 1 -0.0118313 0.0139948 -0.073734
Spot 2 -0.0124317 0.0138663 -0.073734
Spot 1 -0.0135434 0.0131892 -0.073734
Spot 2 -0.011663 0.0133544 -0.073734
Spot 1 -0.0135434 0.0131892 -0.073734
Spot 2 -0.011663 0.0133544 -0.073734
Spot 1 -0.0135434 0.0131892 -0.073734
Spot 2 -0.011663 0.0133544 -0.073734
Spot 1 -0.0135434 0.0131892 -0.073734
Spot 2 -0.011663 0.0133544 -0.073734


*****************************************************************coordonnees du prisme dans le repere MOUNT********************************************************************************** 
20MABNDB000135_PR027
-0.0613805 0.00239963 2.74891
-0.0613805 0.00239963 2.74891
-0.0613805 0.00239963 2.74891
-0.0613805 0.00239963 2.74891
-0.0613805 0.00239963 2.74891
20MABNDB000126_PR028
-0.0128093 -0.0296594 2.1469
-0.0128093 -0.0296594 2.1469
-0.0128093 -0.0296594 2.1469
-0.0128093 -0.0296594 2.1469
-0.0128093 -0.0296594 2.1469
20MABNDA000272_PR038
-0.060084 -0.0199211 2.74905
-0.0282059 -0.0174172 2.74945
-0.0282059 -0.0174172 2.74945
-0.0282059 -0.0174172 2.74945
-0.0282059 -0.0174172 2.74945
20MABNDA000003_PR039
-0.0290688 -0.0103365 2.14892
-0.0155882 0.00849263 2.1491
-0.0155882 0.00849263 2.1491
-0.0155882 0.00849263 2.1491
-0.0155882 0.00849263 2.1491


*****************************************************************coordonnees du prisme dans le repere ATLAS********************************************************************************** 
20MABNDB000135_PR027 0.003
2.55998 -4.19452 -3.83613
2.55998 -4.19452 -3.83613
2.55998 -4.19452 -3.83613
2.55998 -4.19452 -3.83613
2.55998 -4.19452 -3.83613
20MABNDB000126_PR028 0.003
2.6131 -4.19396 -5.90256
2.6131 -4.19396 -5.90256
2.6131 -4.19396 -5.90256
2.6131 -4.19396 -5.90256
2.6131 -4.19396 -5.90256
20MABNDA000272_PR038 0.003
-2.56445 -4.19457 -3.85842
-2.59633 -4.19419 -3.85591
-2.59633 -4.19419 -3.85591
-2.59633 -4.19419 -3.85591
-2.59633 -4.19419 -3.85591
20MABNDA000003_PR039 0.003
-2.59265 -4.19425 -5.9431
-2.60613 -4.19398 -5.92427
-2.60613 -4.19398 -5.92427
-2.60613 -4.19398 -5.92427
-2.60613 -4.19398 -5.92427


*****************************************************************Rapport********************************************************************************** 
CAM-EBC-US-IP_EBC-US-IP 2014.08.20.14.36.09 2.55998 -4.19452 -3.83613 0 0 0 0.003 VRAI 
CAM-EBC-US-HO_EBC-US-HO 2014.08.20.14.36.09 2.6131 -4.19396 -5.90256 0 0 0 0.003 VRAI 
CAM-EBC-USA-IP_EBC-USA-IP 2014.08.20.14.36.09 -2.58996 -4.19427 -3.85641 0.0127512 0.000152779 0.00100384 0.003 VRAI 
CAM-EBC-USA-HO_EBC-USA-HO 2014.08.20.14.36.09 -2.60344 -4.19403 -5.92804 0.00539293 0.000107956 0.00753078 0.003 VRAI 
