********** Fichier qui contient une sauvegarde des coordonnees images + coordonnees images transformees dans le repere BCAM (MOUNT) + coordonnees des prismes dans le repere MOUNT********** 
********************************************************************** Unite en metres (m)************************************************************************************************** 

*******************************************************************coordonnees images dans le repere CCD *********************************************************************************** 
20MABNDL000077_PR002
Spot 1 0.00233485 0.00163394
Spot 2 -1e-06 -1e-06
Spot 1 0.00233481 0.00163369
Spot 2 -1e-06 -1e-06
Spot 1 0.00233474 0.00163365
Spot 2 -1e-06 -1e-06
Spot 1 0.00233463 0.00163382
Spot 2 -1e-06 -1e-06
Spot 1 0.00233455 0.00163402
Spot 2 0.0024 0.00163
Spot 1 0.00233467 0.00163393
Spot 2 -1e-06 -1e-06
Spot 1 0.00233453 0.00163378
Spot 2 0.0024 0.00163
Spot 1 0.00233511 0.00163416
Spot 2 0.0024 0.00163
20MABNDL000077_PR003
Spot 1 -1e-06 -1e-06
Spot 2 -1e-06 -1e-06
Spot 1 -1e-06 -1e-06
Spot 2 -1e-06 -1e-06
Spot 1 -1e-06 -1e-06
Spot 2 -1e-06 -1e-06
Spot 1 -1e-06 -1e-06
Spot 2 -1e-06 -1e-06
Spot 1 -1e-06 -1e-06
Spot 2 -1e-06 -1e-06
Spot 1 -1e-06 -1e-06
Spot 2 -1e-06 -1e-06
Spot 1 -1e-06 -1e-06
Spot 2 -1e-06 -1e-06
Spot 1 -1e-06 -1e-06
Spot 2 -1e-06 -1e-06
20MABNDL000077_20MABNDM000168
Spot 1 0.00233482 0.00163386
Spot 2 0.002395 0.001625
Spot 1 0.00233481 0.00163364
Spot 2 -1e-06 -1e-06
Spot 1 0.00233462 0.001634
Spot 2 0.0024 0.00163
Spot 1 0.00233459 0.00163398
Spot 2 0.0024 0.00163
Spot 1 0.00233454 0.00163402
Spot 2 0.0024 0.00163
Spot 1 0.0023346 0.00163379
Spot 2 -1e-06 -1e-06
Spot 1 0.00233453 0.00163395
Spot 2 0.00239833 0.00162833
20MABNDM000020_PR013
Spot 1 0.0015491 0.0007728
Spot 2 -1e-06 -1e-06
Spot 1 0.00154899 0.00077267
Spot 2 -1e-06 -1e-06
Spot 1 0.0015491 0.00077231
Spot 2 -1e-06 -1e-06
Spot 1 0.00154922 0.00077251
Spot 2 -1e-06 -1e-06
Spot 1 0.0015494 0.00077252
Spot 2 -1e-06 -1e-06
Spot 1 0.00154914 0.00077313
Spot 2 -1e-06 -1e-06
Spot 1 0.0015488 0.00077355
Spot 2 -1e-06 -1e-06
20MABNDM000020_PR014
Spot 1 -1e-06 -1e-06
Spot 2 -1e-06 -1e-06
Spot 1 -1e-06 -1e-06
Spot 2 -1e-06 -1e-06
Spot 1 -1e-06 -1e-06
Spot 2 -1e-06 -1e-06
Spot 1 -1e-06 -1e-06
Spot 2 -1e-06 -1e-06
Spot 1 -1e-06 -1e-06
Spot 2 -1e-06 -1e-06
Spot 1 -1e-06 -1e-06
Spot 2 -1e-06 -1e-06
Spot 1 -1e-06 -1e-06
Spot 2 -1e-06 -1e-06
20MABNDM000020_20MABNDL000196
Spot 1 0.00154903 0.000773
Spot 2 -1e-06 -1e-06
Spot 1 0.00154878 0.00077283
Spot 2 -1e-06 -1e-06
Spot 1 0.00154942 0.00077254
Spot 2 -1e-06 -1e-06
Spot 1 0.00154935 0.00077263
Spot 2 -1e-06 -1e-06
Spot 1 0.00154899 0.0007725
Spot 2 -1e-06 -1e-06
Spot 1 0.00154899 0.00077302
Spot 2 -1e-06 -1e-06
Spot 1 0.00154908 0.00077344
Spot 2 -1e-06 -1e-06


****************************************************************coordonnees images transformees dans le repere MOUNT************************************************************************* 
20MABNDL000077_PR002
Spot 1 0.0134064 0.0356946 -0.074632
Spot 2 0.0110549 0.0340822 -0.074632
Spot 1 -0.0131746 0.035691 -0.006954
Spot 2 -0.0108221 0.03408 -0.006954
Spot 1 0.0134063 0.0356943 -0.074632
Spot 2 0.0110549 0.0340822 -0.074632
Spot 1 -0.0131745 0.0356907 -0.006954
Spot 2 -0.0108221 0.03408 -0.006954
Spot 1 0.0134063 0.0356943 -0.074632
Spot 2 0.0110549 0.0340822 -0.074632
Spot 1 -0.0131745 0.0356907 -0.006954
Spot 2 -0.0108221 0.03408 -0.006954
Spot 1 0.0134062 0.0356945 -0.074632
Spot 2 0.0110549 0.0340822 -0.074632
Spot 1 -0.0131743 0.0356909 -0.006954
Spot 2 -0.0108221 0.03408 -0.006954
Spot 1 0.0134061 0.0356947 -0.074632
Spot 2 0.0134715 0.03569 -0.074632
Spot 1 -0.0131743 0.0356911 -0.006954
Spot 2 -0.0132397 0.0356864 -0.006954
Spot 1 0.0134062 0.0356946 -0.074632
Spot 2 0.0110549 0.0340822 -0.074632
Spot 1 -0.0131744 0.035691 -0.006954
Spot 2 -0.0108221 0.03408 -0.006954
Spot 1 0.0134061 0.0356944 -0.074632
Spot 2 0.0134715 0.03569 -0.074632
Spot 1 -0.0131742 0.0356908 -0.006954
Spot 2 -0.0132397 0.0356864 -0.006954
Spot 1 0.0134067 0.0356948 -0.074632
Spot 2 0.0134715 0.03569 -0.074632
Spot 1 -0.0131748 0.0356912 -0.006954
Spot 2 -0.0132397 0.0356864 -0.006954


*****************************************************************coordonnees du prisme dans le repere MOUNT********************************************************************************** 
20MABNDL000077_PR002
0.035487 0.0551818 3.707
0.0227873 0.0552038 3.66669
-3.57147 0.0897228 -1.03138
-3.58417 0.0897448 -1.07169
3.56492 0.0922111 1.05797
3.55222 0.0922331 1.01766
-0.0341132 0.0547844 -3.74713
-0.046813 0.0548064 -3.78745
0.0354881 0.055188 3.707
0.0227883 0.05521 3.66669
-3.57147 0.0897407 -1.03138
-3.58416 0.0897627 -1.07169
3.56492 0.0922291 1.05797
3.55222 0.0922511 1.01766
-0.0341143 0.0547906 -3.74713
-0.046814 0.0548126 -3.78745
0.0354898 0.055189 3.707
0.0227901 0.055211 3.66669
-3.57146 0.0897437 -1.03138
-3.58416 0.0897657 -1.07169
3.56492 0.0922321 1.05798
3.55222 0.0922541 1.01766
-0.034116 0.0547916 -3.74713
-0.0468158 0.0548136 -3.78745
0.0354925 0.0551848 3.707
0.0227927 0.0552068 3.66669
-3.57146 0.0897315 -1.03138
-3.58416 0.0897535 -1.07169
3.56492 0.0922199 1.05798
3.55222 0.0922419 1.01766
-0.0341187 0.0547874 -3.74713
-0.0468185 0.0548094 -3.78745
-0.0241962 0.0154659 3.70688
-0.0368959 0.0154879 3.66657
-3.58297 -0.0228588 -0.9886
-3.59567 -0.0228368 -1.02892
3.57816 -0.0207857 1.01238
3.56546 -0.0207637 0.972064
0.0259459 0.0148715 -3.74718
0.0132462 0.0148935 -3.7875
0.0354915 0.055182 3.707
0.0227917 0.055204 3.66669
-3.57146 0.0897235 -1.03138
-3.58416 0.0897455 -1.07169
3.56492 0.0922118 1.05798
3.55222 0.0922339 1.01766
-0.0341177 0.0547846 -3.74713
-0.0468175 0.0548066 -3.78745
-0.0241956 0.0154718 3.70688
-0.0368954 0.0154938 3.66657
-3.58297 -0.0228425 -0.988601
-3.59567 -0.0228205 -1.02892
3.57816 -0.0207693 1.01238
3.56546 -0.0207473 0.972064
0.0259454 0.0148774 -3.74718
0.0132456 0.0148994 -3.7875
-0.02421 0.0154626 3.70688
-0.0369098 0.0154846 3.66656
-3.58298 -0.0228674 -0.988591
-3.59568 -0.0228454 -1.02891
3.57817 -0.0207944 1.01237
3.56547 -0.0207724 0.972054
0.0259599 0.0148681 -3.74718
0.0132601 0.0148901 -3.7875


*****************************************************************coordonnees du prisme dans le repere ATLAS********************************************************************************** 
20MABNDL000077_PR002 0
2.80185 -3.70902 6.4863
2.80179 -3.72167 6.44597
2.76152 -7.31011 1.74351
2.76145 -7.32276 1.70318
2.76335 -0.176308 3.84166
2.76328 -0.188958 3.80133
2.79492 -3.76943 -0.967911
2.79485 -3.78208 -1.00824
2.80185 -3.70902 6.4863
2.80178 -3.72167 6.44597
2.7615 -7.31011 1.74351
2.76143 -7.32276 1.70318
2.76333 -0.176309 3.84166
2.76327 -0.188959 3.80133
2.79491 -3.76943 -0.967911
2.79485 -3.78208 -1.00824
2.80185 -3.70901 6.4863
2.80178 -3.72166 6.44597
2.7615 -7.31011 1.74351
2.76143 -7.32276 1.70318
2.76333 -0.176309 3.84166
2.76326 -0.18896 3.80133
2.79491 -3.76943 -0.967911
2.79485 -3.78208 -1.00824
2.80185 -3.70901 6.4863
2.80179 -3.72166 6.44597
2.76151 -7.31011 1.74351
2.76144 -7.32276 1.70318
2.76334 -0.17631 3.84166
2.76328 -0.18896 3.80133
2.79492 -3.76943 -0.967911
2.79485 -3.78208 -1.00824
2.84155 -3.76871 6.48606
2.84149 -3.78136 6.44573
2.87414 -7.32171 1.78616
2.87407 -7.33436 1.74583
2.87631 -0.163043 3.79597
2.87624 -0.175693 3.75564
2.83485 -3.70938 -0.967929
2.83478 -3.72203 -1.00826
2.80185 -3.70901 6.4863
2.80179 -3.72166 6.44597
2.76152 -7.31011 1.74351
2.76145 -7.32276 1.70318
2.76335 -0.17631 3.84166
2.76328 -0.18896 3.80133
2.79492 -3.76943 -0.967911
2.79485 -3.78208 -1.00824
2.84155 -3.76871 6.48606
2.84148 -3.78136 6.44573
2.87412 -7.32171 1.78616
2.87406 -7.33436 1.74583
2.87629 -0.163043 3.79597
2.87622 -0.175693 3.75564
2.83484 -3.70938 -0.967929
2.83478 -3.72203 -1.00826
2.84155 -3.76873 6.48606
2.84149 -3.78138 6.44573
2.87415 -7.32171 1.78617
2.87408 -7.33436 1.74584
2.87631 -0.163041 3.79596
2.87625 -0.175691 3.75563
2.83485 -3.70937 -0.967929
2.83479 -3.72202 -1.00826


*****************************************************************Rapport********************************************************************************** 
CAM-LBA-US_EBA-US-HO-H 2014.08.15.14.52.21 2.80899 -3.74735 2.75542 0.0412497 2.52558 2.73486 0 VRAI 
