********** Fichier qui contient une sauvegarde des coordonnees images + coordonnees images transformees dans le repere BCAM (MOUNT) + coordonnees des prismes dans le repere MOUNT********** 
********************************************************************** Unite en metres (m)************************************************************************************************** 

*******************************************************************coordonnees images dans le repere CCD *********************************************************************************** 
20MABNDB000135_PR027
Spot 1 0.003375 2.5e-05
Spot 2 0.001735 0.000155
Spot 1 0.003375 2.5e-05
Spot 2 0.001735 0.000155
Spot 1 0.003375 2.5e-05
Spot 2 0.001735 0.000155
Spot 1 0.003375 2.5e-05
Spot 2 0.001735 0.000155
20MABNDB000126_PR028
Spot 1 0.001615 9.5e-05
Spot 2 0.00328364 0.00033636
Spot 1 0.001615 9.5e-05
Spot 2 0.00328405 0.00033595
Spot 1 0.001615 9.5e-05
Spot 2 0.00328364 0.00033636
20MABNDA000272_PR038
Spot 1 0.000365 9.5e-05
Spot 2 0.003265 5.5e-05
Spot 1 0.003265 5.5e-05
Spot 2 0.000255 2.5e-05
Spot 1 0.003265 5.5e-05
Spot 2 0.000255 2.5e-05
20MABNDA000003_PR039
Spot 1 0.001035 5.5e-05
Spot 2 0.001635 0.000185
Spot 1 0.001035 5.5e-05
Spot 2 0.001635 0.000185
Spot 1 0.001035 5.5e-05
Spot 2 0.001635 0.000185
20MABNDM000168_PR025
Spot 1 0.00246698 0.00156642
Spot 2 0.00105054 0.00209773
Spot 1 0.00246665 0.00156698
Spot 2 0.00105045 0.00209759
Spot 1 0.00246701 0.00156713
Spot 2 0.00105062 0.00209775
20MABNDM000168_PR026
Spot 1 0.0010141 0.00230632
Spot 2 0.00123919 0.00224957
Spot 1 0.00101377 0.00230628
Spot 2 0.00123931 0.00224915
Spot 1 0.00101385 0.00230605
Spot 2 0.00123917 0.00224947
20MABNDM000168_PR001
Spot 1 0.000555 0.000135
Spot 2 0.00099 4e-05
Spot 1 0.00088 8e-05
Spot 2 0.000615 5.5e-05
Spot 1 0.0029275 0.0001025
Spot 2 0.000305 2.5e-05
20MABNDM000168_20MABNDL000077
Spot 1 0.00157832 0.00140905
Spot 2 0.00166396 0.00088899
Spot 1 0.00157844 0.00140923
Spot 2 0.00181103 0.00112437
Spot 1 0.00157856 0.00140941
Spot 2 0.00181092 0.00112448
20MABNDL000196_PR036
Spot 1 0.00113782 0.00175991
Spot 2 0.00125311 0.00158419
Spot 1 0.00113783 0.00175929
Spot 2 -1e-06 -1e-06
Spot 1 0.00113794 0.00175994
Spot 2 0.0012475 0.001615
20MABNDL000196_PR037
Spot 1 0.0011 0.00141
Spot 2 -1e-06 -1e-06
Spot 1 -1e-06 -1e-06
Spot 2 -1e-06 -1e-06
Spot 1 0.00109833 0.00141167
Spot 2 -1e-06 -1e-06
20MABNDL000196_PR012
Spot 1 0.003328 5.8e-05
Spot 2 0.0018175 3e-05
Spot 1 0.001915 4.25e-05
Spot 2 0.002795 3.167e-05
Spot 1 0.00330944 4.722e-05
Spot 2 0.00307 4.667e-05
20MABNDL000196_20MABNDM000020
Spot 1 0.00183136 0.00130041
Spot 2 0.00225508 0.00067782
Spot 1 0.00183142 0.00130026
Spot 2 0.00225509 0.00067785
Spot 1 0.00183137 0.00130026
Spot 2 0.00225522 0.0006778


****************************************************************coordonnees images transformees dans le repere MOUNT************************************************************************* 
20MABNDB000135_PR027
Spot 1 -0.0110397 -0.0141045 -0.074647
Spot 2 -0.0126781 -0.0139562 -0.074647
Spot 1 -0.0110397 -0.0141045 -0.074647
Spot 2 -0.0126781 -0.0139562 -0.074647
Spot 1 -0.0110397 -0.0141045 -0.074647
Spot 2 -0.0126781 -0.0139562 -0.074647
Spot 1 -0.0110397 -0.0141045 -0.074647
Spot 2 -0.0126781 -0.0139562 -0.074647
20MABNDB000126_PR028
Spot 1 -0.0125543 -0.0140873 -0.075004
Spot 2 -0.010887 -0.013837 -0.075004
Spot 1 -0.0125543 -0.0140873 -0.075004
Spot 2 -0.0108866 -0.0138374 -0.075004
Spot 1 -0.0125543 -0.0140873 -0.075004
Spot 2 -0.010887 -0.013837 -0.075004
20MABNDA000272_PR038
Spot 1 -0.0111991 0.0140137 -0.074179
Spot 2 -0.0140991 0.0140588 -0.074179
Spot 1 -0.0140991 0.0140588 -0.074179
Spot 2 -0.011089 0.0140835 -0.074179
Spot 1 -0.0140991 0.0140588 -0.074179
Spot 2 -0.011089 0.0140835 -0.074179
20MABNDA000003_PR039
Spot 1 -0.0118313 0.0139948 -0.073734
Spot 2 -0.0124317 0.0138663 -0.073734
Spot 1 -0.0118313 0.0139948 -0.073734
Spot 2 -0.0124317 0.0138663 -0.073734
Spot 1 -0.0118313 0.0139948 -0.073734
Spot 2 -0.0124317 0.0138663 -0.073734
20MABNDM000168_PR025
Spot 1 -0.0119348 -0.0358981 -0.005329
Spot 2 -0.0133489 -0.0364354 -0.005329
Spot 1 -0.0119351 -0.0358986 -0.005329
Spot 2 -0.013349 -0.0364353 -0.005329
Spot 1 -0.0119347 -0.0358988 -0.005329
Spot 2 -0.0133488 -0.0364355 -0.005329
20MABNDM000168_PR026
Spot 1 -0.0133845 -0.0366442 -0.005329
Spot 2 -0.0131596 -0.0365865 -0.005329
Spot 1 -0.0133848 -0.0366442 -0.005329
Spot 2 -0.0131595 -0.0365861 -0.005329
Spot 1 -0.0133847 -0.0366439 -0.005329
Spot 2 -0.0131596 -0.0365864 -0.005329
20MABNDM000168_PR001
Spot 1 0.0138874 -0.0341502 -0.074451
Spot 2 0.0134538 -0.0340488 -0.074451
Spot 1 0.0135632 -0.0340904 -0.074451
Spot 2 0.0138286 -0.0340693 -0.074451
Spot 1 0.0115156 -0.034083 -0.074451
Spot 2 0.014139 -0.0340439 -0.074451
20MABNDM000168_20MABNDL000077
Spot 1 0.0128456 -0.0354091 -0.074451
Spot 2 0.0127675 -0.0348879 -0.074451
Spot 1 0.0128454 -0.0354093 -0.074451
Spot 2 0.012617 -0.0351211 -0.074451
Spot 1 0.0128453 -0.0354095 -0.074451
Spot 2 0.0126171 -0.0351212 -0.074451
20MABNDL000196_PR036
Spot 1 0.0121175 0.035949 -0.074836
Spot 2 0.0122331 0.0357735 -0.074836
Spot 1 0.0121175 0.0359484 -0.074836
Spot 2 0.0109823 0.0341857 -0.074836
Spot 1 0.0121176 0.035949 -0.074836
Spot 2 0.0122275 0.0358043 -0.074836
20MABNDL000196_PR037
Spot 1 0.0120804 0.035599 -0.074836
Spot 2 0.0109823 0.0341857 -0.074836
Spot 1 0.0109823 0.0341857 -0.074836
Spot 2 0.0109823 0.0341857 -0.074836
Spot 1 0.0120787 0.0356007 -0.074836
Spot 2 0.0109823 0.0341857 -0.074836
20MABNDL000196_PR012
Spot 1 -0.014132 0.0343012 -0.00611
Spot 2 -0.0126212 0.0343036 -0.00611
Spot 1 -0.012719 0.0343141 -0.00611
Spot 2 -0.0135986 0.0342856 -0.00611
Spot 1 -0.0141132 0.0342908 -0.00611
Spot 2 -0.0138738 0.0342951 -0.00611
20MABNDL000196_20MABNDM000020
Spot 1 -0.0126606 0.0355735 -0.00611
Spot 2 -0.0130717 0.0349425 -0.00611
Spot 1 -0.0126607 0.0355733 -0.00611
Spot 2 -0.0130718 0.0349425 -0.00611
Spot 1 -0.0126606 0.0355733 -0.00611
Spot 2 -0.0130719 0.0349424 -0.00611


*****************************************************************coordonnees du prisme dans le repere MOUNT********************************************************************************** 
20MABNDB000135_PR027
-0.0410104 0.0206918 2.74903
-0.0410104 0.0206918 2.74903
-0.0410104 0.0206918 2.74903
-0.0410104 0.0206918 2.74903
20MABNDB000126_PR028
-0.0395214 0.0120815 2.14665
-0.0395273 0.0120873 2.14665
-0.0395214 0.0120815 2.14665
20MABNDA000272_PR038
-0.0131887 -0.0212914 2.74944
-0.0152069 -0.0225701 2.74943
-0.0152069 -0.0225701 2.74943
20MABNDA000003_PR039
-0.0290688 -0.0103365 2.14892
-0.0290688 -0.0103365 2.14892
-0.0290688 -0.0103365 2.14892
20MABNDM000168_PR025
-0.0147305 0.00513183 -3.78857
-0.0147202 0.00514233 -3.78857
-0.0147333 0.00514988 -3.78857
20MABNDM000168_PR026
0.0179668 0.0306518 -3.98392
0.0179723 0.0306398 -3.98392
0.0179738 0.0306421 -3.98392
20MABNDM000168_PR001
-0.0579055 -0.132146 5.81395
-0.0598655 -0.133667 5.8139
0.00746357 -0.13495 5.81433
20MABNDM000168_20MABNDL000077
0.00934409 -0.0497517 5.38883
0.014755 -0.0413677 5.38884
0.0147555 -0.0413574 5.38884
20MABNDL000196_PR036
0.0431625 0.00431727 3.68783
0.0738649 0.0433122 3.68758
0.0432988 0.00356055 3.68783
20MABNDL000196_PR037
0.078069 0.0527363 3.88342
0.106434 0.0892601 3.88251
0.0781122 0.0526932 3.88342
20MABNDL000196_PR012
0.0413563 0.116941 -5.91496
0.0244266 0.11714 -5.91509
0.089292 0.117668 -5.91431
20MABNDL000196_20MABNDM000020
0.000601012 0.0421737 -5.47472
0.000603488 0.042178 -5.47472
0.000606298 0.0421798 -5.47472


*****************************************************************coordonnees du prisme dans le repere ATLAS********************************************************************************** 
20MABNDB000135_PR027 0.003
2.58025 -4.19468 -3.85454
2.58025 -4.19468 -3.85454
2.58025 -4.19468 -3.85454
2.58025 -4.19468 -3.85454
20MABNDB000126_PR028 0.003
2.58637 -4.19438 -5.94429
2.58636 -4.19439 -5.94429
2.58637 -4.19438 -5.94429
20MABNDA000272_PR038 0.003
-2.61135 -4.1942 -3.85978
-2.60933 -4.19422 -3.86106
-2.60933 -4.19422 -3.86106
20MABNDA000003_PR039 0.003
-2.59265 -4.19425 -5.9431
-2.59265 -4.19425 -5.9431
-2.59265 -4.19425 -5.9431
20MABNDM000168_PR025 0
2.85838 -3.73061 -6.4792
2.85839 -3.73062 -6.4792
2.8584 -3.7306 -6.4792
20MABNDM000168_PR026 0
2.88388 -3.76338 -6.67455
2.88387 -3.76339 -6.67455
2.88387 -3.76339 -6.67455
20MABNDM000168_PR001 0
2.72169 -3.68382 3.12331
2.72017 -3.68186 3.12326
2.71887 -3.74919 3.12371
20MABNDM000168_20MABNDL000077 0
2.80404 -3.75125 2.69821
2.81242 -3.75666 2.69823
2.81243 -3.75667 2.69823
20MABNDL000196_PR036 0
-2.84929 -3.70111 -6.47915
-2.81031 -3.67039 -6.47893
-2.85004 -3.70098 -6.47914
20MABNDL000196_PR037 0
-2.80089 -3.66636 -6.67477
-2.76438 -3.63798 -6.67389
-2.80093 -3.66632 -6.67477
20MABNDL000196_PR012 0
-2.73645 -3.69394 3.12364
-2.73624 -3.71087 3.12379
-2.73575 -3.646 3.12295
20MABNDL000196_20MABNDM000020 0
-2.81121 -3.73514 2.68344
-2.81121 -3.73513 2.68344
-2.8112 -3.73513 2.68344


*****************************************************************Rapport********************************************************************************** 
CAM-EBC-US-IP_EBC-US-IP 2014.08.20.15.47.08 2.58025 -4.19468 -3.85454 0 0 0 0.003 VRAI 
CAM-EBC-US-HO_EBC-US-HO 2014.08.20.15.47.08 2.58637 -4.19438 -5.94429 2.80979e-06 2.24783e-07 2.6974e-06 0.003 VRAI 
CAM-EBC-USA-IP_EBC-USA-IP 2014.08.20.15.47.08 -2.61001 -4.19421 -3.86063 0.000951282 7.86741e-06 0.000602981 0.003 VRAI 
CAM-EBC-USA-HO_EBC-USA-HO 2014.08.20.15.47.08 -2.59265 -4.19425 -5.9431 0 0 0 0.003 VRAI 
CAM-LBC-US_EBC-US-HO-H 2014.08.20.15.47.08 2.85839 -3.73061 -6.4792 7.33651e-06 5.62969e-06 0 0 VRAI 
CAM-LBC-US_JDC-US-H 2014.08.20.15.47.08 2.88387 -3.76339 -6.67455 5.26084e-06 3.05532e-06 0 0 VRAI 
CAM-LBC-US_EBA-US-IP-H 2014.08.20.15.47.08 2.72024 -3.70496 3.12343 0.00115301 0.0312871 0.000203558 0 VRAI 
CAM-LBC-US_CAM-LBA-US 2014.08.20.15.47.08 2.80963 -3.75486 2.69822 0.00395399 0.00255191 7.86741e-06 0 VRAI 
CAM-LBC-USA_EBC-USA-HO-H 2014.08.20.15.47.08 -2.83655 -3.69083 -6.47907 0.0185566 0.01445 0.000103447 0 VRAI 
CAM-LBC-USA_JDC-USA-H 2014.08.20.15.47.08 -2.78873 -3.65689 -6.67448 0.0172214 0.0133696 0.000416074 0 VRAI 
CAM-LBC-USA_EBA-USA-IP-H 2014.08.20.15.47.08 -2.73615 -3.6836 3.12346 0.000295719 0.0274709 0.000367183 0 VRAI 
CAM-LBC-USA_CAM-LBA-USA 2014.08.20.15.47.08 -2.81121 -3.73513 2.68344 2.59233e-06 2.14429e-06 0 0 VRAI 
