********** Fichier qui contient une sauvegarde des coordonnees images + coordonnees images transformees dans le repere BCAM (MOUNT) + coordonnees des prismes dans le repere MOUNT********** 
********************************************************************** Unite en metres (m)************************************************************************************************** 

*******************************************************************coordonnees images dans le repere CCD *********************************************************************************** 
20MABNDA000318_PR004
Spot 1     0.00214938     0.00162656
Spot 2     0.00193247     0.00162786
Spot 1     0.00214920     0.00162620
Spot 2     0.00193231     0.00162780
Spot 1     0.00214933     0.00162668
Spot 2     0.00193231     0.00162780
Spot 1     0.00214934     0.00162678
Spot 2     0.00193236     0.00162787
Spot 1     0.00214933     0.00162667
Spot 2     0.00193228     0.00162790
Spot 1     0.00214930     0.00162659
Spot 2     0.00193246     0.00162772
Spot 1     0.00214945     0.00162699
Spot 2     0.00193214     0.00162833
Spot 1     0.00214918     0.00162641
Spot 2     0.00193219     0.00162816
Spot 1     0.00214933     0.00162685
Spot 2     0.00193223     0.00162814
Spot 1     0.00214916     0.00162686
Spot 2     0.00193215     0.00162826
20MABNDA000334_PR005
Spot 1     0.00247808     0.00157357
Spot 2     0.00219736     0.00157443
Spot 1     0.00247769     0.00157360
Spot 2     0.00219745     0.00157439
Spot 1     0.00247779     0.00157357
Spot 2     0.00219733     0.00157438
Spot 1     0.00247794     0.00157328
Spot 2     0.00219730     0.00157426
Spot 1     0.00247777     0.00157345
Spot 2     0.00219750     0.00157446
Spot 1     0.00247784     0.00157352
Spot 2     0.00219757     0.00157432
Spot 1     0.00247793     0.00157348
Spot 2     0.00219750     0.00157447
Spot 1     0.00247788     0.00157348
Spot 2     0.00219731     0.00157465
Spot 1     0.00247779     0.00157349
Spot 2     0.00219753     0.00157438
20MABNDB000317_PR015
Spot 1     0.00149479     0.00160864
Spot 2     0.00171452     0.00160296
Spot 1     0.00149481     0.00160873
Spot 2     0.00171445     0.00160313
Spot 1     0.00149484     0.00160889
Spot 2     0.00171454     0.00160317
Spot 1     0.00149479     0.00160878
Spot 2     0.00171444     0.00160311
Spot 1     0.00149485     0.00160875
Spot 2     0.00171459     0.00160313
Spot 1     0.00149489     0.00160886
Spot 2     0.00171452     0.00160317
Spot 1     0.00149491     0.00160866
Spot 2     0.00171461     0.00160295
Spot 1     0.00149492     0.00160878
Spot 2     0.00171454     0.00160311
20MABNDB000146_PR016
Spot 1     0.00145122     0.00133240
Spot 2     0.00172701     0.00133446
Spot 1     0.00145122     0.00133243
Spot 2     0.00172704     0.00133438
Spot 1     0.00145123     0.00133243
Spot 2     0.00172686     0.00133445
Spot 1     0.00145118     0.00133240
Spot 2     0.00172714     0.00133452
Spot 1     0.00145115     0.00133240
Spot 2     0.00172700     0.00133446
Spot 1     0.00145110     0.00133240
Spot 2     0.00172704     0.00133448
Spot 1     0.00145115     0.00133239
Spot 2     0.00172695     0.00133456
Spot 1     0.00145119     0.00133257
Spot 2     0.00172723     0.00133445


****************************************************************coordonnees images transformees dans le repere MOUNT************************************************************************* 
20MABNDA000318_PR004
Spot 1    -0.01286920     0.01246866    -0.07310601
Spot 2    -0.01265229     0.01246800    -0.07310601
Spot 1    -0.01286902     0.01246902    -0.07310601
Spot 2    -0.01265213     0.01246806    -0.07310601
Spot 1    -0.01286915     0.01246854    -0.07310601
Spot 2    -0.01265213     0.01246806    -0.07310601
Spot 1    -0.01286916     0.01246844    -0.07310601
Spot 2    -0.01265218     0.01246799    -0.07310601
Spot 1    -0.01286915     0.01246855    -0.07310601
Spot 2    -0.01265210     0.01246796    -0.07310601
Spot 1    -0.01286912     0.01246863    -0.07310601
Spot 2    -0.01265228     0.01246814    -0.07310601
Spot 1    -0.01286927     0.01246823    -0.07310601
Spot 2    -0.01265195     0.01246753    -0.07310601
Spot 1    -0.01286900     0.01246881    -0.07310601
Spot 2    -0.01265200     0.01246770    -0.07310601
Spot 1    -0.01286915     0.01246837    -0.07310601
Spot 2    -0.01265204     0.01246772    -0.07310601
Spot 1    -0.01286898     0.01246837    -0.07310601
Spot 2    -0.01265196     0.01246760    -0.07310601
20MABNDA000334_PR005
Spot 1    -0.01312118     0.01255483    -0.07324100
Spot 2    -0.01284046     0.01255370    -0.07324100
Spot 1    -0.01312079     0.01255480    -0.07324100
Spot 2    -0.01284055     0.01255374    -0.07324100
Spot 1    -0.01312089     0.01255483    -0.07324100
Spot 2    -0.01284043     0.01255375    -0.07324100
Spot 1    -0.01312104     0.01255512    -0.07324100
Spot 2    -0.01284040     0.01255387    -0.07324100
Spot 1    -0.01312087     0.01255495    -0.07324100
Spot 2    -0.01284060     0.01255367    -0.07324100
Spot 1    -0.01312094     0.01255488    -0.07324100
Spot 2    -0.01284067     0.01255381    -0.07324100
Spot 1    -0.01312103     0.01255492    -0.07324100
Spot 2    -0.01284060     0.01255366    -0.07324100
Spot 1    -0.01312098     0.01255492    -0.07324100
Spot 2    -0.01284041     0.01255348    -0.07324100
Spot 1    -0.01312089     0.01255491    -0.07324100
Spot 2    -0.01284063     0.01255375    -0.07324100
20MABNDB000317_PR015
Spot 1    -0.01265960    -0.01248932    -0.07326100
Spot 2    -0.01243982    -0.01249244    -0.07326100
Spot 1    -0.01265958    -0.01248923    -0.07326100
Spot 2    -0.01243989    -0.01249227    -0.07326100
Spot 1    -0.01265956    -0.01248907    -0.07326100
Spot 2    -0.01243980    -0.01249223    -0.07326100
Spot 1    -0.01265960    -0.01248918    -0.07326100
Spot 2    -0.01243990    -0.01249230    -0.07326100
Spot 1    -0.01265954    -0.01248921    -0.07326100
Spot 2    -0.01243975    -0.01249227    -0.07326100
Spot 1    -0.01265951    -0.01248910    -0.07326100
Spot 2    -0.01243982    -0.01249223    -0.07326100
Spot 1    -0.01265948    -0.01248930    -0.07326100
Spot 2    -0.01243973    -0.01249245    -0.07326100
Spot 1    -0.01265947    -0.01248918    -0.07326100
Spot 2    -0.01243980    -0.01249229    -0.07326100
20MABNDB000146_PR016
Spot 1    -0.01275714    -0.01246120    -0.07450499
Spot 2    -0.01248136    -0.01245853    -0.07450499
Spot 1    -0.01275714    -0.01246117    -0.07450499
Spot 2    -0.01248133    -0.01245861    -0.07450499
Spot 1    -0.01275713    -0.01246117    -0.07450499
Spot 2    -0.01248151    -0.01245854    -0.07450499
Spot 1    -0.01275718    -0.01246120    -0.07450499
Spot 2    -0.01248123    -0.01245847    -0.07450499
Spot 1    -0.01275721    -0.01246120    -0.07450499
Spot 2    -0.01248137    -0.01245853    -0.07450499
Spot 1    -0.01275726    -0.01246120    -0.07450499
Spot 2    -0.01248133    -0.01245851    -0.07450499
Spot 1    -0.01275721    -0.01246121    -0.07450499
Spot 2    -0.01248142    -0.01245843    -0.07450499
Spot 1    -0.01275717    -0.01246103    -0.07450499
Spot 2    -0.01248114    -0.01245853    -0.07450499


*****************************************************************coordonnees du prisme dans le repere MOUNT********************************************************************************** 
20MABNDA000318_PR004
   -0.00830931     0.03843592     2.74965858
   -0.00831553     0.03842819     2.74965858
   -0.00831317     0.03843699     2.74965858
   -0.00831206     0.03844012     2.74965858
   -0.00831372     0.03843866     2.74965858
   -0.00831095     0.03843390     2.74965858
   -0.00831413     0.03845242     2.74965858
   -0.00831812     0.03843864     2.74965858
   -0.00831465     0.03844636     2.74965858
   -0.00831925     0.03844874     2.74965858
20MABNDA000334_PR005
   -0.00413566     0.03134140     2.14977407
   -0.00413995     0.03134125     2.14977407
   -0.00414023     0.03134067     2.14977407
   -0.00413853     0.03133481     2.14977407
   -0.00413809     0.03134010     2.14977407
   -0.00413609     0.03133909     2.14977407
   -0.00413580     0.03134066     2.14977407
   -0.00413923     0.03134324     2.14977407
   -0.00413737     0.03133953     2.14977407
20MABNDB000317_PR015
   -0.01762715    -0.03432503     2.75128746
   -0.01762618    -0.03432976     2.75128746
   -0.01762832    -0.03433342     2.75128746
   -0.01762563    -0.03433030     2.75128746
   -0.01762946    -0.03433017     2.75128746
   -0.01762886    -0.03433289     2.75128746
   -0.01763097    -0.03432526     2.75128746
   -0.01762981    -0.03433035     2.75128746
20MABNDB000146_PR016
   -0.01363032    -0.03178692     2.15201259
   -0.01363077    -0.03178620     2.15201283
   -0.01362830    -0.03178720     2.15201259
   -0.01363162    -0.03178778     2.15201259
   -0.01362917    -0.03178692     2.15201259
   -0.01362902    -0.03178720     2.15201259
   -0.01362846    -0.03178821     2.15201259
   -0.01363306    -0.03178924     2.15201259


*****************************************************************coordonnees du prisme dans le repere ATLAS********************************************************************************** 
20MABNDA000318_PR004 0.00000000
    2.61469817    -4.19698858     3.83355975
    2.61469197    -4.19698858     3.83356762
    2.61469436    -4.19698858     3.83355880
    2.61469555    -4.19698811     3.83355570
    2.61469388    -4.19698811     3.83355713
    2.61469674    -4.19698858     3.83356190
    2.61469340    -4.19698811     3.83354330
    2.61468935    -4.19698811     3.83355713
    2.61469293    -4.19698811     3.83354950
    2.61468840    -4.19698811     3.83354712
20MABNDA000334_PR005 0.00000000
    2.61686420    -4.19702864     5.89791965
    2.61685991    -4.19702864     5.89792013
    2.61685944    -4.19702864     5.89792061
    2.61686134    -4.19702864     5.89792633
    2.61686158    -4.19702864     5.89792109
    2.61686373    -4.19702864     5.89792204
    2.61686397    -4.19702864     5.89792061
    2.61686063    -4.19702864     5.89791775
    2.61686230    -4.19702864     5.89792156
20MABNDB000317_PR015 0.00000000
   -2.61097360    -4.19700384     3.83569026
   -2.61097455    -4.19700384     3.83568549
   -2.61097240    -4.19700336     3.83568192
   -2.61097503    -4.19700384     3.83568501
   -2.61097121    -4.19700384     3.83568525
   -2.61097169    -4.19700336     3.83568239
   -2.61096978    -4.19700384     3.83569002
   -2.61097074    -4.19700384     3.83568501
20MABNDB000146_PR016 0.00000000
   -2.61265945    -4.19702530     5.89856148
   -2.61265898    -4.19702482     5.89856195
   -2.61266160    -4.19702530     5.89856100
   -2.61265826    -4.19702530     5.89856052
   -2.61266065    -4.19702530     5.89856148
   -2.61266088    -4.19702530     5.89856100
   -2.61266136    -4.19702530     5.89856005
   -2.61265683    -4.19702530     5.89855909


*****************************************************************Rapport********************************************************************************** 
CAM-EBA-US-IP_EBA-US-IP        2015.03.18.17.59.43     2.61469347    -4.19698830     3.83355579     0.00000289     0.00000023     0.00000690 0.00000000 VRAI 
CAM-EBA-US-HO_EBA-US-HO        2015.03.18.17.59.43     2.61686190    -4.19702864     5.89792109     0.00000167     0.00000000     0.00000219 0.00000000 VRAI 
CAM-EBA-USA-IP_EBA-USA-IP      2015.03.18.17.59.43    -2.61097237    -4.19700372     3.83568567     0.00000175     0.00000021     0.00000287 0.00000000 VRAI 
CAM-EBA-USA-HO_EBA-USA-HO      2015.03.18.17.59.43    -2.61265975    -4.19702524     5.89856082     0.00000156     0.00000016     0.00000086 0.00000000 VRAI 
