********** Fichier qui contient une sauvegarde des coordonnees images + coordonnees images transformees dans le repere BCAM (MOUNT) + coordonnees des prismes dans le repere MOUNT********** 
********************************************************************** Unite en metres (m)************************************************************************************************** 

*******************************************************************coordonnees images dans le repere CCD *********************************************************************************** 
20MABNDA000196_PR006
Spot 1   0.00197672   0.00118515
Spot 2   0.00160593   0.00118005
Spot 1   0.00197694   0.00118507
Spot 2   0.00160586   0.00118017
Spot 1   0.00197670   0.00118515
Spot 2   0.00160581   0.00118029
Spot 1   0.00197672   0.00118511
Spot 2   0.00160580   0.00118035
Spot 1   0.00197680   0.00118511
Spot 2   0.00160580   0.00118035
Spot 1   0.00197684   0.00118522
Spot 2   0.00160588   0.00118051
Spot 1   0.00197674   0.00118526
Spot 2   0.00160574   0.00118030
Spot 1   0.00197677   0.00118542
Spot 2   0.00160584   0.00118028
Spot 1   0.00197683   0.00118542
Spot 2   0.00160587   0.00118017
Spot 1   0.00197688   0.00118534
Spot 2   0.00160583   0.00118025
20MABNDA000324_PR007
Spot 1   0.00195645   0.00097005
Spot 2   0.00174870   0.00097484
Spot 1   0.00195649   0.00096988
Spot 2   0.00174911   0.00097506
Spot 1   0.00195651   0.00096991
Spot 2   0.00174879   0.00097522
Spot 1   0.00195641   0.00097000
Spot 2   0.00174907   0.00097500
Spot 1   0.00195648   0.00097002
Spot 2   0.00174866   0.00097505
Spot 1   0.00195647   0.00096991
Spot 2   0.00174883   0.00097511
Spot 1   0.00195638   0.00096995
Spot 2   0.00174898   0.00097500
Spot 1   0.00195634   0.00097005
Spot 2   0.00174897   0.00097500
Spot 1   0.00195636   0.00097002
Spot 2   0.00174894   0.00097500
Spot 1   0.00195657   0.00096984
Spot 2   0.00174872   0.00097522
20MABNDB000001_PR017
Spot 1   0.00188336   0.00107191
Spot 2   0.00225434   0.00108165
Spot 1   0.00188336   0.00107185
Spot 2   0.00225420   0.00108167
Spot 1   0.00188337   0.00107177
Spot 2   0.00225414   0.00108152
Spot 1   0.00188324   0.00107198
Spot 2   0.00225410   0.00108159
Spot 1   0.00188337   0.00107176
Spot 2   0.00225400   0.00108149
Spot 1   0.00188340   0.00107188
Spot 2   0.00225405   0.00108149
Spot 1   0.00188333   0.00107177
Spot 2   0.00225420   0.00108143
Spot 1   0.00188341   0.00107191
Spot 2   0.00225425   0.00108165
Spot 1   0.00188337   0.00107182
Spot 2   0.00225414   0.00108141
Spot 1   0.00188347   0.00107168
Spot 2   0.00225425   0.00108137
20MABNDB000260_PR019
Spot 1   0.00192579   0.00116283
Spot 2   0.00212902   0.00116108
Spot 1   0.00192577   0.00116301
Spot 2   0.00212896   0.00116094
Spot 1   0.00192593   0.00116294
Spot 2   0.00212918   0.00116122
Spot 1   0.00192576   0.00116301
Spot 2   0.00212922   0.00116108
Spot 1   0.00192570   0.00116308
Spot 2   0.00212910   0.00116080
Spot 1   0.00192569   0.00116294
Spot 2   0.00212920   0.00116110
Spot 1   0.00192612   0.00116328
Spot 2   0.00212895   0.00116093
Spot 1   0.00192573   0.00116298
Spot 2   0.00212905   0.00116107
Spot 1   0.00192574   0.00116310
Spot 2   0.00212914   0.00116096


****************************************************************coordonnees images transformees dans le repere MOUNT************************************************************************* 
20MABNDA000196_PR006
Spot 1  -0.01293729   0.01279299  -0.07967100
Spot 2  -0.01256646   0.01279333  -0.07967100
Spot 1  -0.01293751   0.01279308  -0.07967100
Spot 2  -0.01256639   0.01279320  -0.07967100
Spot 1  -0.01293727   0.01279299  -0.07967100
Spot 2  -0.01256635   0.01279308  -0.07967100
Spot 1  -0.01293729   0.01279303  -0.07967100
Spot 2  -0.01256634   0.01279302  -0.07967100
Spot 1  -0.01293737   0.01279303  -0.07967100
Spot 2  -0.01256634   0.01279302  -0.07967100
Spot 1  -0.01293741   0.01279292  -0.07967100
Spot 2  -0.01256642   0.01279286  -0.07967100
Spot 1  -0.01293731   0.01279288  -0.07967100
Spot 2  -0.01256628   0.01279307  -0.07967100
Spot 1  -0.01293734   0.01279272  -0.07967100
Spot 2  -0.01256638   0.01279309  -0.07967100
Spot 1  -0.01293740   0.01279272  -0.07967100
Spot 2  -0.01256640   0.01279320  -0.07967100
Spot 1  -0.01293745   0.01279280  -0.07967100
Spot 2  -0.01256637   0.01279312  -0.07967100
20MABNDA000324_PR007
Spot 1  -0.01256405   0.01305145  -0.07446800
Spot 2  -0.01235627   0.01304828  -0.07446800
Spot 1  -0.01256409   0.01305162  -0.07446800
Spot 2  -0.01235668   0.01304806  -0.07446800
Spot 1  -0.01256411   0.01305159  -0.07446800
Spot 2  -0.01235636   0.01304790  -0.07446800
Spot 1  -0.01256401   0.01305150  -0.07446800
Spot 2  -0.01235664   0.01304812  -0.07446800
Spot 1  -0.01256408   0.01305148  -0.07446800
Spot 2  -0.01235623   0.01304807  -0.07446800
Spot 1  -0.01256407   0.01305159  -0.07446800
Spot 2  -0.01235640   0.01304801  -0.07446800
Spot 1  -0.01256398   0.01305155  -0.07446800
Spot 2  -0.01235655   0.01304812  -0.07446800
Spot 1  -0.01256394   0.01305145  -0.07446800
Spot 2  -0.01235654   0.01304812  -0.07446800
Spot 1  -0.01256396   0.01305148  -0.07446800
Spot 2  -0.01235651   0.01304812  -0.07446800
Spot 1  -0.01256417   0.01305166  -0.07446800
Spot 2  -0.01235629   0.01304790  -0.07446800
20MABNDB000001_PR017
Spot 1  -0.01229830  -0.01291761  -0.07418400
Spot 2  -0.01192724  -0.01291180  -0.07418400
Spot 1  -0.01229830  -0.01291767  -0.07418400
Spot 2  -0.01192738  -0.01291178  -0.07418400
Spot 1  -0.01229829  -0.01291775  -0.07418400
Spot 2  -0.01192744  -0.01291193  -0.07418400
Spot 1  -0.01229842  -0.01291754  -0.07418400
Spot 2  -0.01192748  -0.01291186  -0.07418400
Spot 1  -0.01229829  -0.01291776  -0.07418400
Spot 2  -0.01192758  -0.01291196  -0.07418400
Spot 1  -0.01229826  -0.01291764  -0.07418400
Spot 2  -0.01192753  -0.01291196  -0.07418400
Spot 1  -0.01229833  -0.01291775  -0.07418400
Spot 2  -0.01192738  -0.01291202  -0.07418400
Spot 1  -0.01229825  -0.01291761  -0.07418400
Spot 2  -0.01192733  -0.01291180  -0.07418400
Spot 1  -0.01229829  -0.01291770  -0.07418400
Spot 2  -0.01192744  -0.01291204  -0.07418400
Spot 1  -0.01229819  -0.01291784  -0.07418400
Spot 2  -0.01192733  -0.01291208  -0.07418400
20MABNDB000260_PR019
Spot 1  -0.01239858  -0.01273958  -0.07492700
Spot 2  -0.01219536  -0.01273716  -0.07492700
Spot 1  -0.01239861  -0.01273940  -0.07492700
Spot 2  -0.01219542  -0.01273730  -0.07492700
Spot 1  -0.01239845  -0.01273946  -0.07492700
Spot 2  -0.01219520  -0.01273701  -0.07492700
Spot 1  -0.01239862  -0.01273940  -0.07492700
Spot 2  -0.01219516  -0.01273715  -0.07492700
Spot 1  -0.01239868  -0.01273933  -0.07492700
Spot 2  -0.01219527  -0.01273744  -0.07492700
Spot 1  -0.01239868  -0.01273947  -0.07492700
Spot 2  -0.01219518  -0.01273713  -0.07492700
Spot 1  -0.01239826  -0.01273912  -0.07492700
Spot 2  -0.01219543  -0.01273731  -0.07492700
Spot 1  -0.01239865  -0.01273943  -0.07492700
Spot 2  -0.01219533  -0.01273717  -0.07492700
Spot 1  -0.01239864  -0.01273931  -0.07492700
Spot 2  -0.01219524  -0.01273728  -0.07492700


*****************************************************************coordonnees du prisme dans le repere MOUNT********************************************************************************** 
20MABNDA000196_PR006
 -0.01053074   0.01986520   1.64205348
 -0.01052910   0.01986562   1.64205348
 -0.01053224   0.01986785   1.64205348
 -0.01053213   0.01986806   1.64205348
 -0.01053125   0.01986805   1.64205348
 -0.01052991   0.01987098   1.64205348
 -0.01053254   0.01986916   1.64205348
 -0.01053111   0.01987067   1.64205348
 -0.01053014   0.01986946   1.64205348
 -0.01053003   0.01986945   1.64205348
20MABNDA000324_PR007
 -0.02488485   0.01830859   2.95552540
 -0.02487600   0.01830965   2.95552540
 -0.02488194   0.01831335   2.95552540
 -0.02487838   0.01831081   2.95552540
 -0.02488507   0.01831212   2.95552540
 -0.02488192   0.01831117   2.95552540
 -0.02488073   0.01830980   2.95552540
 -0.02488172   0.01831176   2.95552540
 -0.02488192   0.01831117   2.95552540
 -0.02488212   0.01831196   2.95552540
20MABNDB000001_PR017
 -0.02423608  -0.01668597   1.64038694
 -0.02423455  -0.01668556   1.64038694
 -0.02423397  -0.01668305   1.64038694
 -0.02423214  -0.01668613   1.64038694
 -0.02423244  -0.01668263   1.64038694
 -0.02423332  -0.01668393   1.64038694
 -0.02423418  -0.01668206   1.64038694
 -0.02423564  -0.01668599   1.64038694
 -0.02423396  -0.01668240   1.64038694
 -0.02423624  -0.01668040   1.64038694
20MABNDB000260_PR019
 -0.02476153  -0.02493971   2.95635748
 -0.02475992  -0.02494046   2.95635748
 -0.02476731  -0.02494477   2.95635748
 -0.02476478  -0.02494332   2.95635748
 -0.02476133  -0.02493912   2.95635748
 -0.02476306  -0.02494230   2.95635748
 -0.02476652  -0.02494572   2.95635748
 -0.02476087  -0.02494246   2.95635748
 -0.02476284  -0.02494270   2.95635748


*****************************************************************coordonnees du prisme dans le repere ATLAS********************************************************************************** 
20MABNDA000196_PR006 0.00000000
  2.58498979  -4.19496059   6.55781794
  2.58498812  -4.19496059   6.55781841
  2.58499122  -4.19496059   6.55782032
  2.58499122  -4.19496059   6.55782080
  2.58499026  -4.19496059   6.55782080
  2.58498907  -4.19496059   6.55782366
  2.58499169  -4.19496059   6.55782175
  2.58499026  -4.19496059   6.55782318
  2.58498931  -4.19496059   6.55782223
  2.58498907  -4.19496059   6.55782223
20MABNDA000324_PR007 0.00000000
  2.59443164  -4.13992548   6.95760441
  2.59444046  -4.13992548   6.95760345
  2.59443474  -4.13992548   6.95759964
  2.59443808  -4.13992548   6.95760202
  2.59443140  -4.13992548   6.95760059
  2.59443474  -4.13992548   6.95760155
  2.59443593  -4.13992548   6.95760298
  2.59443474  -4.13992548   6.95760107
  2.59443474  -4.13992548   6.95760155
  2.59443450  -4.13992548   6.95760107
20MABNDB000001_PR017 0.00000000
 -2.59794545  -4.19498396   6.55200720
 -2.59794402  -4.19498396   6.55200720
 -2.59794354  -4.19498396   6.55200434
 -2.59794164  -4.19498396   6.55200768
 -2.59794188  -4.19498396   6.55200386
 -2.59794283  -4.19498396   6.55200529
 -2.59794354  -4.19498396   6.55200338
 -2.59794521  -4.19498396   6.55200720
 -2.59794354  -4.19498396   6.55200386
 -2.59794569  -4.19498396   6.55200195
20MABNDB000260_PR019 0.00000000
 -2.60399818  -4.13988733   6.95570612
 -2.60399985  -4.13988733   6.95570517
 -2.60399246  -4.13988733   6.95570087
 -2.60399485  -4.13988733   6.95570230
 -2.60399842  -4.13988733   6.95570660
 -2.60399652  -4.13988733   6.95570326
 -2.60399318  -4.13988733   6.95569992
 -2.60399890  -4.13988733   6.95570326
 -2.60399675  -4.13988733   6.95570278


*****************************************************************Rapport********************************************************************************** 
CAM-JDA-US-IP_JDA-US-IP     2014.09.05.12.03.04   2.58499000  -4.19496059   6.55782113   0.00000108   0.00000000   0.00000178 0.00000000 VRAI 
CAM-JDA-US-HO_JDA-US-HO     2014.09.05.12.03.04   2.59443510  -4.13992548   6.95760183   0.00000255   0.00000000   0.00000135 0.00000000 VRAI 
CAM-JDA-USA-IP_JDA-USA-IP   2014.09.05.12.03.04  -2.59794374  -4.19498396   6.55200520   0.00000134   0.00000000   0.00000190 0.00000000 VRAI 
CAM-JDA-USA-HO_JDA-USA-HO   2014.09.05.12.03.04  -2.60399657  -4.13988733   6.95570336   0.00000244   0.00000000   0.00000213 0.00000000 VRAI 
