********** Fichier qui contient une sauvegarde des coordonnees images + coordonnees images transformees dans le repere BCAM (MOUNT) + coordonnees des prismes dans le repere MOUNT********** 
********************************************************************** Unite en metres (m)************************************************************************************************** 

*******************************************************************coordonnees images dans le repere CCD *********************************************************************************** 
20MABNDB000069_PR031
Spot 1 0.000215 0.002405
Spot 2 0.000575 0.002055
Spot 1 0.000215 0.002405
Spot 2 0.000575 0.002055
Spot 1 0.000215 0.002405
Spot 2 0.000575 0.002055
Spot 1 0.000215 0.002405
Spot 2 0.000575 0.002055
Spot 1 0.000215 0.002405
Spot 2 0.000575 0.002055
20MABNDB000069_PR033
Spot 1 0.002295 0.002225
Spot 2 0.001015 0.000815
Spot 1 0.002295 0.002225
Spot 2 0.001015 0.000815
Spot 1 0.002295 0.002225
Spot 2 0.001015 0.000815
Spot 1 0.002295 0.002225
Spot 2 0.000725 0.002355
Spot 1 0.002295 0.002225
Spot 2 0.000725 0.002355
20MABNDB000131_PR032
Spot 1 0.00171758 0.00022459
Spot 2 0.002045 0.000205
Spot 1 0.00171736 0.00022483
Spot 2 0.001485 0.000315
Spot 1 0.00171757 0.00022468
Spot 2 0.002045 0.000205
Spot 1 0.00171752 0.00022496
Spot 2 0.001915 0.000125
20MABNDB000131_PR034
Spot 1 0.001915 0.000125
Spot 2 0.000695 0.000205
Spot 1 0.002045 0.000205
Spot 2 0.001915 0.000125
Spot 1 0.001915 0.000125
Spot 2 0.001695 7.5e-05
Spot 1 0.000695 0.000205
Spot 2 0.001695 7.5e-05
20MABNDA000208_PR042
Spot 1 0.000965 2.5e-05
Spot 2 0.001055 0.000395
Spot 1 0.00073758 8.177e-05
Spot 2 0.0004275 5e-05
Spot 1 0.00231814 0.00010471
Spot 2 0.00043045 4.773e-05
Spot 1 0.00051625 4.375e-05
Spot 2 0.000429 4.9e-05
20MABNDA000208_PR046
Spot 1 0.003155 0.000115
Spot 2 0.002665 0.000185
Spot 1 0.00174 5e-05
Spot 2 0.00223333 5.167e-05
Spot 1 0.00054625 5.625e-05
Spot 2 0.002479 4.1e-05
Spot 1 0.000765 5.5e-05
Spot 2 0.002275 5e-05
20MABNDA000035_PR044
Spot 1 0.00189551 1.5e-05
Spot 2 0.00296058 3.858e-05
Spot 1 0.00083443 1.5e-05
Spot 2 0.00120873 1.5e-05
Spot 1 0.00077605 1.5e-05
Spot 2 0.00155161 2.129e-05
Spot 1 0.00165338 2.614e-05
Spot 2 0.00085642 1.5e-05
20MABNDA000035_PR047
Spot 1 0.002015 1.5e-05
Spot 2 0.00069035 3.36e-05
Spot 1 0.00058833 1.5e-05
Spot 2 0.0004713 1.87e-05
Spot 1 0.00148205 2.023e-05
Spot 2 0.00131316 1.5e-05
Spot 1 0.00075021 1.5e-05
Spot 2 0.00059106 1.5e-05


****************************************************************coordonnees images transformees dans le repere MOUNT************************************************************************* 
20MABNDB000069_PR031
Spot 1 -0.0136199 -0.0118607 -0.073885
Spot 2 -0.0132747 -0.0122252 -0.073885
Spot 1 -0.0136199 -0.0118607 -0.073885
Spot 2 -0.0132747 -0.0122252 -0.073885
Spot 1 -0.0136199 -0.0118607 -0.073885
Spot 2 -0.0132747 -0.0122252 -0.073885
Spot 1 -0.0136199 -0.0118607 -0.073885
Spot 2 -0.0132747 -0.0122252 -0.073885
Spot 1 -0.0136199 -0.0118607 -0.073885
Spot 2 -0.0132747 -0.0122252 -0.073885
20MABNDB000069_PR033
Spot 1 -0.0115491 -0.0121263 -0.073885
Spot 2 -0.0128862 -0.0134823 -0.073885
Spot 1 -0.0115491 -0.0121263 -0.073885
Spot 2 -0.0128862 -0.0134823 -0.073885
Spot 1 -0.0115491 -0.0121263 -0.073885
Spot 2 -0.0128862 -0.0134823 -0.073885
Spot 1 -0.0115491 -0.0121263 -0.073885
Spot 2 -0.0131124 -0.0119317 -0.073885
Spot 1 -0.0115491 -0.0121263 -0.073885
Spot 2 -0.0131124 -0.0119317 -0.073885
20MABNDB000131_PR032
Spot 1 -0.0124983 -0.0138955 -0.07533
Spot 2 -0.0121707 -0.0139134 -0.07533
Spot 1 -0.0124985 -0.0138952 -0.07533
Spot 2 -0.0127313 -0.0138062 -0.07533
Spot 1 -0.0124983 -0.0138954 -0.07533
Spot 2 -0.0121707 -0.0139134 -0.07533
Spot 1 -0.0124983 -0.0138951 -0.07533
Spot 2 -0.0123003 -0.0139941 -0.07533
20MABNDB000131_PR034
Spot 1 -0.0123003 -0.0139941 -0.07533
Spot 2 -0.0135207 -0.0139202 -0.07533
Spot 1 -0.0121707 -0.0139134 -0.07533
Spot 2 -0.0123003 -0.0139941 -0.07533
Spot 1 -0.0123003 -0.0139941 -0.07533
Spot 2 -0.0125201 -0.0140452 -0.07533
Spot 1 -0.0135207 -0.0139202 -0.07533
Spot 2 -0.0125201 -0.0140452 -0.07533
20MABNDA000208_PR042
Spot 1 -0.0118365 0.0139729 -0.072737
Spot 2 -0.0119262 0.0136028 -0.072737
Spot 1 -0.0116091 0.0139163 -0.072737
Spot 2 -0.011299 0.0139483 -0.072737
Spot 1 -0.0131896 0.013892 -0.072737
Spot 2 -0.011302 0.0139506 -0.072737
Spot 1 -0.0113878 0.0139545 -0.072737
Spot 2 -0.0113005 0.0139493 -0.072737
20MABNDA000208_PR046
Spot 1 -0.0140265 0.0138809 -0.072737
Spot 2 -0.0135364 0.0138114 -0.072737
Spot 1 -0.0126115 0.0139472 -0.072737
Spot 2 -0.0131048 0.0139451 -0.072737
Spot 1 -0.0114178 0.013942 -0.072737
Spot 2 -0.0133505 0.0139555 -0.072737
Spot 1 -0.0116365 0.013943 -0.072737
Spot 2 -0.0131465 0.0139467 -0.072737
20MABNDA000035_PR044
Spot 1 -0.0127213 0.0142504 -0.074832
Spot 2 -0.0137865 0.0142344 -0.074832
Spot 1 -0.0116602 0.0142429 -0.074832
Spot 2 -0.0120345 0.0142456 -0.074832
Spot 1 -0.0116019 0.0142425 -0.074832
Spot 2 -0.0123774 0.0142417 -0.074832
Spot 1 -0.0124792 0.0142376 -0.074832
Spot 2 -0.0116822 0.0142431 -0.074832
20MABNDA000035_PR047
Spot 1 -0.0128408 0.0142513 -0.074832
Spot 2 -0.0115163 0.0142233 -0.074832
Spot 1 -0.0114141 0.0142411 -0.074832
Spot 2 -0.0112971 0.0142366 -0.074832
Spot 1 -0.0123079 0.0142423 -0.074832
Spot 2 -0.012139 0.0142463 -0.074832
Spot 1 -0.011576 0.0142423 -0.074832
Spot 2 -0.0114169 0.0142412 -0.074832


*****************************************************************coordonnees du prisme dans le repere MOUNT********************************************************************************** 
20MABNDB000069_PR031
0.0888291 -0.139422 9.20289
0.0888291 -0.139422 9.20289
0.0888291 -0.139422 9.20289
0.0888291 -0.139422 9.20289
0.0888291 -0.139422 9.20289
20MABNDB000069_PR033
-0.0195217 -0.017679 1.28407
-0.0195217 -0.017679 1.28407
-0.0195217 -0.017679 1.28407
-0.0175867 -0.0309398 1.28396
-0.0175867 -0.0309398 1.28396
20MABNDB000131_PR032
-0.053837 0.0986494 11.1473
-0.0123393 0.0907016 11.1475
-0.0538363 0.0986427 11.1473
-0.0442421 0.10459 11.1473
20MABNDB000131_PR034
0.00094378 0.0236777 3.43339
-0.0298244 0.0235226 3.43337
-0.0218624 0.0265257 3.43337
0.00595236 0.0248421 3.43335
20MABNDA000208_PR042
-0.114889 -0.0767621 9.20159
-0.167331 -0.0944881 9.20067
-0.0701552 -0.0931473 9.2018
-0.180815 -0.0968915 9.2004
20MABNDA000208_PR046
0.00556298 -0.000430482 1.28211
-0.0102147 -0.00214028 1.28222
-0.0183164 -0.00218504 1.28221
-0.0181904 -0.00211872 1.28221
20MABNDA000035_PR044
0.0711501 -0.156733 11.1478
-0.13721 -0.156991 11.1475
-0.116137 -0.156679 11.1477
-0.102645 -0.156417 11.1478
20MABNDA000035_PR047
-0.0359348 -0.038982 3.43462
-0.0734827 -0.0390479 3.43416
-0.0338867 -0.0393018 3.43463
-0.0670591 -0.0391796 3.43427


*****************************************************************coordonnees du prisme dans le repere ATLAS********************************************************************************** 
20MABNDB000069_PR031 0.006
3.67061 3.85456 -7.80096
3.67061 3.85456 -7.80096
3.67061 3.85456 -7.80096
3.67061 3.85456 -7.80096
3.67061 3.85456 -7.80096
20MABNDB000069_PR033 0.006
3.54078 -4.0644 -7.88799
3.54078 -4.0644 -7.88799
3.54078 -4.0644 -7.88799
3.54272 -4.06445 -7.87473
3.54272 -4.06445 -7.87473
20MABNDB000131_PR032 0.006
3.73454 3.7944 -12.812
3.69304 3.79451 -12.8199
3.73454 3.7944 -12.812
3.72495 3.79436 -12.806
20MABNDB000131_PR034 0.006
3.68685 -3.91961 -12.8843
3.71761 -3.9196 -12.8844
3.70965 -3.91961 -12.8814
3.68184 -3.91965 -12.8831
20MABNDA000208_PR042 0.006
-3.37002 3.85386 -7.98227
-3.31758 3.85255 -7.99998
-3.41475 3.85442 -7.99867
-3.3041 3.85219 -8.00238
20MABNDA000208_PR046 0.006
-3.54988 -4.06451 -7.90798
-3.5341 -4.06452 -7.90969
-3.526 -4.06459 -7.90973
-3.52612 -4.06459 -7.90966
20MABNDA000035_PR044 0.006
-3.61801 3.79332 -12.7489
-3.82637 3.79298 -12.7486
-3.8053 3.7932 -12.749
-3.79181 3.79332 -12.7492
20MABNDA000035_PR047 0.006
-3.72665 -3.91986 -12.8674
-3.7642 -3.92031 -12.8673
-3.72461 -3.91985 -12.8671
-3.75778 -3.92021 -12.8672


*****************************************************************Rapport********************************************************************************** 
CAM-ECTC-US-IP_ECTC-US-IP-T 2014.08.18.10.53.34 3.67061 3.85456 -7.80096 0 0 0 0.006 VRAI 
CAM-ECTC-US-IP_ECTC-US-IP 2014.08.18.10.53.34 3.54155 -4.06442 -7.88269 0.000951225 2.66306e-05 0.00649599 0.006 VRAI 
CAM-ECTC-US-HO_ECTC-US-HO-T 2014.08.18.10.53.34 3.72177 3.79442 -12.8125 0.0170415 5.60097e-05 0.0049319 0.006 VRAI 
CAM-ECTC-US-HO_ECTC-US-HO 2014.08.18.10.53.34 3.69899 -3.91962 -12.8833 0.0150186 2.07061e-05 0.00120078 0.006 VRAI 
CAM-ECTC-USA-IP_ECTC-USA-IP-T 2014.08.18.10.53.34 -3.35161 3.85325 -7.99583 0.0439898 0.000915608 0.00793765 0.006 VRAI 
CAM-ECTC-USA-IP_ECTC-USA-IP 2014.08.18.10.53.34 -3.53402 -4.06455 -7.90926 0.00972342 3.75893e-05 0.000741012 0.006 VRAI 
CAM-ECTC-USA-HO_ECTC-USA-HO-T 2014.08.18.10.53.34 -3.76037 3.7932 -12.7489 0.0831099 0.000137974 0.000205278 0.006 VRAI 
CAM-ECTC-USA-HO_ECTC-USA-HO 2014.08.18.10.53.34 -3.74331 -3.92006 -12.8672 0.0178401 0.00020566 0.000122526 0.006 VRAI 
