********** Fichier qui contient une sauvegarde des coordonnees images + coordonnees images transformees dans le repere BCAM (MOUNT) + coordonnees des prismes dans le repere MOUNT********** 
********************************************************************** Unite en metres (m)************************************************************************************************** 

*******************************************************************coordonnees images dans le repere CCD *********************************************************************************** 
20MABNDA000196_PR006
Spot 1   0.00198217   0.00074761
Spot 2   0.00161183   0.00074321
Spot 1   0.00198220   0.00074773
Spot 2   0.00161184   0.00074311
Spot 1   0.00198209   0.00074766
Spot 2   0.00161164   0.00074322
Spot 1   0.00198204   0.00074768
Spot 2   0.00161159   0.00074325
Spot 1   0.00198216   0.00074784
Spot 2   0.00161168   0.00074316
Spot 1   0.00198210   0.00074783
Spot 2   0.00161171   0.00074323
Spot 1   0.00198215   0.00074782
Spot 2   0.00161160   0.00074322
Spot 1   0.00198210   0.00074787
Spot 2   0.00161161   0.00074335
Spot 1   0.00198201   0.00074773
Spot 2   0.00161160   0.00074334
Spot 1   0.00198214   0.00074775
Spot 2   0.00161168   0.00074336
Spot 1   0.00198214   0.00074779
Spot 2   0.00161167   0.00074327
20MABNDA000324_PR007
Spot 1   0.00195219   0.00121309
Spot 2   0.00174605   0.00121895
Spot 1   0.00195220   0.00121302
Spot 2   0.00174612   0.00121902
Spot 1   0.00195211   0.00121316
Spot 2   0.00174586   0.00121914
Spot 1   0.00195204   0.00121315
Spot 2   0.00174601   0.00121913
Spot 1   0.00195213   0.00121315
Spot 2   0.00174605   0.00121902
Spot 1   0.00195213   0.00121319
Spot 2   0.00174608   0.00121923
Spot 1   0.00195214   0.00121319
Spot 2   0.00174609   0.00121918
Spot 1   0.00195220   0.00121322
Spot 2   0.00174600   0.00121909
Spot 1   0.00195229   0.00121313
Spot 2   0.00174593   0.00121919
Spot 1   0.00195215   0.00121325
Spot 2   0.00174587   0.00121927
20MABNDB000001_PR017
Spot 1   0.00187213   0.00046752
Spot 2   0.00224181   0.00047661
Spot 1   0.00187200   0.00046723
Spot 2   0.00224182   0.00047646
Spot 1   0.00187212   0.00046737
Spot 2   0.00224202   0.00047643
Spot 1   0.00187205   0.00046745
Spot 2   0.00224174   0.00047653
Spot 1   0.00187208   0.00046753
Spot 2   0.00224176   0.00047658
Spot 1   0.00187209   0.00046748
Spot 2   0.00224179   0.00047660
Spot 1   0.00187209   0.00046762
Spot 2   0.00224168   0.00047664
Spot 1   0.00187223   0.00046754
Spot 2   0.00224182   0.00047655
Spot 1   0.00187211   0.00046753
Spot 2   0.00224191   0.00047665
Spot 1   0.00187225   0.00046752
Spot 2   0.00224174   0.00047669
20MABNDB000260_PR019
Spot 1   0.00192870   0.00149881
Spot 2   0.00213329   0.00149921
Spot 1   0.00192856   0.00149882
Spot 2   0.00213292   0.00149931
Spot 1   0.00192860   0.00149896
Spot 2   0.00213324   0.00149946
Spot 1   0.00192887   0.00149883
Spot 2   0.00213311   0.00149932
Spot 1   0.00192859   0.00149888
Spot 2   0.00213338   0.00149919
Spot 1   0.00192871   0.00149853
Spot 2   0.00213329   0.00149934
Spot 1   0.00192859   0.00149888
Spot 2   0.00213313   0.00149927
Spot 1   0.00192879   0.00149908
Spot 2   0.00213322   0.00149966
Spot 1   0.00192866   0.00149906
Spot 2   0.00213316   0.00149947
Spot 1   0.00192869   0.00149873
Spot 2   0.00213318   0.00149929


****************************************************************coordonnees images transformees dans le repere MOUNT************************************************************************* 
20MABNDA000196_PR006
Spot 1  -0.01293711   0.01323057  -0.07967100
Spot 2  -0.01256675   0.01323021  -0.07967100
Spot 1  -0.01293714   0.01323045  -0.07967100
Spot 2  -0.01256675   0.01323031  -0.07967100
Spot 1  -0.01293703   0.01323052  -0.07967100
Spot 2  -0.01256656   0.01323019  -0.07967100
Spot 1  -0.01293698   0.01323050  -0.07967100
Spot 2  -0.01256651   0.01323016  -0.07967100
Spot 1  -0.01293711   0.01323034  -0.07967100
Spot 2  -0.01256660   0.01323025  -0.07967100
Spot 1  -0.01293704   0.01323035  -0.07967100
Spot 2  -0.01256663   0.01323018  -0.07967100
Spot 1  -0.01293710   0.01323036  -0.07967100
Spot 2  -0.01256652   0.01323019  -0.07967100
Spot 1  -0.01293705   0.01323031  -0.07967100
Spot 2  -0.01256653   0.01323006  -0.07967100
Spot 1  -0.01293695   0.01323044  -0.07967100
Spot 2  -0.01256652   0.01323007  -0.07967100
Spot 1  -0.01293708   0.01323043  -0.07967100
Spot 2  -0.01256660   0.01323005  -0.07967100
Spot 1  -0.01293708   0.01323039  -0.07967100
Spot 2  -0.01256659   0.01323014  -0.07967100
20MABNDA000324_PR007
Spot 1  -0.01255790   0.01280845  -0.07446800
Spot 2  -0.01235172   0.01280420  -0.07446800
Spot 1  -0.01255791   0.01280852  -0.07446800
Spot 2  -0.01235179   0.01280413  -0.07446800
Spot 1  -0.01255781   0.01280838  -0.07446800
Spot 2  -0.01235152   0.01280401  -0.07446800
Spot 1  -0.01255774   0.01280839  -0.07446800
Spot 2  -0.01235167   0.01280402  -0.07446800
Spot 1  -0.01255784   0.01280839  -0.07446800
Spot 2  -0.01235172   0.01280413  -0.07446800
Spot 1  -0.01255783   0.01280835  -0.07446800
Spot 2  -0.01235174   0.01280392  -0.07446800
Spot 1  -0.01255784   0.01280835  -0.07446800
Spot 2  -0.01235175   0.01280397  -0.07446800
Spot 1  -0.01255790   0.01280832  -0.07446800
Spot 2  -0.01235166   0.01280406  -0.07446800
Spot 1  -0.01255800   0.01280841  -0.07446800
Spot 2  -0.01235159   0.01280396  -0.07446800
Spot 1  -0.01255785   0.01280829  -0.07446800
Spot 2  -0.01235153   0.01280388  -0.07446800
20MABNDB000001_PR017
Spot 1  -0.01231593  -0.01352185  -0.07418400
Spot 2  -0.01194617  -0.01351667  -0.07418400
Spot 1  -0.01231606  -0.01352214  -0.07418400
Spot 2  -0.01194616  -0.01351682  -0.07418400
Spot 1  -0.01231594  -0.01352200  -0.07418400
Spot 2  -0.01194596  -0.01351686  -0.07418400
Spot 1  -0.01231601  -0.01352192  -0.07418400
Spot 2  -0.01194624  -0.01351675  -0.07418400
Spot 1  -0.01231598  -0.01352184  -0.07418400
Spot 2  -0.01194622  -0.01351670  -0.07418400
Spot 1  -0.01231597  -0.01352189  -0.07418400
Spot 2  -0.01194619  -0.01351668  -0.07418400
Spot 1  -0.01231597  -0.01352175  -0.07418400
Spot 2  -0.01194630  -0.01351664  -0.07418400
Spot 1  -0.01231583  -0.01352183  -0.07418400
Spot 2  -0.01194616  -0.01351673  -0.07418400
Spot 1  -0.01231595  -0.01352184  -0.07418400
Spot 2  -0.01194607  -0.01351663  -0.07418400
Spot 1  -0.01231581  -0.01352185  -0.07418400
Spot 2  -0.01194624  -0.01351659  -0.07418400
20MABNDB000260_PR019
Spot 1  -0.01240256  -0.01240361  -0.07492700
Spot 2  -0.01219802  -0.01239901  -0.07492700
Spot 1  -0.01240270  -0.01240360  -0.07492700
Spot 2  -0.01219839  -0.01239892  -0.07492700
Spot 1  -0.01240266  -0.01240346  -0.07492700
Spot 2  -0.01219808  -0.01239876  -0.07492700
Spot 1  -0.01240239  -0.01240358  -0.07492700
Spot 2  -0.01219821  -0.01239891  -0.07492700
Spot 1  -0.01240267  -0.01240354  -0.07492700
Spot 2  -0.01219793  -0.01239903  -0.07492700
Spot 1  -0.01240255  -0.01240389  -0.07492700
Spot 2  -0.01219803  -0.01239888  -0.07492700
Spot 1  -0.01240267  -0.01240354  -0.07492700
Spot 2  -0.01219818  -0.01239895  -0.07492700
Spot 1  -0.01240248  -0.01240333  -0.07492700
Spot 2  -0.01219810  -0.01239856  -0.07492700
Spot 1  -0.01240261  -0.01240336  -0.07492700
Spot 2  -0.01219816  -0.01239875  -0.07492700
Spot 1  -0.01240257  -0.01240369  -0.07492700
Spot 2  -0.01219813  -0.01239893  -0.07492700


*****************************************************************coordonnees du prisme dans le repere MOUNT********************************************************************************** 
20MABNDA000196_PR006
 -0.01052955   0.01031265   1.64206481
 -0.01052911   0.01031287   1.64206481
 -0.01053249   0.01031335   1.64206481
 -0.01053357   0.01031390   1.64206481
 -0.01053127   0.01031465   1.64206481
 -0.01053159   0.01031530   1.64206481
 -0.01053225   0.01031509   1.64206481
 -0.01053265   0.01031707   1.64206481
 -0.01053377   0.01031544   1.64206481
 -0.01053147   0.01031584   1.64206481
 -0.01053158   0.01031530   1.64206481
20MABNDA000324_PR007
 -0.02509552   0.02789396   2.95549226
 -0.02509395   0.02789398   2.95549226
 -0.02510089   0.02789902   2.95549226
 -0.02509930   0.02789866   2.95549226
 -0.02509673   0.02789651   2.95549226
 -0.02509618   0.02790144   2.95549226
 -0.02509578   0.02790045   2.95549226
 -0.02509637   0.02789928   2.95549226
 -0.02509596   0.02789948   2.95549226
 -0.02509994   0.02790337   2.95549226
20MABNDB000001_PR017
 -0.02383634  -0.00347136   1.64036572
 -0.02383497  -0.00346657   1.64036572
 -0.02383847  -0.00346773   1.64036572
 -0.02383468  -0.00346973   1.64036572
 -0.02383524  -0.00347115   1.64036572
 -0.02383566  -0.00347082   1.64036572
 -0.02383448  -0.00347280   1.64036572
 -0.02383753  -0.00347091   1.64036572
 -0.02383720  -0.00347190   1.64036572
 -0.02383688  -0.00347223   1.64036572
20MABNDB000260_PR019
 -0.02463038  -0.03821417   2.95627499
 -0.02462031  -0.03821614   2.95627499
 -0.02462726  -0.03822199   2.95627499
 -0.02463012  -0.03821674   2.95627499
 -0.02462996  -0.03821515   2.95627499
 -0.02463064  -0.03821122   2.95627499
 -0.02462501  -0.03821663   2.95627499
 -0.02463049  -0.03822835   2.95627475
 -0.02462684  -0.03822415   2.95627475
 -0.02462801  -0.03821412   2.95627499


*****************************************************************coordonnees du prisme dans le repere ATLAS********************************************************************************** 
20MABNDA000196_PR006 0.00000000
  2.58498955  -4.19496346   6.54826546
  2.58498907  -4.19496346   6.54826546
  2.58499265  -4.19496346   6.54826593
  2.58499360  -4.19496346   6.54826641
  2.58499122  -4.19496346   6.54826736
  2.58499169  -4.19496346   6.54826784
  2.58499241  -4.19496346   6.54826784
  2.58499265  -4.19496346   6.54826975
  2.58499384  -4.19496346   6.54826784
  2.58499146  -4.19496346   6.54826832
  2.58499169  -4.19496346   6.54826784
20MABNDA000324_PR007 0.00000000
  2.59422207  -4.13996601   6.94801903
  2.59422374  -4.13996601   6.94801903
  2.59421682  -4.13996601   6.94801378
  2.59421825  -4.13996601   6.94801426
  2.59422088  -4.13996601   6.94801617
  2.59422135  -4.13996601   6.94801140
  2.59422183  -4.13996601   6.94801235
  2.59422135  -4.13996601   6.94801378
  2.59422159  -4.13996601   6.94801331
  2.59421778  -4.13996601   6.94800949
20MABNDB000001_PR017 0.00000000
 -2.59754133  -4.19505072   6.53879309
 -2.59753990  -4.19505072   6.53878832
 -2.59754348  -4.19505072   6.53878927
 -2.59753966  -4.19505072   6.53879166
 -2.59754014  -4.19505072   6.53879309
 -2.59754062  -4.19505072   6.53879261
 -2.59753942  -4.19505072   6.53879452
 -2.59754252  -4.19505072   6.53879261
 -2.59754205  -4.19505072   6.53879356
 -2.59754181  -4.19505072   6.53879404
20MABNDB000260_PR019 0.00000000
 -2.60412478  -4.13995934   6.94243145
 -2.60413480  -4.13995934   6.94242954
 -2.60412788  -4.13995934   6.94242334
 -2.60412502  -4.13995934   6.94242859
 -2.60412502  -4.13995934   6.94243050
 -2.60412455  -4.13995934   6.94243431
 -2.60413003  -4.13995934   6.94242907
 -2.60412455  -4.13995934   6.94241714
 -2.60412812  -4.13995934   6.94242144
 -2.60412717  -4.13995934   6.94243145


*****************************************************************Rapport********************************************************************************** 
CAM-JDA-US-IP_JDA-US-IP     2014.09.12.14.46.51   2.58499180  -4.19496346   6.54826728   0.00000142   0.00000000   0.00000127 0.00000000 VRAI 
CAM-JDA-US-HO_JDA-US-HO     2014.09.12.14.46.51   2.59422057  -4.13996601   6.94801426   0.00000208   0.00000000   0.00000292 0.00000000 VRAI 
CAM-JDA-USA-IP_JDA-USA-IP   2014.09.12.14.46.51  -2.59754109  -4.19505072   6.53879228   0.00000129   0.00000000   0.00000191 0.00000000 VRAI 
CAM-JDA-USA-HO_JDA-USA-HO   2014.09.12.14.46.51  -2.60412719  -4.13995934   6.94242768   0.00000311   0.00000000   0.00000505 0.00000000 VRAI 
