********** Fichier qui contient une sauvegarde des coordonnees images + coordonnees images transformees dans le repere BCAM (MOUNT) + coordonnees des prismes dans le repere MOUNT********** 
********************************************************************** Unite en metres (m)************************************************************************************************** 

*******************************************************************coordonnees images dans le repere CCD *********************************************************************************** 
20MABNDB000135_PR027
Spot 1 0.002835 0.001165
Spot 2 0.003375 2.5e-05
Spot 1 0.002835 0.001165
Spot 2 0.003375 2.5e-05
Spot 1 0.002835 0.001165
Spot 2 0.003375 2.5e-05
Spot 1 0.002835 0.001165
Spot 2 0.003375 2.5e-05
Spot 1 0.002835 0.001165
Spot 2 0.003375 2.5e-05
Spot 1 0.002835 0.001165
Spot 2 0.003375 2.5e-05
20MABNDB000126_PR028
Spot 1 0.000375 0.001175
Spot 2 0.002665 0.002195
Spot 1 0.000375 0.001175
Spot 2 0.002665 0.002195
Spot 1 0.000375 0.001175
Spot 2 0.002665 0.002195
Spot 1 0.000375 0.001175
Spot 2 0.002665 0.002195
Spot 1 0.000375 0.001175
Spot 2 0.002665 0.002195
20MABNDA000272_PR038
Spot 1 0.003265 5.5e-05
Spot 2 0.000255 2.5e-05
Spot 1 0.000365 9.5e-05
Spot 2 0.003265 5.5e-05
Spot 1 0.000365 9.5e-05
Spot 2 0.003265 5.5e-05
Spot 1 0.000365 9.5e-05
Spot 2 0.003265 5.5e-05
Spot 1 0.000365 9.5e-05
Spot 2 0.003265 5.5e-05
20MABNDA000003_PR039
Spot 1 0.001035 5.5e-05
Spot 2 0.002645 5.5e-05
Spot 1 0.001035 5.5e-05
Spot 2 0.002645 5.5e-05
Spot 1 0.001035 5.5e-05
Spot 2 0.001635 0.000185
Spot 1 0.001035 5.5e-05
Spot 2 0.001635 0.000185
Spot 1 0.001035 5.5e-05
Spot 2 0.001635 0.000185


****************************************************************coordonnees images transformees dans le repere MOUNT************************************************************************* 
20MABNDB000135_PR027
Spot 1 -0.011567 -0.0129585 -0.074647
Spot 2 -0.0110397 -0.0141045 -0.074647
Spot 1 -0.011567 -0.0129585 -0.074647
Spot 2 -0.0110397 -0.0141045 -0.074647
Spot 1 -0.011567 -0.0129585 -0.074647
Spot 2 -0.0110397 -0.0141045 -0.074647
Spot 1 -0.011567 -0.0129585 -0.074647
Spot 2 -0.0110397 -0.0141045 -0.074647
Spot 1 -0.011567 -0.0129585 -0.074647
Spot 2 -0.0110397 -0.0141045 -0.074647
Spot 1 -0.011567 -0.0129585 -0.074647
Spot 2 -0.0110397 -0.0141045 -0.074647
20MABNDB000126_PR028
Spot 1 -0.0138001 -0.0130139 -0.075004
Spot 2 -0.0115155 -0.0119817 -0.075004
Spot 1 -0.0138001 -0.0130139 -0.075004
Spot 2 -0.0115155 -0.0119817 -0.075004
Spot 1 -0.0138001 -0.0130139 -0.075004
Spot 2 -0.0115155 -0.0119817 -0.075004
Spot 1 -0.0138001 -0.0130139 -0.075004
Spot 2 -0.0115155 -0.0119817 -0.075004
Spot 1 -0.0138001 -0.0130139 -0.075004
Spot 2 -0.0115155 -0.0119817 -0.075004
20MABNDA000272_PR038
Spot 1 -0.0140991 0.0140588 -0.074179
Spot 2 -0.011089 0.0140835 -0.074179
Spot 1 -0.0111991 0.0140137 -0.074179
Spot 2 -0.0140991 0.0140588 -0.074179
Spot 1 -0.0111991 0.0140137 -0.074179
Spot 2 -0.0140991 0.0140588 -0.074179
Spot 1 -0.0111991 0.0140137 -0.074179
Spot 2 -0.0140991 0.0140588 -0.074179
Spot 1 -0.0111991 0.0140137 -0.074179
Spot 2 -0.0140991 0.0140588 -0.074179
20MABNDA000003_PR039
Spot 1 -0.0118313 0.0139948 -0.073734
Spot 2 -0.0134413 0.0139989 -0.073734
Spot 1 -0.0118313 0.0139948 -0.073734
Spot 2 -0.0134413 0.0139989 -0.073734
Spot 1 -0.0118313 0.0139948 -0.073734
Spot 2 -0.0124317 0.0138663 -0.073734
Spot 1 -0.0118313 0.0139948 -0.073734
Spot 2 -0.0124317 0.0138663 -0.073734
Spot 1 -0.0118313 0.0139948 -0.073734
Spot 2 -0.0124317 0.0138663 -0.073734


*****************************************************************coordonnees du prisme dans le repere MOUNT********************************************************************************** 
20MABNDB000135_PR027
-0.0613805 0.00239963 2.74891
-0.0613805 0.00239963 2.74891
-0.0613805 0.00239963 2.74891
-0.0613805 0.00239963 2.74891
-0.0613805 0.00239963 2.74891
-0.0613805 0.00239963 2.74891
20MABNDB000126_PR028
-0.0128093 -0.0296594 2.1469
-0.0128093 -0.0296594 2.1469
-0.0128093 -0.0296594 2.1469
-0.0128093 -0.0296594 2.1469
-0.0128093 -0.0296594 2.1469
20MABNDA000272_PR038
-0.0152069 -0.0225701 2.74943
-0.0131887 -0.0212914 2.74944
-0.0131887 -0.0212914 2.74944
-0.0131887 -0.0212914 2.74944
-0.0131887 -0.0212914 2.74944
20MABNDA000003_PR039
-0.01464 -0.0122314 2.14896
-0.01464 -0.0122314 2.14896
-0.0290688 -0.0103365 2.14892
-0.0290688 -0.0103365 2.14892
-0.0290688 -0.0103365 2.14892


*****************************************************************coordonnees du prisme dans le repere ATLAS********************************************************************************** 
20MABNDB000135_PR027 0.003
2.55998 -4.19452 -3.83613
2.55998 -4.19452 -3.83613
2.55998 -4.19452 -3.83613
2.55998 -4.19452 -3.83613
2.55998 -4.19452 -3.83613
2.55998 -4.19452 -3.83613
20MABNDB000126_PR028 0.003
2.6131 -4.19396 -5.90256
2.6131 -4.19396 -5.90256
2.6131 -4.19396 -5.90256
2.6131 -4.19396 -5.90256
2.6131 -4.19396 -5.90256
20MABNDA000272_PR038 0.003
-2.60933 -4.19422 -3.86106
-2.61135 -4.1942 -3.85978
-2.61135 -4.1942 -3.85978
-2.61135 -4.1942 -3.85978
-2.61135 -4.1942 -3.85978
20MABNDA000003_PR039 0.003
-2.60708 -4.19421 -5.945
-2.60708 -4.19421 -5.945
-2.59265 -4.19425 -5.9431
-2.59265 -4.19425 -5.9431
-2.59265 -4.19425 -5.9431


*****************************************************************Rapport********************************************************************************** 
CAM-EBC-US-IP_EBC-US-IP 2014.08.20.15.34.08 2.55998 -4.19452 -3.83613 0 0 0 0.003 VRAI 
CAM-EBC-US-HO_EBC-US-HO 2014.08.20.15.34.08 2.6131 -4.19396 -5.90256 0 0 0 0.003 VRAI 
CAM-EBC-USA-IP_EBC-USA-IP 2014.08.20.15.34.08 -2.61095 -4.1942 -3.86003 0.00080719 6.67572e-06 0.000511646 0.003 VRAI 
CAM-EBC-USA-HO_EBC-USA-HO 2014.08.20.15.34.08 -2.59842 -4.19423 -5.94386 0.00706855 1.96225e-05 0.000929033 0.003 VRAI 
