********** Fichier qui contient une sauvegarde des coordonnees images + coordonnees images transformees dans le repere BCAM (MOUNT) + coordonnees des prismes dans le repere MOUNT********** 
********************************************************************** Unite en metres (m)************************************************************************************************** 

*******************************************************************coordonnees images dans le repere CCD *********************************************************************************** 
20MABNDA000318_PR004
Spot 1     0.00214946     0.00162740
Spot 2     0.00193195     0.00162754
Spot 1     0.00214924     0.00162718
Spot 2     0.00193168     0.00162784
Spot 1     0.00214940     0.00162740
Spot 2     0.00193176     0.00162757
Spot 1     0.00214941     0.00162766
Spot 2     0.00193192     0.00162770
Spot 1     0.00214935     0.00162743
Spot 2     0.00193179     0.00162797
Spot 1     0.00214925     0.00162755
Spot 2     0.00193144     0.00162763
Spot 1     0.00214929     0.00162746
Spot 2     0.00193171     0.00162781
Spot 1     0.00214944     0.00162740
Spot 2     0.00193172     0.00162779
20MABNDA000334_PR005
Spot 1     0.00247679     0.00157190
Spot 2     0.00219646     0.00157262
Spot 1     0.00247685     0.00157208
Spot 2     0.00219622     0.00157274
Spot 1     0.00247674     0.00157210
Spot 2     0.00219638     0.00157266
Spot 1     0.00247658     0.00157191
Spot 2     0.00219646     0.00157274
Spot 1     0.00247679     0.00157203
Spot 2     0.00219639     0.00157258
Spot 1     0.00247670     0.00157203
Spot 2     0.00219636     0.00157290
Spot 1     0.00247655     0.00157182
Spot 2     0.00219650     0.00157266
20MABNDB000317_PR015
Spot 1     0.00149597     0.00161085
Spot 2     0.00171533     0.00160412
Spot 1     0.00149611     0.00161078
Spot 2     0.00171537     0.00160420
Spot 1     0.00149591     0.00161076
Spot 2     0.00171539     0.00160422
Spot 1     0.00149604     0.00161080
Spot 2     0.00171537     0.00160420
Spot 1     0.00149604     0.00161079
Spot 2     0.00171529     0.00160425
Spot 1     0.00149594     0.00161078
Spot 2     0.00171535     0.00160420
Spot 1     0.00149603     0.00161071
Spot 2     0.00171526     0.00160421
20MABNDB000146_PR016
Spot 1     0.00145271     0.00133159
Spot 2     0.00172859     0.00133442
Spot 1     0.00145273     0.00133167
Spot 2     0.00172855     0.00133442
Spot 1     0.00145268     0.00133169
Spot 2     0.00172848     0.00133440
Spot 1     0.00145282     0.00133160
Spot 2     0.00172851     0.00133429
Spot 1     0.00145278     0.00133168
Spot 2     0.00172844     0.00133431
Spot 1     0.00145279     0.00133168
Spot 2     0.00172858     0.00133434
Spot 1     0.00145277     0.00133165
Spot 2     0.00172853     0.00133437


****************************************************************coordonnees images transformees dans le repere MOUNT************************************************************************* 
20MABNDA000318_PR004
Spot 1    -0.01286928     0.01246782    -0.07310601
Spot 2    -0.01265177     0.01246832    -0.07310601
Spot 1    -0.01286906     0.01246804    -0.07310601
Spot 2    -0.01265150     0.01246802    -0.07310601
Spot 1    -0.01286922     0.01246782    -0.07310601
Spot 2    -0.01265158     0.01246829    -0.07310601
Spot 1    -0.01286922     0.01246756    -0.07310601
Spot 2    -0.01265174     0.01246816    -0.07310601
Spot 1    -0.01286917     0.01246779    -0.07310601
Spot 2    -0.01265160     0.01246789    -0.07310601
Spot 1    -0.01286907     0.01246767    -0.07310601
Spot 2    -0.01265126     0.01246823    -0.07310601
Spot 1    -0.01286911     0.01246776    -0.07310601
Spot 2    -0.01265153     0.01246805    -0.07310601
Spot 1    -0.01286926     0.01246782    -0.07310601
Spot 2    -0.01265154     0.01246807    -0.07310601
20MABNDA000334_PR005
Spot 1    -0.01311989     0.01255650    -0.07324100
Spot 2    -0.01283956     0.01255551    -0.07324100
Spot 1    -0.01311995     0.01255632    -0.07324100
Spot 2    -0.01283932     0.01255539    -0.07324100
Spot 1    -0.01311984     0.01255630    -0.07324100
Spot 2    -0.01283948     0.01255547    -0.07324100
Spot 1    -0.01311968     0.01255649    -0.07324100
Spot 2    -0.01283956     0.01255539    -0.07324100
Spot 1    -0.01311989     0.01255637    -0.07324100
Spot 2    -0.01283949     0.01255555    -0.07324100
Spot 1    -0.01311980     0.01255637    -0.07324100
Spot 2    -0.01283946     0.01255523    -0.07324100
Spot 1    -0.01311965     0.01255658    -0.07324100
Spot 2    -0.01283960     0.01255547    -0.07324100
20MABNDB000317_PR015
Spot 1    -0.01265845    -0.01248710    -0.07326100
Spot 2    -0.01243902    -0.01249127    -0.07326100
Spot 1    -0.01265831    -0.01248717    -0.07326100
Spot 2    -0.01243899    -0.01249119    -0.07326100
Spot 1    -0.01265851    -0.01248719    -0.07326100
Spot 2    -0.01243897    -0.01249117    -0.07326100
Spot 1    -0.01265838    -0.01248715    -0.07326100
Spot 2    -0.01243899    -0.01249119    -0.07326100
Spot 1    -0.01265838    -0.01248716    -0.07326100
Spot 2    -0.01243907    -0.01249115    -0.07326100
Spot 1    -0.01265848    -0.01248717    -0.07326100
Spot 2    -0.01243901    -0.01249119    -0.07326100
Spot 1    -0.01265839    -0.01248724    -0.07326100
Spot 2    -0.01243910    -0.01249119    -0.07326100
20MABNDB000146_PR016
Spot 1    -0.01275565    -0.01246200    -0.07450499
Spot 2    -0.01247978    -0.01245856    -0.07450499
Spot 1    -0.01275563    -0.01246192    -0.07450499
Spot 2    -0.01247982    -0.01245856    -0.07450499
Spot 1    -0.01275568    -0.01246190    -0.07450499
Spot 2    -0.01247989    -0.01245858    -0.07450499
Spot 1    -0.01275554    -0.01246199    -0.07450499
Spot 2    -0.01247986    -0.01245869    -0.07450499
Spot 1    -0.01275558    -0.01246191    -0.07450499
Spot 2    -0.01247993    -0.01245867    -0.07450499
Spot 1    -0.01275557    -0.01246191    -0.07450499
Spot 2    -0.01247979    -0.01245864    -0.07450499
Spot 1    -0.01275559    -0.01246194    -0.07450499
Spot 2    -0.01247984    -0.01245861    -0.07450499


*****************************************************************coordonnees du prisme dans le repere MOUNT********************************************************************************** 
20MABNDA000318_PR004
   -0.00831758     0.03844441     2.74954700
   -0.00832657     0.03844585     2.74954700
   -0.00832218     0.03844494     2.74954700
   -0.00831907     0.03845211     2.74954700
   -0.00832257     0.03845283     2.74954700
   -0.00833079     0.03844877     2.74954700
   -0.00832511     0.03845044     2.74954700
   -0.00832218     0.03844899     2.74954700
20MABNDA000334_PR005
   -0.00416700     0.03129170     2.14977455
   -0.00416956     0.03129598     2.14977455
   -0.00416885     0.03129513     2.14977455
   -0.00417000     0.03129356     2.14977455
   -0.00416800     0.03129297     2.14977455
   -0.00416970     0.03129755     2.14977455
   -0.00416986     0.03129112     2.14977455
20MABNDB000317_PR015
   -0.01766236    -0.03438554     2.75112247
   -0.01766563    -0.03438574     2.75112247
   -0.01766236    -0.03438572     2.75112247
   -0.01766436    -0.03438609     2.75112247
   -0.01766290    -0.03438681     2.75112247
   -0.01766219    -0.03438570     2.75112247
   -0.01766219    -0.03438462     2.75112247
20MABNDB000146_PR016
   -0.01367449    -0.03177480     2.15201283
   -0.01367420    -0.03177594     2.15201283
   -0.01367248    -0.03177594     2.15201283
   -0.01367493    -0.03177308     2.15201283
   -0.01367333    -0.03177451     2.15201283
   -0.01367549    -0.03177495     2.15201283
   -0.01367450    -0.03177495     2.15201283


*****************************************************************coordonnees du prisme dans le repere ATLAS********************************************************************************** 
20MABNDA000318_PR004 0.00000000
    2.61338902    -4.19710159     3.79859185
    2.61338019    -4.19710159     3.79859042
    2.61338449    -4.19710159     3.79859138
    2.61338758    -4.19710159     3.79858422
    2.61338401    -4.19710159     3.79858351
    2.61337590    -4.19710159     3.79858756
    2.61338162    -4.19710159     3.79858589
    2.61338449    -4.19710159     3.79858732
20MABNDA000334_PR005 0.00000000
    2.61683273    -4.19702816     5.89796972
    2.61683011    -4.19702816     5.89796543
    2.61683083    -4.19702816     5.89796591
    2.61682987    -4.19702816     5.89796782
    2.61683178    -4.19702816     5.89796829
    2.61683011    -4.19702816     5.89796352
    2.61682987    -4.19702816     5.89797020
20MABNDB000317_PR015 0.00000000
   -2.59924054    -4.19662189     3.81208205
   -2.59923720    -4.19662189     3.81208181
   -2.59924054    -4.19662189     3.81208181
   -2.59923840    -4.19662189     3.81208158
   -2.59924006    -4.19662189     3.81208086
   -2.59924078    -4.19662189     3.81208181
   -2.59924078    -4.19662189     3.81208301
20MABNDB000146_PR016 0.00000000
   -2.61261535    -4.19702482     5.89857340
   -2.61261559    -4.19702482     5.89857244
   -2.61261725    -4.19702482     5.89857244
   -2.61261487    -4.19702482     5.89857531
   -2.61261654    -4.19702482     5.89857388
   -2.61261439    -4.19702482     5.89857340
   -2.61261535    -4.19702482     5.89857340


*****************************************************************Rapport********************************************************************************** 
CAM-EBA-US-IP_EBA-US-IP        2014.12.02.10.23.24     2.61338341    -4.19710159     3.79858777     0.00000390     0.00000000     0.00000298 0.00000000 VRAI 
CAM-EBA-US-HO_EBA-US-HO        2014.12.02.10.23.24     2.61683076    -4.19702816     5.89796727     0.00000103     0.00000000     0.00000224 0.00000000 VRAI 
CAM-EBA-USA-IP_EBA-USA-IP      2014.12.02.10.23.24    -2.59923976    -4.19662189     3.81208185     0.00000130     0.00000000     0.00000059 0.00000000 VRAI 
CAM-EBA-USA-HO_EBA-USA-HO      2014.12.02.10.23.24    -2.61261562    -4.19702482     5.89857347     0.00000090     0.00000000     0.00000090 0.00000000 VRAI 
