********** Fichier qui contient une sauvegarde des coordonnees images + coordonnees images transformees dans le repere BCAM (MOUNT) + coordonnees des prismes dans le repere MOUNT********** 
********************************************************************** Unite en metres (m)************************************************************************************************** 

*******************************************************************coordonnees images dans le repere CCD *********************************************************************************** 
20MABNDA000196_PR006
Spot 1   0.00200230   0.00073103
Spot 2   0.00163152   0.00072726
Spot 1   0.00200225   0.00073112
Spot 2   0.00163164   0.00072732
Spot 1   0.00200231   0.00073109
Spot 2   0.00163144   0.00072731
Spot 1   0.00200215   0.00073134
Spot 2   0.00163164   0.00072740
Spot 1   0.00200213   0.00073142
Spot 2   0.00163155   0.00072741
Spot 1   0.00200215   0.00073131
Spot 2   0.00163156   0.00072734
Spot 1   0.00200207   0.00073124
Spot 2   0.00163149   0.00072742
Spot 1   0.00200208   0.00073122
Spot 2   0.00163159   0.00072742
Spot 1   0.00200216   0.00073116
Spot 2   0.00163157   0.00072749
Spot 1   0.00200220   0.00073125
Spot 2   0.00163146   0.00072745
Spot 1   0.00200201   0.00073139
Spot 2   0.00163147   0.00072747
20MABNDA000324_PR007
Spot 1   0.00194925   0.00122085
Spot 2   0.00174120   0.00122627
Spot 1   0.00194918   0.00122089
Spot 2   0.00174139   0.00122651
Spot 1   0.00194918   0.00122082
Spot 2   0.00174156   0.00122641
Spot 1   0.00194935   0.00122098
Spot 2   0.00174139   0.00122646
Spot 1   0.00194928   0.00122083
Spot 2   0.00174144   0.00122648
Spot 1   0.00194912   0.00122103
Spot 2   0.00174124   0.00122649
Spot 1   0.00194917   0.00122098
Spot 2   0.00174122   0.00122652
Spot 1   0.00194927   0.00122073
Spot 2   0.00174141   0.00122661
Spot 1   0.00194911   0.00122089
Spot 2   0.00174144   0.00122667
Spot 1   0.00194909   0.00122088
Spot 2   0.00174144   0.00122655
Spot 1   0.00194914   0.00122097
Spot 2   0.00174151   0.00122663
20MABNDB000001_PR017
Spot 1   0.00188492   0.00051841
Spot 2   0.00225484   0.00052694
Spot 1   0.00188492   0.00051840
Spot 2   0.00225492   0.00052698
Spot 1   0.00188500   0.00051849
Spot 2   0.00225488   0.00052709
Spot 1   0.00188499   0.00051832
Spot 2   0.00225484   0.00052689
Spot 1   0.00188507   0.00051840
Spot 2   0.00225492   0.00052688
Spot 1   0.00188504   0.00051840
Spot 2   0.00225488   0.00052713
Spot 1   0.00188503   0.00051835
Spot 2   0.00225492   0.00052693
Spot 1   0.00188489   0.00051840
Spot 2   0.00225488   0.00052698
Spot 1   0.00188501   0.00051840
Spot 2   0.00225484   0.00052708
Spot 1   0.00188484   0.00051837
Spot 2   0.00225492   0.00052707
Spot 1   0.00188500   0.00051834
Spot 2   0.00225496   0.00052697
20MABNDB000260_PR019
Spot 1   0.00191994   0.00146848
Spot 2   0.00212429   0.00146821
Spot 1   0.00192002   0.00146856
Spot 2   0.00212426   0.00146833
Spot 1   0.00192005   0.00146863
Spot 2   0.00212429   0.00146821
Spot 1   0.00192002   0.00146850
Spot 2   0.00212447   0.00146789
Spot 1   0.00192007   0.00146869
Spot 2   0.00212417   0.00146833
Spot 1   0.00192006   0.00146867
Spot 2   0.00212385   0.00146808
Spot 1   0.00192011   0.00146858
Spot 2   0.00212446   0.00146797
Spot 1   0.00192021   0.00146867
Spot 2   0.00212419   0.00146824
Spot 1   0.00192002   0.00146863
Spot 2   0.00212443   0.00146871
Spot 1   0.00192014   0.00146856
Spot 2   0.00212417   0.00146861
Spot 1   0.00192002   0.00146867
Spot 2   0.00212417   0.00146833


****************************************************************coordonnees images transformees dans le repere MOUNT************************************************************************* 
20MABNDA000196_PR006
Spot 1  -0.01295703   0.01324740  -0.07967100
Spot 2  -0.01258623   0.01324641  -0.07967100
Spot 1  -0.01295698   0.01324731  -0.07967100
Spot 2  -0.01258635   0.01324635  -0.07967100
Spot 1  -0.01295704   0.01324734  -0.07967100
Spot 2  -0.01258615   0.01324636  -0.07967100
Spot 1  -0.01295688   0.01324709  -0.07967100
Spot 2  -0.01258635   0.01324627  -0.07967100
Spot 1  -0.01295686   0.01324701  -0.07967100
Spot 2  -0.01258626   0.01324626  -0.07967100
Spot 1  -0.01295688   0.01324712  -0.07967100
Spot 2  -0.01258627   0.01324633  -0.07967100
Spot 1  -0.01295680   0.01324719  -0.07967100
Spot 2  -0.01258620   0.01324625  -0.07967100
Spot 1  -0.01295681   0.01324721  -0.07967100
Spot 2  -0.01258630   0.01324625  -0.07967100
Spot 1  -0.01295689   0.01324727  -0.07967100
Spot 2  -0.01258628   0.01324618  -0.07967100
Spot 1  -0.01295693   0.01324718  -0.07967100
Spot 2  -0.01258617   0.01324622  -0.07967100
Spot 1  -0.01295674   0.01324704  -0.07967100
Spot 2  -0.01258618   0.01324620  -0.07967100
20MABNDA000324_PR007
Spot 1  -0.01255490   0.01280071  -0.07446800
Spot 2  -0.01234681   0.01279692  -0.07446800
Spot 1  -0.01255482   0.01280067  -0.07446800
Spot 2  -0.01234700   0.01279668  -0.07446800
Spot 1  -0.01255483   0.01280074  -0.07446800
Spot 2  -0.01234717   0.01279677  -0.07446800
Spot 1  -0.01255499   0.01280058  -0.07446800
Spot 2  -0.01234700   0.01279673  -0.07446800
Spot 1  -0.01255492   0.01280073  -0.07446800
Spot 2  -0.01234705   0.01279671  -0.07446800
Spot 1  -0.01255476   0.01280053  -0.07446800
Spot 2  -0.01234685   0.01279670  -0.07446800
Spot 1  -0.01255481   0.01280058  -0.07446800
Spot 2  -0.01234683   0.01279667  -0.07446800
Spot 1  -0.01255492   0.01280083  -0.07446800
Spot 2  -0.01234702   0.01279658  -0.07446800
Spot 1  -0.01255475   0.01280067  -0.07446800
Spot 2  -0.01234705   0.01279652  -0.07446800
Spot 1  -0.01255473   0.01280068  -0.07446800
Spot 2  -0.01234705   0.01279663  -0.07446800
Spot 1  -0.01255478   0.01280059  -0.07446800
Spot 2  -0.01234712   0.01279655  -0.07446800
20MABNDB000001_PR017
Spot 1  -0.01230260  -0.01347110  -0.07418400
Spot 2  -0.01193261  -0.01346648  -0.07418400
Spot 1  -0.01230260  -0.01347111  -0.07418400
Spot 2  -0.01193253  -0.01346644  -0.07418400
Spot 1  -0.01230252  -0.01347102  -0.07418400
Spot 2  -0.01193257  -0.01346633  -0.07418400
Spot 1  -0.01230253  -0.01347119  -0.07418400
Spot 2  -0.01193261  -0.01346653  -0.07418400
Spot 1  -0.01230245  -0.01347111  -0.07418400
Spot 2  -0.01193253  -0.01346654  -0.07418400
Spot 1  -0.01230248  -0.01347111  -0.07418400
Spot 2  -0.01193257  -0.01346629  -0.07418400
Spot 1  -0.01230249  -0.01347116  -0.07418400
Spot 2  -0.01193253  -0.01346649  -0.07418400
Spot 1  -0.01230263  -0.01347111  -0.07418400
Spot 2  -0.01193257  -0.01346644  -0.07418400
Spot 1  -0.01230251  -0.01347111  -0.07418400
Spot 2  -0.01193261  -0.01346634  -0.07418400
Spot 1  -0.01230268  -0.01347114  -0.07418400
Spot 2  -0.01193253  -0.01346635  -0.07418400
Spot 1  -0.01230252  -0.01347117  -0.07418400
Spot 2  -0.01193249  -0.01346646  -0.07418400
20MABNDB000260_PR019
Spot 1  -0.01241070  -0.01243411  -0.07492700
Spot 2  -0.01220638  -0.01243019  -0.07492700
Spot 1  -0.01241062  -0.01243403  -0.07492700
Spot 2  -0.01220642  -0.01243007  -0.07492700
Spot 1  -0.01241059  -0.01243396  -0.07492700
Spot 2  -0.01220638  -0.01243019  -0.07492700
Spot 1  -0.01241062  -0.01243409  -0.07492700
Spot 2  -0.01220620  -0.01243051  -0.07492700
Spot 1  -0.01241057  -0.01243390  -0.07492700
Spot 2  -0.01220651  -0.01243007  -0.07492700
Spot 1  -0.01241058  -0.01243392  -0.07492700
Spot 2  -0.01220682  -0.01243033  -0.07492700
Spot 1  -0.01241053  -0.01243401  -0.07492700
Spot 2  -0.01220621  -0.01243043  -0.07492700
Spot 1  -0.01241043  -0.01243391  -0.07492700
Spot 2  -0.01220649  -0.01243016  -0.07492700
Spot 1  -0.01241062  -0.01243396  -0.07492700
Spot 2  -0.01220626  -0.01242969  -0.07492700
Spot 1  -0.01241050  -0.01243403  -0.07492700
Spot 2  -0.01220651  -0.01242979  -0.07492700
Spot 1  -0.01241062  -0.01243392  -0.07492700
Spot 2  -0.01220651  -0.01243007  -0.07492700


*****************************************************************coordonnees du prisme dans le repere MOUNT********************************************************************************** 
20MABNDA000196_PR006
 -0.01009916   0.00995173   1.64206362
 -0.01009836   0.00995336   1.64206362
 -0.01009990   0.00995294   1.64206362
 -0.01009942   0.00995665   1.64206362
 -0.01010061   0.00995765   1.64206362
 -0.01010031   0.00995568   1.64206362
 -0.01010194   0.00995581   1.64206362
 -0.01010074   0.00995558   1.64206362
 -0.01010008   0.00995568   1.64206362
 -0.01010085   0.00995624   1.64206362
 -0.01010279   0.00995801   1.64206362
20MABNDA000324_PR007
 -0.02525114   0.02818951   2.95549035
 -0.02524883   0.02819504   2.95549035
 -0.02524544   0.02819171   2.95549035
 -0.02524547   0.02819587   2.95549035
 -0.02524586   0.02819328   2.95549035
 -0.02525297   0.02819735   2.95549035
 -0.02525236   0.02819698   2.95549035
 -0.02524665   0.02819389   2.95549035
 -0.02524925   0.02819818   2.95549035
 -0.02524962   0.02819563   2.95549035
 -0.02524727   0.02819898   2.95549035
20MABNDB000001_PR017
 -0.02413025  -0.00457454   1.64036977
 -0.02413112  -0.00457485   1.64036977
 -0.02413157  -0.00457704   1.64036977
 -0.02413099  -0.00457300   1.64036977
 -0.02413274  -0.00457374   1.64036977
 -0.02413201  -0.00457649   1.64036977
 -0.02413232  -0.00457375   1.64036977
 -0.02413035  -0.00457487   1.64036977
 -0.02413124  -0.00457595   1.64036977
 -0.02413025  -0.00457552   1.64036977
 -0.02413243  -0.00457408   1.64036977
20MABNDB000260_PR019
 -0.02430554  -0.03699964   2.95628643
 -0.02430643  -0.03700358   2.95628619
 -0.02430764  -0.03700263   2.95628619
 -0.02431076  -0.03699383   2.95628643
 -0.02430559  -0.03700613   2.95628619
 -0.02429919  -0.03700067   2.95628643
 -0.02431228  -0.03699702   2.95628619
 -0.02430878  -0.03700404   2.95628619
 -0.02430959  -0.03701254   2.95628619
 -0.02430691  -0.03700911   2.95628619
 -0.02430460  -0.03700573   2.95628619


*****************************************************************coordonnees du prisme dans le repere ATLAS********************************************************************************** 
20MABNDA000196_PR006 0.00000000
  2.58455920  -4.19496536   6.54790449
  2.58455849  -4.19496536   6.54790592
  2.58455992  -4.19496536   6.54790545
  2.58455944  -4.19496536   6.54790926
  2.58456063  -4.19496536   6.54791021
  2.58456039  -4.19496536   6.54790831
  2.58456206  -4.19496536   6.54790831
  2.58456087  -4.19496536   6.54790831
  2.58456016  -4.19496536   6.54790831
  2.58456087  -4.19496536   6.54790878
  2.58456278  -4.19496536   6.54791069
20MABNDA000324_PR007 0.00000000
  2.59406662  -4.13996792   6.94772339
  2.59406877  -4.13996792   6.94771767
  2.59407234  -4.13996792   6.94772100
  2.59407210  -4.13996792   6.94771719
  2.59407187  -4.13996792   6.94771957
  2.59406471  -4.13996792   6.94771576
  2.59406543  -4.13996792   6.94771576
  2.59407115  -4.13996792   6.94771910
  2.59406853  -4.13996792   6.94771481
  2.59406805  -4.13996792   6.94771719
  2.59407043  -4.13996792   6.94771385
20MABNDB000001_PR017 0.00000000
 -2.59783554  -4.19504261   6.53989601
 -2.59783649  -4.19504261   6.53989649
 -2.59783697  -4.19504261   6.53989887
 -2.59783626  -4.19504261   6.53989458
 -2.59783792  -4.19504261   6.53989553
 -2.59783721  -4.19504261   6.53989792
 -2.59783769  -4.19504261   6.53989553
 -2.59783554  -4.19504261   6.53989649
 -2.59783649  -4.19504261   6.53989744
 -2.59783554  -4.19504261   6.53989697
 -2.59783769  -4.19504261   6.53989553
20MABNDB000260_PR019 0.00000000
 -2.60444999  -4.13994884   6.94364595
 -2.60444903  -4.13994932   6.94364166
 -2.60444784  -4.13994932   6.94364262
 -2.60444474  -4.13994884   6.94365168
 -2.60444999  -4.13994932   6.94363928
 -2.60445619  -4.13994884   6.94364452
 -2.60444331  -4.13994932   6.94364834
 -2.60444665  -4.13994932   6.94364119
 -2.60444593  -4.13994932   6.94363308
 -2.60444856  -4.13994932   6.94363642
 -2.60445094  -4.13994932   6.94363976


*****************************************************************Rapport********************************************************************************** 
CAM-JDA-US-IP_JDA-US-IP     2014.09.03.16.46.46   2.58456044  -4.19496536   6.54790800   0.00000118   0.00000000   0.00000186 0.00000000 VRAI 
CAM-JDA-US-HO_JDA-US-HO     2014.09.03.16.46.46   2.59406909  -4.13996792   6.94771775   0.00000259   0.00000000   0.00000270 0.00000000 VRAI 
CAM-JDA-USA-IP_JDA-USA-IP   2014.09.03.16.46.46  -2.59783667  -4.19504261   6.53989649   0.00000086   0.00000000   0.00000119 0.00000000 VRAI 
CAM-JDA-USA-HO_JDA-USA-HO   2014.09.03.16.46.46  -2.60444847  -4.13994919   6.94364223   0.00000332   0.00000021   0.00000504 0.00000000 VRAI 
